Hour,Day,Month,Year,PM2.5,Mean,AQI,PM10,CO,NO2,O3,SO2,prec,lrad,shum,pres,temp,wind,srad
0,1,1,2018,42.0,42.0,68.0,86.0,1.0,69.0,3.0,3.0,50.0,737.9375,0.0250000010240003,268140.0,275.83519989013666,60.00400799560547,693.375
1,1,1,2018,45.0,43.5,67.0,84.0,1.1,77.0,2.0,6.0,50.0,737.9375,0.0250000010240003,268140.0,275.83519989013666,60.00400799560547,693.375
2,1,1,2018,50.0,45.66666666666666,69.0,87.0,1.0,75.0,2.0,5.0,50.0,737.9375,0.0250000010240003,268140.0,275.83519989013666,60.00400799560547,693.375
3,1,1,2018,40.0,44.25,62.0,74.0,0.9,71.0,2.0,5.0,50.0,739.9375,0.0250000008550006,268172.0,275.8908999633789,60.00603999328613,770.8125
4,1,1,2018,39.0,43.2,57.0,64.0,0.9,68.0,2.0,4.0,50.0,739.9375,0.0250000008550006,268172.0,275.8908999633789,60.00603999328613,770.8125
5,1,1,2018,40.0,42.66666666666666,58.0,66.0,1.0,70.0,2.0,6.0,50.0,739.9375,0.0250000008550006,268172.0,275.8908999633789,60.00603999328613,770.8125
6,1,1,2018,33.0,41.285714285714285,56.0,61.0,1.1,70.0,2.0,7.0,50.0,742.125,0.0250000008460003,267708.0,275.9107998657226,60.00468399810791,762.25
7,1,1,2018,28.0,39.625,53.0,56.0,1.0,67.0,2.0,6.0,50.0,742.125,0.0250000008460003,267708.0,275.9107998657226,60.00468399810791,762.25
8,1,1,2018,24.0,37.888888888888886,48.0,48.0,0.9,64.0,2.0,4.0,50.0,742.125,0.0250000008460003,267708.0,275.9107998657226,60.00468399810791,762.25
9,1,1,2018,25.0,36.6,50.0,50.0,0.9,53.0,8.0,5.0,50.0,743.1875,0.0250000010650008,267928.0,275.8979998779297,60.003483993530274,685.5
10,1,1,2018,20.0,35.09090909090909,51.0,51.0,0.8,48.0,15.0,5.0,50.0,743.1875,0.0250000010650008,267928.0,275.8979998779297,60.003483993530274,685.5
11,1,1,2018,18.0,33.666666666666664,40.0,40.0,0.6,41.0,26.0,3.0,50.0,743.1875,0.0250000010650008,267928.0,275.8979998779297,60.003483993530274,685.5
12,1,1,2018,9.0,31.76923076923077,23.0,23.0,0.4,31.0,40.0,2.0,50.0,741.0,0.0250000013500005,268196.0,275.86529998779287,60.00173999786377,685.0
13,1,1,2018,12.0,30.357142857142858,17.0,14.0,0.3,26.0,47.0,2.0,50.0,741.0,0.0250000013500005,268196.0,275.86529998779287,60.00173999786377,685.0
14,1,1,2018,8.0,28.866666666666667,20.0,20.0,0.4,30.0,46.0,2.0,50.0,741.0,0.0250000013500005,268196.0,275.86529998779287,60.00173999786377,685.0
15,1,1,2018,17.0,28.125,40.0,40.0,0.6,41.0,37.0,2.0,50.0,741.375,0.025000001751,268404.0,275.8607000732422,60.00223199462891,685.0
16,1,1,2018,27.0,28.058823529411764,56.0,61.0,0.8,51.0,28.0,5.0,50.0,741.375,0.025000001751,268404.0,275.8607000732422,60.00223199462891,685.0
17,1,1,2018,42.0,28.83333333333333,70.0,89.0,1.2,66.0,19.0,7.0,50.0,741.375,0.025000001751,268404.0,275.8607000732422,60.00223199462891,685.0
18,1,1,2018,57.0,30.31578947368421,82.0,114.0,1.8,83.0,4.0,14.0,50.0,739.25,0.0250000017269998,268820.0,275.83519989013666,60.00211599731446,685.0
19,1,1,2018,74.0,32.5,104.0,158.0,1.8,87.0,2.0,17.0,50.0,739.25,0.0250000017269998,268820.0,275.83519989013666,60.00211599731446,685.0
20,1,1,2018,81.0,34.80952380952381,112.0,173.0,1.8,92.0,2.0,17.0,50.0,739.25,0.0250000017269998,268820.0,275.83519989013666,60.00211599731446,685.0
21,1,1,2018,62.0,36.04545454545455,98.0,145.0,1.8,81.0,3.0,9.0,50.0,738.0625,0.0250000016649998,268940.0,275.82149993896485,60.00199599456787,685.0
22,1,1,2018,58.0,37.0,84.0,118.0,1.8,76.0,3.0,9.0,50.0,738.0625,0.0250000016649998,268940.0,275.82149993896485,60.00199599456787,685.0
23,1,1,2018,58.0,37.875,101.0,151.0,1.8,78.0,2.0,4.0,50.0,738.0625,0.0250000016649998,268940.0,275.82149993896485,60.00199599456787,685.0
0,2,1,2018,55.5,38.58,89.5,128.0,1.6,72.5,2.0,3.0,50.0,741.8125,0.0250000016660001,269460.0,275.8383999633789,60.003403991699216,695.0
1,2,1,2018,53.0,39.13461538461539,78.0,105.0,1.3,67.0,2.0,2.0,50.0,741.8125,0.0250000016660001,269460.0,275.8383999633789,60.003403991699216,695.0
2,2,1,2018,54.0,39.68518518518518,77.0,103.0,1.4,66.0,2.0,3.0,50.0,741.8125,0.0250000016660001,269460.0,275.8383999633789,60.003403991699216,695.0
3,2,1,2018,49.0,40.017857142857146,68.0,84.0,1.2,66.0,2.0,2.0,50.0,736.75,0.0250000009490009,269596.0,275.880599975586,60.00889599609375,779.3125
4,2,1,2018,52.0,40.43103448275862,71.0,90.0,1.4,64.0,2.0,2.0,50.0,736.75,0.0250000009490009,269596.0,275.880599975586,60.00889599609375,779.3125
5,2,1,2018,51.0,40.78333333333333,72.0,93.0,1.3,59.0,2.0,2.0,50.0,736.75,0.0250000009490009,269596.0,275.880599975586,60.00889599609375,779.3125
6,2,1,2018,53.0,41.15,73.0,91.0,1.6,62.0,2.0,2.0,50.0,751.875,0.0250000009369999,269308.0,275.9022998046874,60.00660399627686,730.375
7,2,1,2018,51.0,41.35,76.0,101.0,1.6,64.0,2.0,2.0,50.0,751.875,0.0250000009369999,269308.0,275.9022998046874,60.00660399627686,730.375
8,2,1,2018,49.0,41.31666666666667,73.0,95.0,1.8,63.0,2.0,3.0,50.0,751.875,0.0250000009369999,269308.0,275.9022998046874,60.00660399627686,730.375
9,2,1,2018,55.0,41.81666666666667,75.0,100.0,1.8,64.0,3.0,5.0,50.0,745.4375,0.0250000008760001,269500.0,275.8963000488281,60.0075119934082,685.5625
10,2,1,2018,54.0,42.31666666666667,78.0,106.0,1.3,64.0,6.0,10.0,50.0,745.4375,0.0250000008760001,269500.0,275.8963000488281,60.0075119934082,685.5625
11,2,1,2018,59.0,42.95,80.0,100.0,1.0,63.0,12.0,15.0,50.0,745.4375,0.0250000008760001,269500.0,275.8963000488281,60.0075119934082,685.5625
12,2,1,2018,51.0,43.55,70.0,64.0,0.5,56.0,19.0,14.0,50.0,744.3125,0.0250000007310006,269596.0,275.8870999145508,60.00452799224853,685.0
13,2,1,2018,31.0,43.65,44.0,40.0,0.1,44.0,29.0,9.0,50.0,744.3125,0.0250000007310006,269596.0,275.8870999145508,60.00452799224853,685.0
14,2,1,2018,29.0,43.81666666666667,41.0,34.0,0.1,43.0,31.0,7.0,50.0,744.3125,0.0250000007310006,269596.0,275.8870999145508,60.00452799224853,685.0
15,2,1,2018,37.0,44.21666666666667,61.0,72.0,0.3,61.0,19.0,8.0,50.0,742.6875,0.0250000006930008,269596.0,275.8694998168945,60.00607599639893,685.0
16,2,1,2018,48.0,45.15,66.0,77.0,0.3,71.0,11.0,8.0,50.0,742.6875,0.0250000006930008,269596.0,275.8694998168945,60.00607599639893,685.0
17,2,1,2018,47.0,46.11666666666667,65.0,74.0,0.2,69.0,12.0,6.0,50.0,742.6875,0.0250000006930008,269596.0,275.8694998168945,60.00607599639893,685.0
18,2,1,2018,19.0,46.45,33.0,33.0,0.1,50.0,27.0,2.0,50.0,741.75,0.0250000007700007,269596.0,275.8560998535156,60.008031997680646,685.0
19,2,1,2018,36.0,47.25,80.0,110.0,0.7,83.0,5.0,5.0,50.0,741.75,0.0250000007700007,269596.0,275.8560998535156,60.008031997680646,685.0
20,2,1,2018,67.0,49.21666666666667,90.0,83.0,0.4,75.0,10.0,6.0,50.0,741.75,0.0250000007700007,269596.0,275.8560998535156,60.008031997680646,685.0
21,2,1,2018,12.0,49.05,27.0,17.0,0.1,53.0,20.0,2.0,50.0,740.375,0.0250000007780008,269596.0,275.83940002441403,60.00456399536133,685.0
22,2,1,2018,8.0,48.41666666666666,27.0,27.0,0.1,31.0,41.0,2.0,50.0,740.375,0.0250000007780008,269596.0,275.83940002441403,60.00456399536133,685.0
23,2,1,2018,3.0,47.11666666666667,27.0,27.0,0.1,28.0,45.0,2.0,50.0,740.375,0.0250000007780008,269596.0,275.83940002441403,60.00456399536133,685.0
0,3,1,2018,5.0,45.38333333333333,29.0,29.0,0.1,27.0,46.0,2.0,50.0,739.0625,0.0250000017450004,269596.0,275.8388000488281,60.00377599334717,692.5
1,3,1,2018,5.0,43.083333333333336,27.0,27.0,0.1,22.0,49.0,2.0,50.0,739.0625,0.0250000017450004,269596.0,275.8388000488281,60.00377599334717,692.5
2,3,1,2018,8.0,40.65,25.0,25.0,0.1,24.0,47.0,2.0,50.0,739.0625,0.0250000017450004,269596.0,275.8388000488281,60.00377599334717,692.5
3,3,1,2018,8.0,38.85,23.0,23.0,0.1,25.0,47.0,2.0,50.0,740.0,0.0250000013760011,269596.0,275.859400024414,60.0070839920044,763.1875
4,3,1,2018,3.0,37.016666666666666,17.0,17.0,0.1,28.0,42.0,2.0,50.0,740.0,0.0250000013760011,269596.0,275.859400024414,60.0070839920044,763.1875
5,3,1,2018,4.0,35.21666666666667,13.0,12.0,0.1,26.0,43.0,2.0,50.0,740.0,0.0250000013760011,269596.0,275.859400024414,60.0070839920044,763.1875
6,3,1,2018,6.0,33.56666666666667,14.0,11.0,0.1,25.0,45.0,2.0,50.0,737.125,0.0250000013140011,269596.0,275.8729000854492,60.00911199188232,770.625
7,3,1,2018,3.0,31.9,16.0,12.0,0.1,21.0,51.0,2.0,50.0,737.125,0.0250000013140011,269596.0,275.8729000854492,60.00911199188232,770.625
8,3,1,2018,4.0,30.23333333333333,20.0,20.0,0.1,36.0,34.0,2.0,50.0,737.125,0.0250000013140011,269596.0,275.8729000854492,60.00911199188232,770.625
9,3,1,2018,9.0,28.9,31.0,31.0,0.1,34.0,38.0,2.0,50.0,741.375,0.0250000014300011,269596.0,275.87419982910154,60.0052919921875,685.5
10,3,1,2018,5.0,27.33333333333333,40.0,40.0,0.1,25.0,48.0,2.0,50.0,741.375,0.0250000014300011,269596.0,275.87419982910154,60.0052919921875,685.5
11,3,1,2018,6.0,25.83333333333333,49.0,49.0,0.1,14.0,60.0,3.0,50.0,741.375,0.0250000014300011,269596.0,275.87419982910154,60.0052919921875,685.5
12,3,1,2018,6.0,24.266666666666666,33.0,33.0,0.1,14.0,62.0,3.0,50.0,739.25,0.0250000007809996,269596.0,275.86509979248046,60.001991996765135,685.0
13,3,1,2018,7.0,22.8,19.0,17.0,0.1,17.0,60.0,2.0,50.0,739.25,0.0250000007809996,269596.0,275.86509979248046,60.001991996765135,685.0
14,3,1,2018,9.0,21.466666666666665,19.0,19.0,0.1,18.0,59.0,2.0,50.0,739.25,0.0250000007809996,269596.0,275.86509979248046,60.001991996765135,685.0
15,3,1,2018,6.0,19.83333333333333,25.0,25.0,0.1,20.0,57.0,2.0,50.0,738.8125,0.0250000007490012,269596.0,275.86079986572264,60.00911199188232,685.0
16,3,1,2018,3.0,18.133333333333333,25.0,25.0,0.1,22.0,56.0,2.0,50.0,738.8125,0.0250000007490012,269596.0,275.86079986572264,60.00911199188232,685.0
17,3,1,2018,11.0,16.533333333333335,28.0,28.0,0.1,42.0,37.0,2.0,50.0,738.8125,0.0250000007490012,269596.0,275.86079986572264,60.00911199188232,685.0
18,3,1,2018,26.0,15.7,61.0,71.0,0.1,70.0,15.0,2.0,50.0,736.6875,0.0250000005959998,269596.0,275.83899993896483,60.0045119934082,685.0
19,3,1,2018,43.0,16.1,71.0,91.0,0.3,83.0,4.0,5.0,50.0,736.6875,0.0250000005959998,269596.0,275.83899993896483,60.0045119934082,685.0
20,3,1,2018,54.0,16.933333333333334,74.0,91.0,0.3,79.0,5.0,6.0,50.0,736.6875,0.0250000005959998,269596.0,275.83899993896483,60.0045119934082,685.0
21,3,1,2018,32.5,16.783333333333335,49.0,56.5,0.2,63.0,14.5,4.0,50.0,736.125,0.0250000006870012,269596.0,275.8288000488281,60.007603996276856,685.0
22,3,1,2018,11.0,15.55,24.0,22.0,0.1,47.0,24.0,2.0,50.0,736.125,0.0250000006870012,269596.0,275.8288000488281,60.007603996276856,685.0
23,3,1,2018,17.0,14.55,28.0,28.0,0.1,50.0,18.0,3.0,50.0,736.125,0.0250000006870012,269596.0,275.8288000488281,60.007603996276856,685.0
0,4,1,2018,14.0,14.383333333333333,39.0,39.0,0.1,48.0,19.0,4.0,50.0,751.0625,0.0250000007850006,269596.0,275.8235998535156,60.002187995910646,688.125
1,4,1,2018,20.0,13.85,46.0,46.0,0.1,66.0,4.0,4.0,50.0,751.0625,0.0250000007850006,269596.0,275.8235998535156,60.002187995910646,688.125
2,4,1,2018,20.0,12.283333333333331,44.5,44.5,0.25,64.0,4.5,4.5,50.0,751.0625,0.0250000007850006,269596.0,275.8235998535156,60.002187995910646,688.125
3,4,1,2018,20.0,12.55,43.0,43.0,0.4,62.0,5.0,5.0,50.00011875152588,752.4375,0.0250000007320009,269516.0,275.84350006103506,60.0064759979248,711.375
4,4,1,2018,11.0,12.65,25.0,25.0,0.4,48.0,11.333333333333332,4.0,50.00011875152588,752.4375,0.0250000007320009,269516.0,275.84350006103506,60.0064759979248,711.375
5,4,1,2018,11.0,12.916666666666666,27.0,27.0,0.4,45.5,17.666666666666664,4.0,50.00011875152588,752.4375,0.0250000007320009,269516.0,275.84350006103506,60.0064759979248,711.375
6,4,1,2018,11.0,13.116666666666667,29.0,29.0,0.4,43.0,24.0,4.0,50.0,753.9375,0.0250000007189996,268952.0,275.85619995117185,60.00458399200439,708.8125
7,4,1,2018,12.0,13.35,29.0,29.0,0.4,41.0,27.0,4.0,50.0,753.9375,0.0250000007189996,268952.0,275.85619995117185,60.00458399200439,708.8125
8,4,1,2018,6.0,13.283333333333331,25.0,22.0,0.4,50.0,18.0,4.0,50.0,753.9375,0.0250000007189996,268952.0,275.85619995117185,60.00458399200439,708.8125
9,4,1,2018,10.0,13.35,29.0,29.0,0.5,52.0,17.0,5.0,50.0,754.125,0.0250000007339995,268752.0,275.85449981689453,60.00197999572754,685.5625
10,4,1,2018,14.0,13.716666666666669,31.0,31.0,0.5,48.0,21.0,6.0,50.0,754.125,0.0250000007339995,268752.0,275.85449981689453,60.00197999572754,685.5625
11,4,1,2018,17.0,14.15,32.0,32.0,0.5,46.0,23.0,6.0,50.0,754.125,0.0250000007339995,268752.0,275.85449981689453,60.00197999572754,685.5625
12,4,1,2018,13.5,14.4,22.0,12.0,0.6,43.0,28.0,8.5,50.0,753.0,0.0250000008530002,268600.0,275.84269989013666,60.00331999206543,685.0
13,4,1,2018,10.0,14.633333333333333,19.0,14.6,0.5,38.0,33.0,11.0,50.0,753.0,0.0250000008530002,268600.0,275.84269989013666,60.00331999206543,685.0
14,4,1,2018,14.0,14.966666666666669,20.0,17.2,0.5,36.0,34.0,9.0,50.0,753.0,0.0250000008530002,268600.0,275.84269989013666,60.00331999206543,685.0
15,4,1,2018,17.0,15.233333333333333,24.0,19.8,0.4,36.0,35.0,8.0,50.0,752.25,0.0250000009240005,268592.0,275.835,60.00347999572754,685.0
16,4,1,2018,16.0,15.6,23.0,22.4,0.4,38.0,35.0,6.0,50.0,752.25,0.0250000009240005,268592.0,275.835,60.00347999572754,685.0
17,4,1,2018,16.0,15.933333333333334,27.0,25.0,0.5,53.0,20.0,5.0,50.0,752.25,0.0250000009240005,268592.0,275.835,60.00347999572754,685.0
18,4,1,2018,21.0,16.433333333333334,34.0,32.0,0.6,68.0,5.0,5.0,50.0,751.1875,0.0250000009669996,268220.0,275.82389984130856,60.00167599487305,685.0
19,4,1,2018,22.0,16.933333333333334,40.0,40.0,0.6,70.0,3.0,5.0,50.0,751.1875,0.0250000009669996,268220.0,275.82389984130856,60.00167599487305,685.0
20,4,1,2018,23.0,17.4,51.0,51.0,0.7,71.0,3.0,6.0,50.0,751.1875,0.0250000009669996,268220.0,275.82389984130856,60.00167599487305,685.0
21,4,1,2018,34.0,18.33333333333333,58.0,65.0,0.8,73.0,3.0,7.0,50.0,748.8125,0.0250000009870007,268060.0,275.79919982910155,60.0012919921875,685.0
22,4,1,2018,40.0,19.566666666666663,61.0,71.0,0.9,69.0,3.0,11.0,50.0,748.8125,0.0250000009870007,268060.0,275.79919982910155,60.0012919921875,685.0
23,4,1,2018,46.0,20.73333333333333,65.0,80.0,1.1,70.0,3.0,15.0,50.0,748.8125,0.0250000009870007,268060.0,275.79919982910155,60.0012919921875,685.0
0,5,1,2018,53.0,21.633333333333333,73.0,88.0,1.2,73.0,3.0,12.0,50.0,735.3125,0.0250000012870002,268036.0,275.8082000732422,60.00203199768068,694.4375
1,5,1,2018,48.0,21.8,66.0,82.0,1.2,71.0,2.0,10.0,50.0,735.3125,0.0250000012870002,268036.0,275.8082000732422,60.00203199768068,694.4375
2,5,1,2018,33.0,21.1,51.0,51.0,1.1,60.0,2.0,7.0,50.0,735.3125,0.0250000012870002,268036.0,275.8082000732422,60.00203199768068,694.4375
3,5,1,2018,32.0,21.08333333333333,51.0,51.0,1.2,60.0,2.0,6.0,50.0,737.6875,0.0250000008669998,268112.0,275.8764999389648,60.00522399139404,775.375
4,5,1,2018,28.0,21.65,40.0,40.0,1.1,55.0,2.0,4.0,50.0,737.6875,0.0250000008669998,268112.0,275.8764999389648,60.00522399139404,775.375
5,5,1,2018,26.0,21.95,37.0,37.0,1.0,52.0,2.0,4.0,50.0,737.6875,0.0250000008669998,268112.0,275.8764999389648,60.00522399139404,775.375
6,5,1,2018,23.0,22.25,33.0,32.0,0.9,53.0,2.0,4.0,50.0,741.3125,0.0250000013469997,267532.0,275.9032998657226,60.006315994262685,766.5
7,5,1,2018,26.0,22.45,39.0,39.0,1.1,53.0,2.0,4.0,50.0,741.3125,0.0250000013469997,267532.0,275.9032998657226,60.006315994262685,766.5
8,5,1,2018,29.0,22.75,47.0,47.0,1.3,57.0,3.0,4.0,50.0,741.3125,0.0250000013469997,267532.0,275.9032998657226,60.006315994262685,766.5
9,5,1,2018,36.0,23.28333333333333,61.0,72.0,1.4,64.0,4.0,6.0,50.0,742.1875,0.0250000014290008,267672.0,275.89119995117187,60.00361999511719,685.5625
10,5,1,2018,36.0,24.116666666666667,60.0,69.0,1.1,56.0,11.0,7.0,50.0,742.1875,0.0250000014290008,267672.0,275.89119995117187,60.00361999511719,685.5625
11,5,1,2018,29.0,24.716666666666665,49.0,49.0,0.9,50.0,20.0,10.0,50.0,742.1875,0.0250000014290008,267672.0,275.89119995117187,60.00361999511719,685.5625
12,5,1,2018,28.0,25.28333333333333,40.0,40.0,0.7,45.0,30.0,10.0,50.0,737.4375,0.0250000009449999,267988.0,275.8448999023437,60.000103996276856,685.0
13,5,1,2018,29.0,25.85,41.0,31.0,0.6,41.0,36.0,7.0,50.0,737.4375,0.0250000009449999,267988.0,275.8448999023437,60.000103996276856,685.0
14,5,1,2018,28.0,26.58333333333333,40.0,33.0,0.5,41.0,38.0,5.0,50.0,737.4375,0.0250000009449999,267988.0,275.8448999023437,60.000103996276856,685.0
15,5,1,2018,29.0,27.216666666666665,41.0,33.0,0.5,37.0,44.0,4.0,50.0,736.5,0.025000001112001,268132.0,275.82809997558587,60.00443999481201,685.0
16,5,1,2018,36.0,27.95,51.0,39.0,0.5,43.0,43.0,4.0,50.0,736.5,0.025000001112001,268132.0,275.82809997558587,60.00443999481201,685.0
17,5,1,2018,42.0,28.78333333333333,59.0,50.0,0.6,63.0,25.0,5.0,50.0,736.5,0.025000001112001,268132.0,275.82809997558587,60.00443999481201,685.0
18,5,1,2018,63.0,30.433333333333334,85.0,81.0,1.8,84.0,9.0,8.0,50.0,736.9375,0.0250000008349996,268244.0,275.84149993896483,60.006403991699216,685.0
19,5,1,2018,111.0,33.8,145.0,136.0,1.7,102.0,2.0,14.0,50.0,736.9375,0.0250000008349996,268244.0,275.84149993896483,60.006403991699216,685.0
20,5,1,2018,151.0,38.36666666666667,201.0,180.0,1.8,103.0,2.0,16.0,50.0,736.9375,0.0250000008349996,268244.0,275.84149993896483,60.006403991699216,685.0
21,5,1,2018,155.0,42.96666666666667,205.0,191.0,1.8,103.0,2.0,14.0,50.0,737.0625,0.0250000014610011,268228.0,275.82690002441404,60.00197199249268,685.0
22,5,1,2018,131.0,46.8,173.0,174.0,1.8,102.0,2.0,9.0,50.0,737.0625,0.0250000014610011,268228.0,275.82690002441404,60.00197199249268,685.0
23,5,1,2018,88.0,49.2,116.0,127.0,1.5,90.0,2.0,6.0,50.0,737.0625,0.0250000014610011,268228.0,275.82690002441404,60.00197199249268,685.0
0,6,1,2018,77.0,51.06666666666667,103.0,121.0,1.5,86.0,2.0,6.0,50.0,734.3125,0.0250000006520003,268452.0,275.81709991455074,60.002943992614746,696.25
1,6,1,2018,63.0,52.43333333333333,85.0,102.0,1.1,81.0,2.0,6.0,50.0,734.3125,0.0250000006520003,268452.0,275.81709991455074,60.002943992614746,696.25
2,6,1,2018,31.0,52.7,50.0,50.0,0.9,77.0,2.0,9.0,50.0,734.3125,0.0250000006520003,268452.0,275.81709991455074,60.002943992614746,696.25
3,6,1,2018,36.0,52.766666666666666,52.0,54.0,1.0,74.0,2.0,8.0,50.0,736.5,0.0250000006189998,268372.0,275.8729000854492,60.00488399505616,778.125
4,6,1,2018,37.0,52.66666666666666,53.0,51.0,0.9,72.0,3.5,7.0,50.0,736.5,0.0250000006189998,268372.0,275.8729000854492,60.00488399505616,778.125
5,6,1,2018,28.0,52.06666666666667,40.0,37.0,0.9,54.0,5.0,5.0,50.0,736.5,0.0250000006189998,268372.0,275.8729000854492,60.00488399505616,778.125
6,6,1,2018,25.0,51.13333333333333,39.0,39.0,0.9,62.0,3.0,7.0,50.0,740.6875,0.0250000012290012,267704.0,275.9007000732421,60.00393599700928,767.9375
7,6,1,2018,22.0,50.266666666666666,39.0,39.0,1.0,72.0,2.0,7.0,50.0,740.6875,0.0250000012290012,267704.0,275.9007000732421,60.00393599700928,767.9375
8,6,1,2018,22.0,49.9,43.0,43.0,0.9,74.0,3.0,7.0,50.0,740.6875,0.0250000012290012,267704.0,275.9007000732421,60.00393599700928,767.9375
9,6,1,2018,16.0,49.36666666666667,40.0,40.0,0.7,64.0,13.0,8.0,50.0,741.625,0.0250000013900008,267736.0,275.8883999633789,60.00185999298096,685.5625
10,6,1,2018,14.0,48.9,35.0,35.0,0.6,55.0,23.0,9.0,50.0,741.625,0.0250000013900008,267736.0,275.8883999633789,60.00185999298096,685.5625
11,6,1,2018,14.0,48.5,27.0,27.0,0.5,40.0,37.0,9.0,50.0,741.625,0.0250000013900008,267736.0,275.8883999633789,60.00185999298096,685.5625
12,6,1,2018,15.0,48.23333333333333,27.0,27.0,0.4,41.0,38.0,8.0,50.0,740.75,0.0250000014230012,267696.0,275.87739990234365,60.00227199554443,685.0
13,6,1,2018,17.0,47.93333333333333,24.0,25.66666666666667,0.4,38.0,45.0,5.0,50.0,740.75,0.0250000014230012,267696.0,275.87739990234365,60.00227199554443,685.0
14,6,1,2018,18.0,47.56666666666667,26.0,24.33333333333333,0.4,36.0,50.0,4.0,50.0,740.75,0.0250000014230012,267696.0,275.87739990234365,60.00227199554443,685.0
15,6,1,2018,19.0,47.0,27.0,23.0,0.4,41.0,47.0,4.0,50.00008749961853,740.3125,0.025000001794001,267612.0,275.86380004882807,60.00240799713135,685.0
16,6,1,2018,19.0,46.43333333333333,27.0,22.0,0.4,52.0,37.0,3.0,50.00008749961853,740.3125,0.025000001794001,267612.0,275.86380004882807,60.00240799713135,685.0
17,6,1,2018,21.0,46.16666666666666,33.0,32.0,0.5,65.0,24.0,3.0,50.00008749961853,740.3125,0.025000001794001,267612.0,275.86380004882807,60.00240799713135,685.0
18,6,1,2018,24.0,46.03333333333333,53.0,55.0,0.6,88.0,6.0,4.0,50.0,740.4375,0.0250000017109997,267348.0,275.8664999389648,60.00219999694824,685.0
19,6,1,2018,25.0,45.9,53.0,55.0,0.7,87.0,4.0,3.0,50.0,740.4375,0.0250000017109997,267348.0,275.8664999389648,60.00219999694824,685.0
20,6,1,2018,31.0,46.0,55.0,59.0,0.8,85.0,4.0,4.0,50.0,740.4375,0.0250000017109997,267348.0,275.8664999389648,60.00219999694824,685.0
21,6,1,2018,50.0,46.7,69.0,83.0,1.1,91.0,3.0,7.0,50.0,739.375,0.0250000014910008,267100.0,275.8588998413086,60.00039199066162,685.0
22,6,1,2018,54.0,47.3,75.0,100.0,1.4,92.0,3.0,9.0,50.0,739.375,0.0250000014910008,267100.0,275.8588998413086,60.00039199066162,685.0
23,6,1,2018,57.0,47.8,78.0,104.0,1.6,95.0,3.0,10.0,50.0,739.375,0.0250000014910008,267100.0,275.8588998413086,60.00039199066162,685.0
0,7,1,2018,82.0,48.43333333333333,109.0,113.0,1.6,92.0,3.0,16.0,50.0,754.4375,0.0250000017830003,267028.0,275.85509979248053,60.000103996276856,688.3125
1,7,1,2018,90.0,47.73333333333333,119.0,124.0,1.8,92.0,2.0,15.0,50.0,754.4375,0.0250000017830003,267028.0,275.85509979248053,60.000103996276856,688.3125
2,7,1,2018,75.0,45.2,100.0,106.0,1.5,91.0,2.0,13.0,50.0,754.4375,0.0250000017830003,267028.0,275.85509979248053,60.000103996276856,688.3125
3,7,1,2018,97.0,43.266666666666666,128.0,123.0,1.7,97.0,3.0,16.0,50.0,757.6875,0.0250000011710003,266976.0,275.89419982910147,60.00325199127197,712.25
4,7,1,2018,90.0,41.9,119.0,130.0,1.7,91.0,2.0,13.0,50.0,757.6875,0.0250000011710003,266976.0,275.89419982910147,60.00325199127197,712.25
5,7,1,2018,67.0,41.2,90.0,125.0,1.7,87.0,2.0,12.0,50.0,757.6875,0.0250000011710003,266976.0,275.89419982910147,60.00325199127197,712.25
6,7,1,2018,74.0,41.1,99.0,114.0,1.6,92.0,2.0,12.0,50.0,759.4375,0.0250000018279999,266492.0,275.9070999145508,60.00441199493408,710.0625
7,7,1,2018,61.0,41.03333333333333,83.0,94.0,1.3,87.0,2.0,10.0,50.0,759.4375,0.0250000018279999,266492.0,275.9070999145508,60.00441199493408,710.0625
8,7,1,2018,55.0,41.833333333333336,75.0,95.0,1.7,90.0,2.0,9.0,50.0,759.4375,0.0250000018279999,266492.0,275.9070999145508,60.00441199493408,710.0625
9,7,1,2018,49.0,42.266666666666666,75.0,100.0,1.5,80.0,2.0,8.0,50.0,758.9375,0.025000001681,266604.0,275.89869995117186,60.004139991760255,685.5625
10,7,1,2018,37.0,42.266666666666666,59.0,67.0,1.0,68.0,7.0,9.0,50.0,758.9375,0.025000001681,266604.0,275.89869995117186,60.004139991760255,685.5625
11,7,1,2018,37.0,42.56666666666667,53.0,49.0,0.8,58.0,16.0,9.0,50.0,758.9375,0.025000001681,266604.0,275.89869995117186,60.004139991760255,685.5625
12,7,1,2018,40.0,43.06666666666667,56.0,41.0,0.6,54.0,25.0,9.0,50.0,757.1875,0.0250000017480012,266748.0,275.8819998168945,60.00577599334717,685.0
13,7,1,2018,48.0,43.93333333333333,66.0,52.0,0.9,72.0,16.0,12.0,50.0,757.1875,0.0250000017480012,266748.0,275.8819998168945,60.00577599334717,685.0
14,7,1,2018,57.0,45.1,78.0,74.0,0.9,71.0,23.0,12.0,50.0,757.1875,0.0250000017480012,266748.0,275.8819998168945,60.00577599334717,685.0
15,7,1,2018,52.0,46.3,71.0,60.0,0.8,54.0,37.0,12.0,50.0,755.4375,0.0250000011190008,266828.0,275.8691000366211,60.00611599731445,685.0
16,7,1,2018,46.0,47.36666666666667,64.0,50.0,0.6,47.0,43.0,11.0,50.0,755.4375,0.0250000011190008,266828.0,275.8691000366211,60.00611599731445,685.0
17,7,1,2018,46.0,48.43333333333333,64.0,53.0,0.7,63.0,28.0,11.0,50.0,755.4375,0.0250000011190008,266828.0,275.8691000366211,60.00611599731445,685.0
18,7,1,2018,52.0,49.66666666666666,71.0,61.0,0.6,55.0,34.0,10.0,50.0,754.3125,0.0250000011090002,266692.0,275.8579998779297,60.00578399658203,685.0
19,7,1,2018,34.0,50.23333333333333,49.0,45.0,0.4,24.0,59.0,8.0,50.0,754.3125,0.0250000011090002,266692.0,275.8579998779297,60.00578399658203,685.0
20,7,1,2018,24.0,50.43333333333333,40.0,40.0,0.4,26.0,58.0,6.0,50.0,754.3125,0.0250000011090002,266692.0,275.8579998779297,60.00578399658203,685.0
21,7,1,2018,20.5,50.48333333333333,32.0,32.0,0.35,21.0,61.0,5.0,50.0,754.125,0.0250000010679997,266460.0,275.85619995117185,60.009095993042,685.0
22,7,1,2018,17.0,50.41666666666666,24.0,24.0,0.3,16.0,64.0,4.0,50.0,754.125,0.0250000010679997,266460.0,275.85619995117185,60.009095993042,685.0
23,7,1,2018,15.0,50.21666666666667,42.0,42.0,0.2,12.0,67.0,3.0,50.0,754.125,0.0250000010679997,266460.0,275.85619995117185,60.009095993042,685.0
0,8,1,2018,15.0,49.91666666666666,32.0,32.0,0.3,16.0,60.0,4.0,50.0,735.5625,0.0250000008790008,266424.0,275.8423999023437,60.0075119934082,696.875
1,8,1,2018,16.0,49.61666666666667,27.0,27.0,0.3,16.0,60.0,4.0,50.0,735.5625,0.0250000008790008,266424.0,275.8423999023437,60.0075119934082,696.875
2,8,1,2018,21.0,49.28333333333333,30.0,30.0,0.3,18.0,56.0,6.0,50.0,735.5625,0.0250000008790008,266424.0,275.8423999023437,60.0075119934082,696.875
3,8,1,2018,22.0,48.35,31.0,30.0,0.3,17.0,56.0,7.0,50.0,734.5,0.0250000008140001,266284.0,275.8563000488281,60.00911199188232,782.0
4,8,1,2018,20.0,47.21666666666667,31.0,31.0,0.4,19.0,58.0,8.0,50.0,734.5,0.0250000008140001,266284.0,275.8563000488281,60.00911199188232,782.0
5,8,1,2018,19.5,45.96666666666667,41.5,42.0,0.35,17.0,60.0,7.5,50.0,734.5,0.0250000008140001,266284.0,275.8563000488281,60.00911199188232,782.0
6,8,1,2018,19.0,43.86666666666667,52.0,53.0,0.3,15.0,62.0,7.0,50.0,736.4375,0.0250000008460003,265776.0,275.8804998779296,60.00911199188232,776.5625
7,8,1,2018,21.0,41.56666666666667,65.0,80.0,0.4,14.0,62.0,7.0,50.0,736.4375,0.0250000008460003,265776.0,275.8804998779296,60.00911199188232,776.5625
8,8,1,2018,16.0,39.6,53.0,56.0,0.4,21.0,56.0,6.0,50.0,736.4375,0.0250000008460003,265776.0,275.8804998779296,60.00911199188232,776.5625
9,8,1,2018,17.0,36.93333333333333,50.0,50.0,0.4,24.0,54.0,6.0,50.0,737.375,0.025000000829,266012.0,275.8680999755859,60.008879997253416,685.625
10,8,1,2018,9.0,34.233333333333334,41.0,41.0,0.3,16.0,64.0,5.0,50.0,737.375,0.025000000829,266012.0,275.8680999755859,60.008879997253416,685.625
11,8,1,2018,9.0,32.3,68.0,85.0,0.2,10.0,71.0,4.0,50.0,737.375,0.025000000829,266012.0,275.8680999755859,60.008879997253416,685.625
12,8,1,2018,9.0,30.133333333333333,80.0,110.0,0.2,9.0,72.0,3.0,50.0,736.625,0.025000000829,266580.0,275.8582000732422,60.0077559967041,685.0
13,8,1,2018,15.0,28.6,92.0,134.0,0.2,7.0,73.0,2.0,50.0,736.625,0.025000000829,266580.0,275.8582000732422,60.0077559967041,685.0
14,8,1,2018,11.0,27.133333333333333,74.0,98.0,0.2,9.0,72.0,2.0,50.0,736.625,0.025000000829,266580.0,275.8582000732422,60.0077559967041,685.0
15,8,1,2018,7.0,25.73333333333333,76.0,101.0,0.1,9.0,71.0,2.0,50.0,735.5,0.0250000008460003,266704.0,275.8425997924804,60.001559997558594,685.0
16,8,1,2018,13.0,24.933333333333334,95.0,140.0,0.1,10.0,69.0,2.0,50.0,735.5,0.0250000008460003,266704.0,275.8425997924804,60.001559997558594,685.0
17,8,1,2018,9.5,24.016666666666666,85.5,120.5,0.15,12.0,66.5,2.0,50.0,735.5,0.0250000008460003,266704.0,275.8425997924804,60.001559997558594,685.0
18,8,1,2018,6.0,22.883333333333333,76.0,101.0,0.2,14.0,64.0,2.0,50.0,736.375,0.0250000008349996,266600.0,275.855,60.00493599700928,685.0
19,8,1,2018,7.0,21.516666666666666,57.0,64.0,0.2,19.0,57.0,2.0,50.0,736.375,0.0250000008349996,266600.0,275.855,60.00493599700928,685.0
20,8,1,2018,6.0,19.816666666666663,48.0,48.0,0.2,22.0,53.0,2.0,50.0,736.375,0.0250000008349996,266600.0,275.855,60.00493599700928,685.0
21,8,1,2018,5.0,18.25,37.0,37.0,0.2,16.0,59.0,2.0,50.0,735.125,0.0250000009040012,266344.0,275.8355999755859,60.004243995666506,685.0
22,8,1,2018,3.0,16.816666666666666,41.0,41.0,0.2,8.0,68.0,2.0,50.0,735.125,0.0250000009040012,266344.0,275.8355999755859,60.004243995666506,685.0
23,8,1,2018,5.0,15.45,27.0,27.0,0.2,11.0,64.0,2.0,50.0,735.125,0.0250000009040012,266344.0,275.8355999755859,60.004243995666506,685.0
0,9,1,2018,6.5,13.933333333333334,27.5,23.0,0.25,33.5,42.0,2.0,50.0,735.8125,0.0250000009989999,266268.0,275.8367999267578,60.00177199554443,696.5
1,9,1,2018,8.0,13.066666666666666,28.0,19.0,0.3,56.0,20.0,2.0,50.0,735.8125,0.0250000009989999,266268.0,275.8367999267578,60.00177199554443,696.5
2,9,1,2018,13.0,12.7,30.0,30.0,0.4,57.0,16.0,2.0,50.0,735.8125,0.0250000009989999,266268.0,275.8367999267578,60.00177199554443,696.5
3,9,1,2018,18.0,12.616666666666667,38.0,38.0,0.4,57.0,15.0,3.0,50.0,736.25,0.0250000007850006,266516.0,275.8804998779296,60.00911199188232,783.0
4,9,1,2018,20.0,12.716666666666669,44.0,44.0,0.6,71.0,2.0,4.0,50.0,736.25,0.0250000007850006,266516.0,275.8804998779296,60.00911199188232,783.0
5,9,1,2018,23.0,12.983333333333333,41.0,41.0,0.7,71.0,2.0,4.0,50.0,736.25,0.0250000007850006,266516.0,275.8804998779296,60.00911199188232,783.0
6,9,1,2018,24.0,13.283333333333331,47.0,47.0,0.9,69.0,2.0,4.0,50.0,736.375,0.0250000006409995,266636.0,275.87759979248045,60.00911199188232,775.9375
7,9,1,2018,26.0,13.616666666666667,57.0,64.0,1.2,71.0,2.0,5.0,50.0,736.375,0.0250000006409995,266636.0,275.87759979248045,60.00911199188232,775.9375
8,9,1,2018,28.0,13.85,61.0,72.0,1.2,68.0,5.5,5.0,50.0,736.375,0.0250000006409995,266636.0,275.87759979248045,60.00911199188232,775.9375
9,9,1,2018,30.0,14.116666666666667,65.0,80.0,1.2,65.0,9.0,5.0,50.0,736.75,0.0250000005380008,267052.0,275.86579986572264,60.00746799468994,685.625
10,9,1,2018,13.0,13.883333333333333,65.0,80.0,0.3,14.0,61.0,5.0,50.0,736.75,0.0250000005380008,267052.0,275.86579986572264,60.00746799468994,685.625
11,9,1,2018,13.0,13.666666666666666,50.0,50.0,0.3,10.0,70.0,5.0,50.0,736.75,0.0250000005380008,267052.0,275.86579986572264,60.00746799468994,685.625
12,9,1,2018,6.0,13.233333333333333,58.0,66.0,0.2,8.0,74.0,3.0,50.0,735.6875,0.025000000496,267284.0,275.8535000610351,60.00911199188232,685.0
13,9,1,2018,10.0,12.866666666666667,104.0,157.0,0.2,7.0,76.0,2.0,50.0,735.6875,0.025000000496,267284.0,275.8535000610351,60.00911199188232,685.0
14,9,1,2018,10.0,12.666666666666666,76.0,102.0,0.2,8.0,76.0,2.0,50.0,735.6875,0.025000000496,267284.0,275.8535000610351,60.00911199188232,685.0
15,9,1,2018,9.0,12.4,81.0,112.0,0.2,8.0,75.0,2.0,50.0,734.6875,0.0250000004130005,267316.0,275.8433999633789,60.00792799377442,685.0
16,9,1,2018,6.0,12.3,63.0,76.0,0.2,9.0,71.0,2.0,50.0,734.6875,0.0250000004130005,267316.0,275.8433999633789,60.00792799377442,685.0
17,9,1,2018,6.0,12.2,70.0,89.0,0.2,11.0,67.0,2.0,50.0,734.6875,0.0250000004130005,267316.0,275.8433999633789,60.00792799377442,685.0
18,9,1,2018,3.0,12.0,57.0,63.0,0.2,12.0,64.0,2.0,50.0,733.8125,0.0250000003910008,267748.0,275.8332998657225,60.00911199188232,685.0
19,9,1,2018,5.0,11.666666666666666,40.0,40.0,0.3,15.0,61.0,2.0,50.0,733.8125,0.0250000003910008,267748.0,275.8332998657225,60.00911199188232,685.0
20,9,1,2018,7.0,11.533333333333331,30.0,30.0,0.2,12.0,62.0,2.0,50.0,733.8125,0.0250000003910008,267748.0,275.8332998657225,60.00911199188232,685.0
21,9,1,2018,3.0,11.4,32.0,32.0,0.2,7.0,71.0,2.0,50.0,734.9375,0.0250000010860003,268040.0,275.82239990234365,60.00911199188232,685.0
22,9,1,2018,3.0,11.066666666666666,42.0,42.0,0.2,5.0,74.0,2.0,50.0,734.9375,0.0250000010860003,268040.0,275.82239990234365,60.00911199188232,685.0
23,9,1,2018,9.0,11.05,23.0,43.5,0.2,3.0,75.0,2.0,50.0,734.9375,0.0250000010860003,268040.0,275.82239990234365,60.00911199188232,685.0
0,10,1,2018,3.0,10.95,45.0,45.0,0.2,4.0,74.0,2.0,50.0,732.3125,0.0250000006520003,268412.0,275.8060998535156,60.00405999755859,697.625
1,10,1,2018,5.0,10.883333333333333,52.0,54.0,0.2,4.0,72.0,2.0,50.0,732.3125,0.0250000006520003,268412.0,275.8060998535156,60.00405999755859,697.625
2,10,1,2018,5.0,10.85,52.0,53.0,0.2,5.0,69.0,3.5,50.0,732.3125,0.0250000006520003,268412.0,275.8060998535156,60.00405999755859,697.625
3,10,1,2018,6.0,10.883333333333333,43.0,43.0,0.2,5.0,69.0,5.0,50.0,735.0625,0.0250000014300011,268400.0,275.8425997924804,60.005815994262704,778.9375
4,10,1,2018,3.0,10.883333333333333,24.0,24.0,0.2,7.0,67.0,3.0,50.0,735.0625,0.0250000014300011,268400.0,275.8425997924804,60.005815994262704,778.9375
5,10,1,2018,4.0,10.85,20.0,15.0,0.2,8.0,65.0,2.0,50.0,735.0625,0.0250000014300011,268400.0,275.8425997924804,60.005815994262704,778.9375
6,10,1,2018,6.0,10.833333333333334,20.0,15.0,0.2,9.0,65.0,3.0,50.0,736.3125,0.0250000011730007,268052.0,275.86709991455075,60.00911199188232,775.875
7,10,1,2018,7.0,10.8,18.0,17.0,0.2,15.0,59.0,3.0,50.0,736.3125,0.0250000011730007,268052.0,275.86709991455075,60.00911199188232,775.875
8,10,1,2018,7.0,10.6,18.0,18.0,0.3,23.0,50.0,4.0,50.0,736.3125,0.0250000011730007,268052.0,275.86709991455075,60.00911199188232,775.875
9,10,1,2018,7.0,10.233333333333333,21.0,21.0,0.3,29.0,45.0,4.0,50.0,737.125,0.0250000011539999,268432.0,275.8535000610351,60.00911199188232,685.625
10,10,1,2018,5.0,9.733333333333333,27.0,27.0,0.3,16.0,58.0,4.0,50.0,737.125,0.0250000011539999,268432.0,275.8535000610351,60.00911199188232,685.625
11,10,1,2018,4.0,9.1,32.0,32.0,0.2,10.0,68.0,3.0,50.0,737.125,0.0250000011539999,268432.0,275.8535000610351,60.00911199188232,685.625
12,10,1,2018,5.0,8.466666666666667,30.0,30.0,0.2,8.0,74.0,2.0,50.0,734.9375,0.0250000011270009,268956.0,275.826199951172,60.0053159942627,685.0
13,10,1,2018,11.0,7.966666666666667,41.0,41.0,0.1,8.0,77.0,2.0,50.0,734.9375,0.0250000011270009,268956.0,275.826199951172,60.0053159942627,685.0
14,10,1,2018,4.0,7.166666666666667,34.0,34.0,0.1,8.0,77.0,2.0,50.0,734.9375,0.0250000011270009,268956.0,275.826199951172,60.0053159942627,685.0
15,10,1,2018,4.0,6.3,30.0,30.0,0.1,10.0,77.0,2.0,50.0,731.1875,0.0250000002510007,268992.0,275.80929992675783,60.00735999298096,685.0
16,10,1,2018,4.0,6.0,23.0,23.0,0.1,12.0,75.0,2.0,50.0,731.1875,0.0250000002510007,268992.0,275.80929992675783,60.00735999298096,685.0
17,10,1,2018,5.0,5.733333333333333,27.0,27.0,0.1,13.0,74.0,2.0,50.0,731.1875,0.0250000002510007,268992.0,275.80929992675783,60.00735999298096,685.0
18,10,1,2018,4.0,5.666666666666667,28.0,28.0,0.1,16.0,69.0,2.0,50.0,731.875,0.0250000005090013,269464.0,275.80529998779286,60.00871599578858,685.0
19,10,1,2018,6.0,5.533333333333333,33.0,33.0,0.1,15.0,68.0,2.0,50.0,731.875,0.0250000005090013,269464.0,275.80529998779286,60.00871599578858,685.0
20,10,1,2018,8.0,5.466666666666667,29.0,29.0,0.2,12.0,72.0,2.0,50.0,731.875,0.0250000005090013,269464.0,275.80529998779286,60.00871599578858,685.0
21,10,1,2018,6.0,5.366666666666666,23.0,22.0,0.2,10.0,74.0,2.0,50.0,731.8125,0.0250000007029995,269596.0,275.79699981689447,60.00911199188232,685.0
22,10,1,2018,5.0,5.333333333333333,23.0,17.0,0.2,9.0,73.0,2.0,50.0,731.8125,0.0250000007029995,269596.0,275.79699981689447,60.00911199188232,685.0
23,10,1,2018,4.0,5.266666666666667,23.0,19.0,0.2,8.0,72.0,2.0,50.0,731.8125,0.0250000007029995,269596.0,275.79699981689447,60.00911199188232,685.0
0,11,1,2018,6.0,5.366666666666666,19.0,18.0,0.3,16.0,60.0,3.0,50.0,731.0,0.0250000006179995,269596.0,275.7883999633789,60.0052559967041,697.8125
1,11,1,2018,7.0,5.433333333333334,17.0,16.0,0.3,34.0,38.0,3.0,50.0,731.0,0.0250000006179995,269596.0,275.7883999633789,60.0052559967041,697.8125
2,11,1,2018,7.0,5.433333333333334,17.0,17.0,0.3,26.0,44.0,3.0,50.0,731.0,0.0250000006179995,269596.0,275.7883999633789,60.0052559967041,697.8125
3,11,1,2018,3.0,5.433333333333334,15.0,14.0,0.3,21.0,49.0,3.0,50.0,730.875,0.0250000004120003,269596.0,275.8229000854492,60.00865199279785,786.5
4,11,1,2018,8.0,5.6,15.0,14.0,0.3,22.0,49.0,4.0,50.0,730.875,0.0250000004120003,269596.0,275.8229000854492,60.00865199279785,786.5
5,11,1,2018,7.0,5.533333333333333,21.0,12.0,0.3,8.0,67.0,5.0,50.0,730.875,0.0250000004120003,269596.0,275.8229000854492,60.00865199279785,786.5
6,11,1,2018,11.0,5.8,18.0,14.0,0.3,19.0,56.0,5.0,50.0,732.375,0.0250000002539996,269596.0,275.854400024414,60.00629599761963,783.9375
7,11,1,2018,5.0,5.8,16.0,14.0,0.3,24.0,50.0,5.0,50.0,732.375,0.0250000002539996,269596.0,275.854400024414,60.00629599761963,783.9375
8,11,1,2018,5.0,5.8,19.0,17.0,0.4,38.0,37.0,4.0,50.0,732.375,0.0250000002539996,269596.0,275.854400024414,60.00629599761963,783.9375
9,11,1,2018,7.0,5.833333333333333,19.0,19.0,0.4,36.0,38.0,6.0,50.0,734.8125,0.0250000003040004,269596.0,275.8560998535156,60.00570799255371,685.6875
10,11,1,2018,9.0,6.033333333333333,28.0,28.0,0.4,24.0,48.0,6.0,50.0,734.8125,0.0250000003040004,269596.0,275.8560998535156,60.00570799255371,685.6875
11,11,1,2018,8.0,6.166666666666667,25.0,25.0,0.4,18.0,55.0,5.0,50.0,734.8125,0.0250000003040004,269596.0,275.8560998535156,60.00570799255371,685.6875
12,11,1,2018,8.0,6.233333333333333,19.0,12.0,0.35,13.0,61.0,5.0,50.0,733.625,0.0250000003709998,269596.0,275.836600036621,60.00227999114991,685.0
13,11,1,2018,6.0,6.2,21.0,10.0,0.3,12.0,66.0,5.0,50.0,733.625,0.0250000003709998,269596.0,275.836600036621,60.00227999114991,685.0
14,11,1,2018,7.0,6.2,19.0,18.0,0.3,20.0,62.0,2.0,50.0,733.625,0.0250000003709998,269596.0,275.836600036621,60.00227999114991,685.0
15,11,1,2018,15.0,6.466666666666667,27.0,27.0,0.4,20.0,62.0,2.0,50.0,734.25,0.0250000013720002,269488.0,275.8091000366211,60.00159199523926,685.0
16,11,1,2018,14.0,6.766666666666667,23.0,23.0,0.3,22.0,62.0,2.0,50.0,734.25,0.0250000013720002,269488.0,275.8091000366211,60.00159199523926,685.0
17,11,1,2018,17.0,7.2,26.0,26.0,0.4,29.0,54.0,2.0,50.0,734.25,0.0250000013720002,269488.0,275.8091000366211,60.00159199523926,685.0
18,11,1,2018,24.0,7.833333333333333,37.0,37.0,0.5,40.0,41.0,2.0,50.0,732.125,0.0250000010200012,269312.0,275.78989990234373,60.00346799468994,685.0
19,11,1,2018,33.0,8.566666666666666,52.0,54.0,0.6,63.0,17.0,2.0,50.0,732.125,0.0250000010200012,269312.0,275.78989990234373,60.00346799468994,685.0
20,11,1,2018,39.0,9.733333333333333,58.0,65.0,0.7,70.0,9.0,3.0,50.0,732.125,0.0250000010200012,269312.0,275.78989990234373,60.00346799468994,685.0
21,11,1,2018,49.0,11.233333333333333,68.0,71.0,0.9,77.0,2.0,5.0,50.0,731.8125,0.0250000010900013,269140.0,275.78350006103506,60.00017999267578,685.0
22,11,1,2018,64.0,13.233333333333333,86.0,82.0,1.0,78.0,2.0,10.0,50.0,731.8125,0.0250000010900013,269140.0,275.78350006103506,60.00017999267578,685.0
23,11,1,2018,69.0,15.366666666666667,93.0,91.0,1.2,80.0,2.0,12.0,50.0,731.8125,0.0250000010900013,269140.0,275.78350006103506,60.00017999267578,685.0
0,12,1,2018,72.0,17.633333333333333,96.0,93.0,1.5,80.0,2.0,12.0,50.0,731.75,0.0250000008380003,268900.0,275.7875,60.00035199737549,696.6875
1,12,1,2018,76.0,19.966666666666665,101.0,92.0,1.5,78.0,2.0,14.0,50.0,731.75,0.0250000008380003,268900.0,275.7875,60.00035199737549,696.6875
2,12,1,2018,81.0,22.4,108.0,94.0,1.6,80.0,2.0,17.0,50.0,731.75,0.0250000008380003,268900.0,275.7875,60.00035199737549,696.6875
3,12,1,2018,87.0,25.1,115.0,99.0,1.6,80.0,2.0,17.0,50.0,734.8125,0.0250000006560012,268728.0,275.86619995117184,60.00231999206543,785.25
4,12,1,2018,97.0,28.166666666666668,128.0,111.0,1.8,83.0,2.5,17.0,50.0,734.8125,0.0250000006560012,268728.0,275.86619995117184,60.00231999206543,785.25
5,12,1,2018,99.0,31.33333333333333,130.0,115.0,1.8,76.0,3.0,17.0,50.0,734.8125,0.0250000006560012,268728.0,275.86619995117184,60.00231999206543,785.25
6,12,1,2018,78.0,33.733333333333334,104.0,97.0,1.7,72.0,3.0,12.0,50.0,739.125,0.0250000007809996,268052.0,275.911900024414,60.0077799911499,778.625
7,12,1,2018,67.0,35.733333333333334,90.0,87.0,1.8,72.0,3.0,9.0,50.0,739.125,0.0250000007809996,268052.0,275.911900024414,60.0077799911499,778.625
8,12,1,2018,47.0,37.06666666666667,65.0,73.0,1.6,68.0,2.0,8.0,50.0,739.125,0.0250000007809996,268052.0,275.911900024414,60.0077799911499,778.625
9,12,1,2018,45.0,38.46666666666667,63.0,75.0,1.8,68.0,4.0,9.0,50.0,740.3125,0.0250000008630007,268064.0,275.9,60.00419999694825,685.6875
10,12,1,2018,36.0,39.4,58.0,65.0,1.3,67.0,11.0,10.0,50.0,740.3125,0.0250000008630007,268064.0,275.9,60.00419999694825,685.6875
11,12,1,2018,49.0,40.8,68.0,73.0,1.4,78.0,14.0,12.0,50.0,740.3125,0.0250000008630007,268064.0,275.9,60.00419999694825,685.6875
12,12,1,2018,76.0,42.96666666666667,101.0,101.0,1.4,85.0,16.0,12.0,50.0,738.0,0.0250000009909998,268188.0,275.8666000366211,60.00161599731445,685.0
13,12,1,2018,77.0,45.36666666666667,103.0,89.0,1.2,81.0,22.0,12.0,50.0,738.0,0.0250000009909998,268188.0,275.8666000366211,60.00161599731445,685.0
14,12,1,2018,74.0,47.66666666666666,99.0,80.0,1.0,63.0,38.0,12.0,50.0,738.0,0.0250000009909998,268188.0,275.8666000366211,60.00161599731445,685.0
15,12,1,2018,97.0,50.66666666666666,128.0,106.0,1.1,59.0,49.0,15.0,50.0,735.8125,0.0250000011480003,268096.0,275.8333999633789,60.00191999816894,685.0
16,12,1,2018,134.0,54.833333333333336,177.0,150.0,1.6,92.0,33.0,17.0,50.0,735.8125,0.0250000011480003,268096.0,275.8333999633789,60.00191999816894,685.0
17,12,1,2018,114.0,58.36666666666667,149.0,137.0,1.3,89.0,21.0,15.0,50.0,735.8125,0.0250000011480003,268096.0,275.8333999633789,60.00191999816894,685.0
18,12,1,2018,130.0,62.43333333333333,171.0,152.0,1.7,103.0,4.0,17.0,50.0,735.375,0.0250000012779999,268048.0,275.82399993896485,60.00315199279786,685.0
19,12,1,2018,150.0,67.23333333333333,200.0,174.0,1.8,103.0,2.0,17.0,50.0,735.375,0.0250000012779999,268048.0,275.82399993896485,60.00315199279786,685.0
20,12,1,2018,156.0,72.2,206.0,181.0,1.8,103.0,2.0,17.0,50.0,735.375,0.0250000012779999,268048.0,275.82399993896485,60.00315199279786,685.0
21,12,1,2018,154.0,76.83333333333333,204.0,198.0,1.8,103.0,2.0,15.0,50.0,734.0,0.0250000010599996,267940.0,275.8119000244141,60.000103996276856,685.0
22,12,1,2018,111.0,80.06666666666666,145.0,130.0,1.8,103.0,2.0,12.0,50.0,734.0,0.0250000010599996,267940.0,275.8119000244141,60.000103996276856,685.0
23,12,1,2018,99.0,82.8,130.0,105.0,1.7,103.0,2.0,10.0,50.0,734.0,0.0250000010599996,267940.0,275.8119000244141,60.000103996276856,685.0
0,13,1,2018,78.0,84.6,104.0,93.0,1.4,97.0,2.0,7.0,50.0,733.1875,0.0250000011250004,268164.0,275.797200012207,60.000103996276856,697.1875
1,13,1,2018,81.0,86.2,108.0,81.0,1.6,94.0,2.0,6.0,50.0,733.1875,0.0250000011250004,268164.0,275.797200012207,60.000103996276856,697.1875
2,13,1,2018,90.0,87.9,119.0,90.5,1.7,103.0,2.0,7.0,50.0,733.1875,0.0250000011250004,268164.0,275.797200012207,60.000103996276856,697.1875
3,13,1,2018,93.0,89.36666666666666,123.0,100.0,1.8,98.0,2.0,6.0,50.0,737.3125,0.0250000011570006,267964.0,275.88139984130856,60.00241199493408,782.8125
4,13,1,2018,90.0,90.23333333333332,119.0,106.0,1.8,94.0,2.0,8.0,50.0,737.3125,0.0250000011570006,267964.0,275.88139984130856,60.00241199493408,782.8125
5,13,1,2018,73.0,90.36666666666666,98.0,85.0,1.6,91.0,2.0,10.0,50.0,737.3125,0.0250000011570006,267964.0,275.88139984130856,60.00241199493408,782.8125
6,13,1,2018,50.0,89.63333333333334,69.0,60.0,1.3,83.0,2.0,9.0,50.0,740.5625,0.0250000012480001,267396.0,275.9080999755859,60.003483993530274,775.5625
7,13,1,2018,45.0,88.6,63.0,49.0,1.3,82.0,2.0,8.0,50.0,740.5625,0.0250000012480001,267396.0,275.9080999755859,60.003483993530274,775.5625
8,13,1,2018,48.0,87.5,66.0,63.0,1.4,79.0,2.0,6.0,50.0,740.5625,0.0250000012480001,267396.0,275.9080999755859,60.003483993530274,775.5625
9,13,1,2018,44.0,86.06666666666666,61.0,63.0,1.3,74.0,3.0,6.0,50.0,741.8125,0.0250000014280006,267284.0,275.90019989013666,60.00288799285889,685.6875
10,13,1,2018,39.0,84.13333333333334,56.0,61.0,1.2,67.0,8.0,8.0,50.0,741.8125,0.0250000014280006,267284.0,275.90019989013666,60.00288799285889,685.6875
11,13,1,2018,47.0,82.4,65.0,63.0,1.1,73.0,15.0,11.0,50.0,741.8125,0.0250000014280006,267284.0,275.90019989013666,60.00288799285889,685.6875
12,13,1,2018,55.0,81.63333333333334,75.0,72.0,1.1,74.0,20.0,12.0,50.0,737.75,0.0250000015179999,267288.0,275.84769989013665,60.000103996276856,685.0
13,13,1,2018,56.0,81.26666666666667,76.0,62.0,1.0,76.0,25.0,11.0,50.0,737.75,0.0250000015179999,267288.0,275.84769989013665,60.000103996276856,685.0
14,13,1,2018,62.0,81.76666666666667,84.0,71.0,1.2,85.0,23.0,13.0,50.0,737.75,0.0250000015179999,267288.0,275.84769989013665,60.000103996276856,685.0
15,13,1,2018,126.0,84.46666666666667,166.0,143.0,1.8,103.0,13.0,17.0,50.0,737.3125,0.0250000016040001,267160.0,275.84,60.001427993774406,685.0
16,13,1,2018,142.0,88.0,189.0,156.0,1.7,103.0,16.0,17.0,50.0,737.3125,0.0250000016040001,267160.0,275.84,60.001427993774406,685.0
17,13,1,2018,143.31578947368422,91.1438596491228,190.4736842105264,157.10526315789474,1.7263157894736842,103.0,15.578947368421051,17.0,50.0,737.3125,0.0250000016040001,267160.0,275.84,60.001427993774406,685.0
18,13,1,2018,144.6315789473684,93.43157894736842,191.94736842105263,158.21052631578948,1.7526315789473683,102.57894736842104,15.157894736842106,17.0,50.0,737.0625,0.0250000018230006,266632.0,275.83209991455084,60.00180799102783,685.0
19,13,1,2018,145.94736842105263,95.7298245614035,193.421052631579,159.31578947368422,1.7789473684210526,101.36842105263158,14.73684210526316,17.0,50.0,737.0625,0.0250000018230006,266632.0,275.83209991455084,60.00180799102783,685.0
20,13,1,2018,147.26315789473685,98.1719298245614,194.8947368421053,160.42105263157896,1.8,100.15789473684212,14.31578947368421,17.0,50.0,737.0625,0.0250000018230006,266632.0,275.83209991455084,60.00180799102783,685.0
21,13,1,2018,148.57894736842104,99.89122807017542,196.3684210526316,161.5263157894737,1.8,98.94736842105264,13.894736842105264,17.0,50.0,736.125,0.0250000018220003,266460.0,275.82,60.00033199310303,685.0
22,13,1,2018,149.89473684210526,100.42105263157892,197.84210526315792,162.6315789473684,1.8,97.73684210526316,13.473684210526311,17.0,50.0,736.125,0.0250000018220003,266460.0,275.82,60.00033199310303,685.0
23,13,1,2018,151.21052631578948,101.66140350877193,199.31578947368425,163.73684210526315,1.8,96.52631578947368,13.052631578947368,17.0,50.0,736.125,0.0250000018220003,266460.0,275.82,60.00033199310303,685.0
0,14,1,2018,152.5263157894737,102.41228070175436,200.7894736842105,164.8421052631579,1.8,95.3157894736842,12.63157894736842,17.0,50.0,738.25,0.0250000017590001,266628.0,275.81529998779297,60.00282399749756,695.6875
1,14,1,2018,153.8421052631579,102.54035087719298,202.26315789473685,165.94736842105263,1.8,94.10526315789473,12.210526315789476,17.0,50.0,738.25,0.0250000017590001,266628.0,275.81529998779297,60.00282399749756,695.6875
2,14,1,2018,155.1578947368421,102.5122807017544,203.73684210526315,167.05263157894737,1.8,92.89473684210527,11.789473684210527,17.0,50.0,738.25,0.0250000017590001,266628.0,275.81529998779297,60.00282399749756,695.6875
3,14,1,2018,156.4736842105263,102.59473684210528,205.21052631578945,168.1578947368421,1.8,91.6842105263158,11.36842105263158,17.0,50.0,742.875,0.0250000018610004,266636.0,275.89759979248043,60.00653999328613,770.625
4,14,1,2018,157.78947368421052,104.15438596491228,206.68421052631572,169.26315789473685,1.8,90.47368421052632,10.947368421052632,17.0,50.0,742.875,0.0250000018610004,266636.0,275.89759979248043,60.00653999328613,770.625
5,14,1,2018,159.10526315789474,106.1578947368421,208.15789473684208,170.3684210526316,1.8,89.26315789473685,10.526315789473683,17.0,50.0,742.875,0.0250000018610004,266636.0,275.89759979248043,60.00653999328613,770.625
6,14,1,2018,160.42105263157896,108.90526315789472,209.6315789473684,171.4736842105263,1.8,88.05263157894737,10.105263157894736,17.0,50.0,747.4375,0.0250000017060004,266208.0,275.93459991455074,60.00614399719238,762.5625
7,14,1,2018,161.73684210526315,111.59649122807016,211.10526315789477,172.578947368421,1.8,86.84210526315788,9.68421052631579,17.0,50.0,747.4375,0.0250000017060004,266208.0,275.93459991455074,60.00614399719238,762.5625
8,14,1,2018,163.05263157894737,114.03157894736842,212.578947368421,173.68421052631575,1.8,85.63157894736842,9.263157894736842,17.0,50.0,747.4375,0.0250000017060004,266208.0,275.93459991455074,60.00614399719238,762.5625
9,14,1,2018,164.3684210526316,116.41052631578948,214.05263157894737,174.78947368421055,1.8,84.42105263157895,8.842105263157897,17.0,50.0,747.25,0.0250000016400013,266676.0,275.9238998413086,60.00470799255371,685.6875
10,14,1,2018,165.0,118.93333333333334,215.5263157894737,175.89473684210526,1.8,83.21052631578948,8.42105263157895,17.0,50.0,747.25,0.0250000016400013,266676.0,275.9238998413086,60.00470799255371,685.6875
11,14,1,2018,165.0,122.06666666666666,217.0,177.0,1.8,82.0,8.0,17.0,50.0,747.25,0.0250000016400013,266676.0,275.9238998413086,60.00470799255371,685.6875
12,14,1,2018,165.0,126.2,224.0,183.0,1.8,83.0,19.0,17.0,50.0,743.8125,0.0250000017590001,267184.0,275.88239990234365,60.00161599731445,685.0
13,14,1,2018,165.0,131.06666666666666,224.0,189.0,1.8,103.0,21.0,17.0,50.0,743.8125,0.0250000017590001,267184.0,275.88239990234365,60.00161599731445,685.0
14,14,1,2018,165.0,136.3,224.0,195.0,1.8,95.0,30.0,17.0,50.0,743.8125,0.0250000017590001,267184.0,275.88239990234365,60.00161599731445,685.0
15,14,1,2018,165.0,141.3,224.0,201.0,1.8,94.0,29.0,17.0,50.0,743.0625,0.0250000013750009,267328.0,275.88139984130856,60.003463996887206,685.0
16,14,1,2018,165.0,144.518333333333,224.0,207.0,1.8,99.0,25.0,17.0,50.0,743.0625,0.0250000013750009,267328.0,275.88139984130856,60.003463996887206,685.0
17,14,1,2018,165.0,144.518333333333,224.0,213.0,1.8,103.0,15.0,17.0,50.0,743.0625,0.0250000013750009,267328.0,275.88139984130856,60.003463996887206,685.0
18,14,1,2018,165.0,144.518333333333,224.0,219.0,1.8,103.0,8.5,17.0,50.0,739.6875,0.0250000013260003,267732.0,275.841600036621,60.00173599243164,685.0
19,14,1,2018,165.0,144.518333333333,224.0,225.0,1.8,103.0,2.0,17.0,50.0,739.6875,0.0250000013260003,267732.0,275.841600036621,60.00173599243164,685.0
20,14,1,2018,165.0,144.518333333333,224.0,229.0,1.8,103.0,2.0,16.0,50.0,739.6875,0.0250000013260003,267732.0,275.841600036621,60.00173599243164,685.0
21,14,1,2018,165.0,144.518333333333,224.0,234.9499999999989,1.8,103.0,2.0,11.0,50.0,740.3125,0.0250000012280009,267812.0,275.852200012207,60.00329599761963,685.0
22,14,1,2018,165.0,144.518333333333,224.0,233.0,1.8,103.0,2.0,10.0,50.0,740.3125,0.0250000012280009,267812.0,275.852200012207,60.00329599761963,685.0
23,14,1,2018,156.5,144.518333333333,195.5,213.4,1.8,103.0,5.0,9.5,50.0,740.3125,0.0250000012280009,267812.0,275.852200012207,60.00329599761963,685.0
0,15,1,2018,88.0,144.518333333333,116.0,193.8,1.3,88.0,8.0,9.0,50.0,750.4375,0.0250000013030003,267892.0,275.86119995117184,60.0020239944458,690.6875
1,15,1,2018,160.0,144.518333333333,210.0,174.2,1.8,103.0,2.0,7.0,50.0,750.4375,0.0250000013030003,267892.0,275.86119995117184,60.0020239944458,690.6875
2,15,1,2018,165.0,144.518333333333,224.0,154.6,1.8,103.0,2.0,8.0,50.0,750.4375,0.0250000013030003,267892.0,275.86119995117184,60.0020239944458,690.6875
3,15,1,2018,160.0,144.518333333333,210.0,135.0,1.8,98.0,2.0,7.0,50.000025005340575,749.75,0.0250000013239998,267508.0,275.8879000854492,60.00405599212647,740.625
4,15,1,2018,79.0,144.518333333333,105.0,115.4,1.5,77.0,2.0,5.0,50.000025005340575,749.75,0.0250000013239998,267508.0,275.8879000854492,60.00405599212647,740.625
5,15,1,2018,37.0,144.518333333333,53.0,95.79999999999998,1.1,73.0,2.0,5.0,50.000025005340575,749.75,0.0250000013239998,267508.0,275.8879000854492,60.00405599212647,740.625
6,15,1,2018,35.0,144.518333333333,50.0,76.19999999999997,1.2,73.0,2.0,5.0,50.0,755.9375,0.0250000014089997,266904.0,275.9007000732421,60.00354399108887,721.3125
7,15,1,2018,41.0,144.518333333333,58.0,56.6,1.1,72.0,2.0,4.0,50.0,755.9375,0.0250000014089997,266904.0,275.9007000732421,60.00354399108887,721.3125
8,15,1,2018,26.0,144.518333333333,37.0,37.0,1.0,71.0,3.0,4.0,50.0,755.9375,0.0250000014089997,266904.0,275.9007000732421,60.00354399108887,721.3125
9,15,1,2018,28.0,144.518333333333,40.0,40.0,1.0,69.0,5.0,4.0,50.0,754.1875,0.0250000015050005,266544.0,275.8975,60.00175999450683,685.6875
10,15,1,2018,25.0,144.518333333333,48.0,48.0,0.9,68.0,9.0,5.0,50.0,754.1875,0.0250000015050005,266544.0,275.8975,60.00175999450683,685.6875
11,15,1,2018,21.0,143.97543859649122,33.0,33.0,0.6,61.0,19.0,5.0,50.0,754.1875,0.0250000015050005,266544.0,275.8975,60.00175999450683,685.6875
12,15,1,2018,19.0,139.2614035087719,35.0,35.0,0.6,53.0,28.0,6.0,50.0,749.6875,0.0250000014740005,266564.0,275.8517999267578,60.00347199249268,685.0
13,15,1,2018,21.0,134.5701754385965,34.0,34.0,0.7,46.0,35.0,8.0,50.0,749.6875,0.0250000014740005,266564.0,275.8517999267578,60.00347199249268,685.0
14,15,1,2018,19.0,129.7684210526316,36.0,36.0,0.9,58.0,27.0,12.0,50.0,749.6875,0.0250000014740005,266564.0,275.8517999267578,60.00347199249268,685.0
15,15,1,2018,33.0,125.38947368421051,54.0,58.0,1.1,61.0,24.0,15.0,50.00008749961853,751.6875,0.0250000023580007,266632.0,275.86489990234367,60.00266399383545,685.0
16,15,1,2018,35.0,121.03333333333332,57.0,64.0,1.2,56.0,28.0,17.0,50.00008749961853,751.6875,0.0250000023580007,266632.0,275.86489990234367,60.00266399383545,685.0
17,15,1,2018,43.0,116.9,60.0,67.0,1.2,60.0,23.0,15.0,50.00008749961853,751.6875,0.0250000023580007,266632.0,275.86489990234367,60.00266399383545,685.0
18,15,1,2018,46.0,112.63333333333334,65.0,79.0,1.3,75.0,9.0,14.0,50.000231256484994,752.5625,0.0250000023870002,266636.0,275.87380004882806,60.00471999359131,685.0
19,15,1,2018,52.0,108.0,71.0,85.0,1.4,87.0,3.0,13.0,50.000231256484994,752.5625,0.0250000023870002,266636.0,275.87380004882806,60.00471999359131,685.0
20,15,1,2018,55.0,103.0,75.0,100.0,1.7,93.0,2.0,12.0,50.000231256484994,752.5625,0.0250000023870002,266636.0,275.87380004882806,60.00471999359131,685.0
21,15,1,2018,58.0,98.46666666666668,80.0,110.0,1.8,95.0,2.0,10.0,50.0,753.9375,0.025000001151001,266604.0,275.8983999633789,60.00911199188232,685.0
22,15,1,2018,57.0,93.83333333333331,80.0,109.0,1.8,90.0,2.0,10.0,50.0,753.9375,0.025000001151001,266604.0,275.8983999633789,60.00911199188232,685.0
23,15,1,2018,59.0,89.16666666666667,80.0,108.0,1.6,84.0,2.0,10.0,50.0,753.9375,0.025000001151001,266604.0,275.8983999633789,60.00911199188232,685.0
0,16,1,2018,46.0,83.71666666666667,64.0,73.0,1.3,80.0,2.0,10.0,50.0,740.0,0.025000001120001,266736.0,275.8789999389648,60.00519199371338,693.875
1,16,1,2018,46.0,77.91666666666667,71.0,92.0,1.2,78.0,2.0,8.0,50.0,740.0,0.025000001120001,266736.0,275.8789999389648,60.00519199371338,693.875
2,16,1,2018,48.0,71.91666666666667,68.0,86.0,1.1,77.0,2.0,6.0,50.0,740.0,0.025000001120001,266736.0,275.8789999389648,60.00519199371338,693.875
3,16,1,2018,45.0,65.65,67.0,84.0,1.2,77.0,2.0,5.0,50.000025005340575,739.625,0.0250000012510009,266692.0,275.9079000854492,60.00659599304199,784.75
4,16,1,2018,50.0,59.81666666666667,79.0,108.0,1.1,67.0,14.0,8.0,50.000025005340575,739.625,0.0250000012510009,266692.0,275.9079000854492,60.00659599304199,784.75
5,16,1,2018,39.0,55.9,92.0,133.0,1.0,46.0,26.0,6.0,50.000025005340575,739.625,0.0250000012510009,266692.0,275.9079000854492,60.00659599304199,784.75
6,16,1,2018,31.0,54.0,130.0,209.0,0.2,15.0,60.0,2.0,50.000025005340575,742.0,0.0250000012730006,266132.0,275.92449981689447,60.002703994750966,778.0625
7,16,1,2018,31.0,49.7,143.0,234.9499999999989,0.2,23.0,54.0,2.0,50.000025005340575,742.0,0.0250000012730006,266132.0,275.92449981689447,60.002703994750966,778.0625
8,16,1,2018,43.0,44.266666666666666,135.0,219.0,1.3,67.0,15.0,4.0,50.000025005340575,742.0,0.0250000012730006,266132.0,275.92449981689447,60.002703994750966,778.0625
9,16,1,2018,63.0,41.03333333333333,89.0,127.0,1.8,80.0,4.0,8.0,50.0,743.5625,0.0250000013769995,265888.0,275.9154998779297,60.0012799911499,685.75
10,16,1,2018,65.0,40.56666666666667,97.0,144.0,1.7,81.0,9.0,12.0,50.0,743.5625,0.0250000013769995,265888.0,275.9154998779297,60.0012799911499,685.75
11,16,1,2018,52.0,41.06666666666667,129.0,207.0,0.8,54.0,29.0,5.0,50.0,743.5625,0.0250000013769995,265888.0,275.9154998779297,60.0012799911499,685.75
12,16,1,2018,48.0,41.5,126.0,201.0,0.4,37.0,45.0,3.0,50.0,739.9375,0.0250000015569999,265860.0,275.86749999999995,60.00197999572754,685.0
13,16,1,2018,44.0,41.6,19.0,6.0,0.5,31.0,61.0,2.0,50.0,739.9375,0.0250000015569999,265860.0,275.86749999999995,60.00197999572754,685.0
14,16,1,2018,40.0,42.06666666666667,112.0,174.0,0.6,42.0,52.0,3.0,50.0,739.9375,0.0250000015569999,265860.0,275.86749999999995,60.00197999572754,685.0
15,16,1,2018,56.0,43.0,124.0,197.0,0.6,38.0,59.0,4.0,50.0,740.1875,0.0250000014910008,265888.0,275.8722998046875,60.00655199432373,685.0
16,16,1,2018,59.0,44.13333333333333,128.0,205.0,0.6,35.0,63.0,5.0,50.0,740.1875,0.0250000014910008,265888.0,275.8722998046875,60.00655199432373,685.0
17,16,1,2018,63.0,45.53333333333333,130.0,210.0,0.7,51.0,48.0,5.0,50.0,740.1875,0.0250000014910008,265888.0,275.8722998046875,60.00655199432373,685.0
18,16,1,2018,71.0,47.266666666666666,137.0,223.0,0.9,80.0,19.0,6.0,50.0,738.875,0.0250000017210003,265708.0,275.8501998901367,60.00136799621582,685.0
19,16,1,2018,76.0,49.1,139.0,228.0,1.0,83.0,14.0,7.0,50.0,738.875,0.0250000017210003,265708.0,275.8501998901367,60.00136799621582,685.0
20,16,1,2018,85.0,51.3,145.0,234.9499999999989,1.1,89.0,9.0,8.0,50.0,738.875,0.0250000017210003,265708.0,275.8501998901367,60.00136799621582,685.0
21,16,1,2018,88.0,53.13333333333333,142.0,234.0,1.1,90.0,6.0,8.0,50.0,737.75,0.025000001689,265688.0,275.8372998046874,60.00110799407959,685.0
22,16,1,2018,91.0,55.0,139.0,227.0,1.2,89.0,6.0,7.0,50.0,737.75,0.025000001689,265688.0,275.8372998046874,60.00110799407959,685.0
23,16,1,2018,106.0,57.1,151.0,234.9499999999989,1.3,91.0,2.0,9.0,50.0,737.75,0.025000001689,265688.0,275.8372998046874,60.00110799407959,685.0
0,17,1,2018,95.0,58.73333333333333,137.0,223.0,1.3,85.0,2.0,9.0,50.0,742.1875,0.0250000015920009,265992.0,275.8585000610352,60.00204799652099,693.0625
1,17,1,2018,93.0,60.1,123.0,188.0,1.3,81.0,2.0,8.0,50.0,742.1875,0.0250000015920009,265992.0,275.8585000610352,60.00204799652099,693.0625
2,17,1,2018,92.0,61.333333333333336,121.0,187.0,1.5,82.0,2.0,9.0,50.0,742.1875,0.0250000015920009,265992.0,275.8585000610352,60.00204799652099,693.0625
3,17,1,2018,115.0,63.23333333333333,150.0,204.0,1.7,83.0,2.0,11.0,50.0,744.9375,0.0250000016169995,266168.0,275.8917999267578,60.00285599517822,761.8125
4,17,1,2018,105.0,64.83333333333333,138.0,193.0,1.8,84.0,2.0,8.0,50.0,744.9375,0.0250000016169995,266168.0,275.8917999267578,60.00285599517822,761.8125
5,17,1,2018,97.0,66.1,128.0,190.0,1.8,82.0,2.0,7.0,50.0,744.9375,0.0250000016169995,266168.0,275.8917999267578,60.00285599517822,761.8125
6,17,1,2018,93.0,67.66666666666667,123.0,189.0,1.5,83.0,2.0,8.0,50.0,744.625,0.025000001120001,266112.0,275.94600006103514,60.00809999847412,775.625
7,17,1,2018,88.0,69.06666666666666,123.0,196.0,1.5,86.0,2.0,8.0,50.0,744.625,0.025000001120001,266112.0,275.94600006103514,60.00809999847412,775.625
8,17,1,2018,77.0,70.03333333333333,120.0,190.0,1.6,92.0,2.0,10.0,50.0,744.625,0.025000001120001,266112.0,275.94600006103514,60.00809999847412,775.625
9,17,1,2018,74.0,71.0,118.0,185.0,1.8,91.0,2.0,10.0,50.0,746.6875,0.0250000008829999,266672.0,275.92630004882807,60.00911199188232,686.4375
10,17,1,2018,87.0,72.23333333333333,133.0,215.0,1.7,85.0,3.0,10.0,50.0,746.6875,0.0250000008829999,266672.0,275.92630004882807,60.00911199188232,686.4375
11,17,1,2018,89.0,73.9,129.0,207.0,1.7,85.0,7.0,13.0,50.0,746.6875,0.0250000008829999,266672.0,275.92630004882807,60.00911199188232,686.4375
12,17,1,2018,85.0,75.7,127.0,203.0,1.5,83.0,14.0,15.0,50.0,744.8125,0.0250000010280013,267112.0,275.9013000488281,60.00288399505615,685.0
13,17,1,2018,89.0,77.63333333333334,119.0,187.0,1.3,80.0,22.0,13.0,50.0,744.8125,0.0250000010280013,267112.0,275.9013000488281,60.00288399505615,685.0
14,17,1,2018,99.0,79.5,130.0,181.0,1.1,71.0,34.0,12.0,50.0,744.8125,0.0250000010280013,267112.0,275.9013000488281,60.00288399505615,685.0
15,17,1,2018,102.0,80.8,134.0,192.0,1.2,78.0,29.0,12.0,50.0,740.9375,0.0250000007830001,267104.0,275.8616000366211,60.00187199401857,685.0
16,17,1,2018,80.0,81.3,113.0,175.0,1.1,80.0,30.0,10.0,50.0,740.9375,0.0250000007830001,267104.0,275.8616000366211,60.00187199401857,685.0
17,17,1,2018,90.0,82.56666666666666,119.0,186.0,1.2,89.0,20.0,11.0,50.0,740.9375,0.0250000007830001,267104.0,275.8616000366211,60.00187199401857,685.0
18,17,1,2018,74.0,83.43333333333334,99.0,141.0,0.8,69.0,29.0,6.0,50.0,738.5625,0.0250000008519999,267408.0,275.83070007324216,60.00259599304199,685.0
19,17,1,2018,13.0,82.4,45.0,45.0,0.4,43.0,49.0,2.0,50.0,738.5625,0.0250000008519999,267408.0,275.83070007324216,60.00259599304199,685.0
20,17,1,2018,10.0,81.4,53.0,56.0,0.4,46.0,43.0,2.0,50.0,738.5625,0.0250000008519999,267408.0,275.83070007324216,60.00259599304199,685.0
21,17,1,2018,8.0,79.8,51.0,51.0,0.3,43.0,45.0,2.0,50.000025005340575,738.375,0.0250000011229999,267656.0,275.8216000366211,60.00018799591064,685.0
22,17,1,2018,9.0,78.13333333333334,41.0,41.0,0.4,48.0,39.0,2.0,50.000025005340575,738.375,0.0250000011229999,267656.0,275.8216000366211,60.00018799591064,685.0
23,17,1,2018,12.0,76.43333333333334,41.0,41.0,0.6,75.0,13.0,2.0,50.000025005340575,738.375,0.0250000011229999,267656.0,275.8216000366211,60.00018799591064,685.0
0,18,1,2018,30.0,75.06666666666666,67.0,84.0,1.0,88.0,2.0,4.0,50.0,738.0,0.0250000009909998,267820.0,275.8427999877929,60.00396399688721,695.6875
1,18,1,2018,76.0,75.06666666666666,103.0,156.0,1.3,94.0,2.0,7.0,50.0,738.0,0.0250000009909998,267820.0,275.8427999877929,60.00396399688721,695.6875
2,18,1,2018,57.0,74.13333333333334,89.0,127.0,1.2,91.0,2.0,8.0,50.0,738.0,0.0250000009909998,267820.0,275.8427999877929,60.00396399688721,695.6875
3,18,1,2018,27.0,72.1,60.0,70.0,0.8,77.0,2.0,6.0,50.0,740.25,0.0250000011330004,267852.0,275.8913000488281,60.00422799682618,778.1875
4,18,1,2018,26.0,69.93333333333334,61.0,72.0,0.8,69.0,3.0,5.0,50.0,740.25,0.0250000011330004,267852.0,275.8913000488281,60.00422799682618,778.1875
5,18,1,2018,30.0,67.4,61.0,72.0,0.9,64.0,4.0,4.0,50.0,740.25,0.0250000011330004,267852.0,275.8913000488281,60.00422799682618,778.1875
6,18,1,2018,30.0,65.23333333333333,62.0,73.0,0.9,64.0,5.0,4.0,50.0,743.5,0.0250000013629999,267128.0,275.92850006103515,60.004963996887206,776.125
7,18,1,2018,41.0,63.5,77.0,103.0,1.0,70.0,3.0,6.0,50.0,743.5,0.0250000013629999,267128.0,275.92850006103515,60.004963996887206,776.125
8,18,1,2018,55.0,62.266666666666666,89.0,127.0,1.4,76.0,3.0,6.0,50.0,743.5,0.0250000013629999,267128.0,275.92850006103515,60.004963996887206,776.125
9,18,1,2018,57.0,60.333333333333336,90.0,129.0,1.2,69.0,7.0,7.0,50.0,745.0625,0.0250000014140009,267252.0,275.9180999755859,60.00337199401857,686.0625
10,18,1,2018,57.0,58.73333333333333,86.0,121.0,1.0,65.0,14.0,8.0,50.0,745.0625,0.0250000014140009,267252.0,275.9180999755859,60.00337199401857,686.0625
11,18,1,2018,59.0,57.46666666666667,88.0,125.0,1.0,75.0,13.0,9.0,50.0,745.0625,0.0250000014140009,267252.0,275.9180999755859,60.00337199401857,686.0625
12,18,1,2018,44.0,55.833333333333336,75.0,99.0,0.9,72.0,24.0,9.0,50.0,742.125,0.025000001546001,267356.0,275.8801998901367,60.0015359954834,685.0
13,18,1,2018,64.0,55.03333333333333,86.0,106.0,1.0,75.0,30.0,13.0,50.0,742.125,0.025000001546001,267356.0,275.8801998901367,60.0015359954834,685.0
14,18,1,2018,87.0,55.36666666666667,115.0,135.0,1.0,70.0,42.0,16.0,50.0,742.125,0.025000001546001,267356.0,275.8801998901367,60.0015359954834,685.0
15,18,1,2018,97.0,56.13333333333333,128.0,154.0,1.1,81.0,37.0,17.0,50.0,741.0,0.0250000015910007,267336.0,275.86619995117184,60.0017679977417,685.0
16,18,1,2018,118.0,57.16666666666666,154.0,188.0,1.2,82.0,40.0,17.0,50.0,741.0,0.0250000015910007,267336.0,275.86619995117184,60.0017679977417,685.0
17,18,1,2018,129.0,58.5,170.0,198.0,1.3,96.0,27.0,17.0,50.0,741.0,0.0250000015910007,267336.0,275.86619995117184,60.0017679977417,685.0
18,18,1,2018,163.0,61.1,213.0,234.9499999999989,1.8,103.0,8.0,17.0,50.0,739.6875,0.0250000016280002,267176.0,275.849100036621,60.00222399139404,685.0
19,18,1,2018,165.0,65.23333333333333,224.0,234.9499999999989,1.8,103.0,2.0,17.0,50.0,739.6875,0.0250000016280002,267176.0,275.849100036621,60.00222399139404,685.0
20,18,1,2018,165.0,69.5,224.0,234.9499999999989,1.8,103.0,2.0,17.0,50.0,739.6875,0.0250000016280002,267176.0,275.849100036621,60.00222399139404,685.0
21,18,1,2018,165.0,72.8,224.0,234.9499999999989,1.8,103.0,2.0,17.0,50.0,738.5625,0.0250000016150008,267068.0,275.835,60.001667991638186,685.0
22,18,1,2018,162.0,75.53333333333333,212.0,234.9499999999989,1.8,103.0,2.0,17.0,50.0,738.5625,0.0250000016150008,267068.0,275.835,60.001667991638186,685.0
23,18,1,2018,108.0,76.13333333333334,141.0,168.0,1.6,101.0,2.0,14.0,50.0,738.5625,0.0250000016150008,267068.0,275.835,60.001667991638186,685.0
0,19,1,2018,101.0,77.03333333333333,133.0,156.0,1.7,98.0,2.0,14.0,50.0,736.4375,0.0250000015160013,267204.0,275.83019989013667,60.00176399230957,699.5625
1,19,1,2018,99.0,79.9,130.0,179.0,1.8,97.0,2.0,13.0,50.0,736.4375,0.0250000015160013,267204.0,275.83019989013667,60.00176399230957,699.5625
2,19,1,2018,97.0,82.8,128.0,184.0,1.8,100.0,2.0,11.0,50.0,736.4375,0.0250000015160013,267204.0,275.83019989013667,60.00176399230957,699.5625
3,19,1,2018,105.0,86.03333333333333,138.0,210.0,1.6,99.0,2.0,9.0,50.0,740.6875,0.0250000015520006,267156.0,275.912200012207,60.00215999603272,785.625
4,19,1,2018,95.0,88.9,125.0,174.0,1.5,93.0,2.0,8.0,50.0,740.6875,0.0250000015520006,267156.0,275.912200012207,60.00215999603272,785.625
5,19,1,2018,79.0,91.13333333333334,105.0,141.0,1.2,85.0,2.0,7.0,50.0,740.6875,0.0250000015520006,267156.0,275.912200012207,60.00215999603272,785.625
6,19,1,2018,75.0,92.63333333333334,100.0,129.0,1.4,83.0,2.0,6.0,50.0,745.0,0.0250000011689998,266520.0,275.9594998168945,60.00634399414061,780.3125
7,19,1,2018,79.0,92.73333333333332,105.0,126.0,1.4,86.0,2.0,6.0,50.0,745.0,0.0250000011689998,266520.0,275.9594998168945,60.00634399414061,780.3125
8,19,1,2018,76.0,93.36666666666666,101.0,132.0,1.7,90.0,2.0,6.0,50.0,745.0,0.0250000011689998,266520.0,275.9594998168945,60.00634399414061,780.3125
9,19,1,2018,72.0,94.86666666666666,96.0,140.0,1.6,80.0,3.0,6.0,50.0,744.5,0.0250000012290012,266736.0,275.93669982910154,60.00509599304199,686.8125
10,19,1,2018,65.0,96.16666666666669,88.0,108.0,1.5,74.0,8.0,8.0,50.0,744.5,0.0250000012290012,266736.0,275.93669982910154,60.00509599304199,686.8125
11,19,1,2018,95.0,98.33333333333331,125.0,133.0,1.4,97.0,25.0,11.0,50.0,744.5,0.0250000012290012,266736.0,275.93669982910154,60.00509599304199,686.8125
12,19,1,2018,105.0,100.83333333333331,138.0,146.0,1.4,97.0,33.0,15.0,50.0,740.875,0.025000001472,266968.0,275.887200012207,60.00122799682618,685.0
13,19,1,2018,165.0,105.1,219.0,213.0,1.7,97.0,38.0,17.0,50.0,740.875,0.025000001472,266968.0,275.887200012207,60.00122799682618,685.0
14,19,1,2018,141.0,107.96666666666668,187.0,177.0,1.4,82.0,46.0,17.0,50.0,740.875,0.025000001472,266968.0,275.887200012207,60.00122799682618,685.0
15,19,1,2018,162.0,111.46666666666668,212.0,206.0,1.6,89.0,46.0,17.0,50.0,739.0625,0.0250000015329998,267212.0,275.86350006103515,60.002215995788575,685.0
16,19,1,2018,159.0,114.86666666666666,209.0,201.0,1.5,89.0,42.0,17.0,50.0,739.0625,0.0250000015329998,267212.0,275.86350006103515,60.002215995788575,685.0
17,19,1,2018,157.0,118.13333333333334,207.0,205.0,1.6,103.0,23.0,17.0,50.0,739.0625,0.0250000015329998,267212.0,275.86350006103515,60.002215995788575,685.0
18,19,1,2018,165.0,122.63333333333334,224.0,233.0,1.8,103.0,2.0,17.0,50.0,737.8125,0.0250000015070009,267256.0,275.8479998779297,60.00198799133301,685.0
19,19,1,2018,165.0,126.7,224.0,234.9499999999989,1.8,103.0,2.0,17.0,50.0,737.8125,0.0250000015070009,267256.0,275.8479998779297,60.00198799133301,685.0
20,19,1,2018,165.0,129.96666666666667,224.0,234.9499999999989,1.8,103.0,2.0,17.0,50.0,737.8125,0.0250000015070009,267256.0,275.8479998779297,60.00198799133301,685.0
21,19,1,2018,165.0,132.86666666666667,224.0,234.9499999999989,1.8,103.0,2.0,16.0,50.0,737.125,0.0250000013580005,267384.0,275.8429000854492,60.00333999633789,685.0
22,19,1,2018,162.0,134.33333333333334,212.0,210.0,1.8,103.0,2.0,14.0,50.0,737.125,0.0250000013580005,267384.0,275.8429000854492,60.00333999633789,685.0
23,19,1,2018,140.0,134.7,186.0,181.0,1.7,103.0,2.0,14.0,50.0,737.125,0.0250000013580005,267384.0,275.8429000854492,60.00333999633789,685.0
0,20,1,2018,102.0,132.66666666666666,134.0,128.0,1.4,89.0,7.0,12.0,50.0,739.4375,0.0250000013159997,267452.0,275.84190002441403,60.0030359954834,698.875
1,20,1,2018,88.0,128.5,116.0,100.0,1.3,86.0,7.0,10.0,50.0,739.4375,0.0250000013159997,267452.0,275.84190002441403,60.0030359954834,698.875
2,20,1,2018,39.0,122.23333333333332,55.0,53.0,0.8,77.0,14.0,9.0,50.0,739.4375,0.0250000013159997,267452.0,275.84190002441403,60.0030359954834,698.875
3,20,1,2018,59.0,117.5,80.0,80.0,1.0,95.0,2.0,9.0,50.0,743.9375,0.0250000016430001,267484.0,275.8869998168945,60.00531199645996,765.6875
4,20,1,2018,75.0,114.6,100.0,96.0,1.3,95.0,5.0,9.0,50.0,743.9375,0.0250000016430001,267484.0,275.8869998168945,60.00531199645996,765.6875
5,20,1,2018,60.0,113.0,81.0,81.0,1.1,63.0,8.0,7.0,50.0,743.9375,0.0250000016430001,267484.0,275.8869998168945,60.00531199645996,765.6875
6,20,1,2018,44.0,111.1,61.0,67.0,0.9,60.0,11.0,7.0,50.0,742.75,0.0250000019630007,267016.0,275.9042999267578,60.00371999359131,775.0625
7,20,1,2018,46.0,109.33333333333331,64.0,78.0,1.0,65.0,6.0,6.0,50.0,742.75,0.0250000019630007,267016.0,275.9042999267578,60.00371999359131,775.0625
8,20,1,2018,44.0,107.56666666666666,61.0,67.0,1.0,64.0,6.0,7.0,50.0,742.75,0.0250000019630007,267016.0,275.9042999267578,60.00371999359131,775.0625
9,20,1,2018,31.0,105.1,65.0,79.0,1.1,75.0,5.0,10.0,50.0,744.875,0.0250000018899999,267052.0,275.8944998168945,60.00488799285888,686.9375
10,20,1,2018,27.0,102.83333333333331,59.0,68.0,0.9,72.0,10.0,8.0,50.0,744.875,0.0250000018899999,267052.0,275.8944998168945,60.00488799285888,686.9375
11,20,1,2018,18.0,100.8,56.0,62.0,0.8,68.0,18.0,8.0,50.0,744.875,0.0250000018899999,267052.0,275.8944998168945,60.00488799285888,686.9375
12,20,1,2018,46.0,99.83333333333331,77.0,104.0,1.8,73.0,22.0,17.0,50.0,742.8125,0.0250000018390007,267436.0,275.8719000244141,60.00483999633789,685.0
13,20,1,2018,53.0,98.96666666666668,96.0,141.0,1.5,69.0,25.0,17.0,50.0,742.8125,0.0250000018390007,267436.0,275.8719000244141,60.00483999633789,685.0
14,20,1,2018,78.0,99.03333333333332,104.0,156.0,1.7,69.0,26.0,17.0,50.0,742.8125,0.0250000018390007,267436.0,275.8719000244141,60.00483999633789,685.0
15,20,1,2018,89.0,99.6,118.0,159.0,1.5,67.0,24.0,17.0,50.0,740.375,0.0250000014009997,267636.0,275.8510998535156,60.00379999542236,685.0
16,20,1,2018,75.0,99.93333333333334,107.0,164.0,1.3,64.0,21.0,14.0,50.0,740.375,0.0250000014009997,267636.0,275.8510998535156,60.00379999542236,685.0
17,20,1,2018,58.0,98.7,100.0,149.0,0.9,60.0,19.0,9.0,50.0,740.375,0.0250000014009997,267636.0,275.8510998535156,60.00379999542236,685.0
18,20,1,2018,30.0,96.2,79.0,108.0,0.5,46.0,28.0,6.0,50.0,739.0625,0.0250000009819995,267672.0,275.8445999145508,60.00569199371338,685.0
19,20,1,2018,19.0,91.2,69.0,87.0,0.4,40.0,35.0,6.0,50.0,739.0625,0.0250000009819995,267672.0,275.8445999145508,60.00569199371338,685.0
20,20,1,2018,16.0,87.03333333333333,64.0,78.0,0.4,39.0,35.0,5.0,50.0,739.0625,0.0250000009819995,267672.0,275.8445999145508,60.00569199371338,685.0
21,20,1,2018,19.0,82.26666666666667,60.0,70.0,0.4,42.0,33.0,5.0,50.0,739.25,0.025000000996001,267784.0,275.8472998046874,60.003047996521,685.0
22,20,1,2018,22.0,77.7,52.0,54.0,0.4,42.0,33.0,6.0,50.0,739.25,0.025000000996001,267784.0,275.8472998046874,60.003047996521,685.0
23,20,1,2018,25.0,73.3,61.0,71.0,0.4,42.0,30.0,6.0,50.0,739.25,0.025000000996001,267784.0,275.8472998046874,60.003047996521,685.0
0,21,1,2018,30.0,68.33333333333333,54.0,57.0,0.4,28.0,46.0,6.0,50.0,751.8125,0.0250000013149995,267976.0,275.8458999633789,60.00337599182129,690.8125
1,21,1,2018,27.0,63.03333333333333,41.0,41.0,0.5,28.0,45.0,7.0,50.0,751.8125,0.0250000013149995,267976.0,275.8458999633789,60.00337599182129,690.8125
2,21,1,2018,22.0,57.6,43.0,43.0,0.7,30.0,42.0,9.0,50.0,751.8125,0.0250000013149995,267976.0,275.8458999633789,60.00337599182129,690.8125
3,21,1,2018,19.0,52.1,43.0,43.0,0.9,37.0,35.0,12.0,50.0,752.1875,0.0250000012420006,267912.0,275.84979980468745,60.00485599517823,718.1875
4,21,1,2018,26.0,47.56666666666667,50.0,50.0,1.1,45.0,27.0,15.0,50.0,752.1875,0.0250000012420006,267912.0,275.84979980468745,60.00485599517823,718.1875
5,21,1,2018,25.0,43.73333333333333,49.0,49.0,1.2,46.0,25.0,17.0,50.0,752.1875,0.0250000012420006,267912.0,275.84979980468745,60.00485599517823,718.1875
6,21,1,2018,35.0,41.5,54.0,58.0,1.4,54.0,19.0,17.0,50.0,752.1875,0.0250000014399997,267240.0,275.8591998291016,60.003987991333005,721.3125
7,21,1,2018,37.0,39.8,61.0,72.0,1.6,55.0,17.0,17.0,50.0,752.1875,0.0250000014399997,267240.0,275.8591998291016,60.003987991333005,721.3125
8,21,1,2018,35.0,39.66666666666666,62.0,73.0,1.7,57.0,15.0,17.0,50.0,752.1875,0.0250000014399997,267240.0,275.8591998291016,60.003987991333005,721.3125
9,21,1,2018,35.0,38.86666666666667,61.0,71.0,1.7,53.0,20.0,17.0,50.0,752.375,0.0250000016770008,267096.0,275.8488998413086,60.00190799713135,686.125
10,21,1,2018,36.0,37.56666666666667,66.0,82.0,1.7,50.0,25.0,17.0,50.0,752.375,0.0250000016770008,267096.0,275.8488998413086,60.00190799713135,686.125
11,21,1,2018,34.0,36.7,69.0,87.0,1.5,42.0,33.0,17.0,50.0,752.375,0.0250000016770008,267096.0,275.8488998413086,60.00190799713135,686.125
12,21,1,2018,33.0,36.333333333333336,69.0,87.0,1.4,40.0,34.0,17.0,50.0,751.4375,0.0250000016710013,267272.0,275.8394998168945,60.00381999206543,685.0
13,21,1,2018,37.0,36.03333333333333,72.0,93.0,1.4,40.0,35.0,17.0,50.0,751.4375,0.0250000016710013,267272.0,275.8394998168945,60.00381999206543,685.0
14,21,1,2018,40.0,35.9,73.0,95.0,1.4,40.0,35.0,17.0,50.0,751.4375,0.0250000016710013,267272.0,275.8394998168945,60.00381999206543,685.0
15,21,1,2018,43.0,36.3,75.0,100.0,1.2,38.0,37.0,17.0,50.0,751.5,0.0250000020279996,267140.0,275.8379998779297,60.00395999145508,685.0
16,21,1,2018,43.0,36.833333333333336,75.0,100.0,1.0,35.0,41.0,17.0,50.0,751.5,0.0250000020279996,267140.0,275.8379998779297,60.00395999145508,685.0
17,21,1,2018,42.0,37.63333333333333,78.0,105.0,0.8,36.0,39.0,13.0,50.0,751.5,0.0250000020279996,267140.0,275.8379998779297,60.00395999145508,685.0
18,21,1,2018,40.0,37.43333333333333,81.0,111.0,0.6,38.0,35.0,10.0,50.00003749847412,750.5625,0.0250000018490012,267084.0,275.82940002441404,60.00415199279785,685.0
19,21,1,2018,38.0,36.93333333333333,79.0,108.0,0.7,48.0,23.0,7.0,50.00003749847412,750.5625,0.0250000018490012,267084.0,275.82940002441404,60.00415199279785,685.0
20,21,1,2018,40.0,35.666666666666664,82.0,113.0,0.6,54.0,16.0,7.0,50.00003749847412,750.5625,0.0250000018490012,267084.0,275.82940002441404,60.00415199279785,685.0
21,21,1,2018,46.0,34.233333333333334,77.0,103.0,0.7,47.0,20.0,8.0,50.00003749847412,750.375,0.0250000020560007,267240.0,275.8263000488281,60.0063999938965,685.0
22,21,1,2018,39.0,33.03333333333333,74.0,97.0,0.7,47.0,17.0,7.0,50.00003749847412,750.375,0.0250000020560007,267240.0,275.8263000488281,60.0063999938965,685.0
23,21,1,2018,40.0,32.43333333333333,72.0,93.0,0.7,52.0,12.0,7.0,50.00003749847412,750.375,0.0250000020560007,267240.0,275.8263000488281,60.0063999938965,685.0
0,22,1,2018,37.0,32.666666666666664,74.0,98.0,0.7,63.0,4.0,7.0,50.00003749847412,739.0,0.0250000012200009,267424.0,275.8308999633789,60.0077799911499,700.8125
1,22,1,2018,37.0,33.266666666666666,73.0,96.0,0.8,64.0,3.0,6.0,50.00003749847412,739.0,0.0250000012200009,267424.0,275.8308999633789,60.0077799911499,700.8125
2,22,1,2018,38.0,34.0,75.0,100.0,0.8,63.0,3.0,6.0,50.00003749847412,739.0,0.0250000012200009,267424.0,275.8308999633789,60.0077799911499,700.8125
3,22,1,2018,43.0,34.8,78.0,105.0,0.8,63.0,3.0,5.0,50.00003749847412,740.125,0.0250000021240003,267644.0,275.8432000732421,60.00471599578857,766.6875
4,22,1,2018,39.0,35.36666666666667,75.0,100.0,0.8,63.0,2.5,4.0,50.00003749847412,740.125,0.0250000021240003,267644.0,275.8432000732421,60.00471599578857,766.6875
5,22,1,2018,41.0,35.9,64.0,77.0,0.9,60.0,2.0,3.0,50.00003749847412,740.125,0.0250000021240003,267644.0,275.8432000732421,60.00471599578857,766.6875
6,22,1,2018,39.0,36.2,62.0,73.0,1.0,58.0,2.0,3.0,50.00003749847412,741.4375,0.025000002638001,267232.0,275.84139984130854,60.00555999755859,752.8125
7,22,1,2018,42.0,36.7,62.0,74.0,1.0,62.0,2.0,3.0,50.00003749847412,741.4375,0.025000002638001,267232.0,275.84139984130854,60.00555999755859,752.8125
8,22,1,2018,45.0,37.46666666666667,65.0,80.0,1.1,60.0,2.0,4.0,50.00003749847412,741.4375,0.025000002638001,267232.0,275.84139984130854,60.00555999755859,752.8125
9,22,1,2018,47.0,38.4,70.0,90.0,1.2,62.0,4.0,5.0,50.00003749847412,741.25,0.0250000023560002,267360.0,275.8372998046874,60.00575999450685,687.75
10,22,1,2018,53.0,39.3,73.0,93.0,1.1,50.0,16.0,8.0,50.00003749847412,741.25,0.0250000023560002,267360.0,275.8372998046874,60.00575999450685,687.75
11,22,1,2018,3.0,38.56666666666667,37.0,37.0,0.7,32.0,43.0,7.0,50.00003749847412,741.25,0.0250000023560002,267360.0,275.8372998046874,60.00575999450685,687.75
12,22,1,2018,79.0,40.03333333333333,105.0,125.0,1.3,42.0,28.0,7.0,50.00003749847412,739.125,0.0250000017889998,267932.0,275.82070007324216,60.00651999664306,685.0
13,22,1,2018,88.0,41.73333333333333,116.0,115.0,1.3,40.0,30.0,6.0,50.00003749847412,739.125,0.0250000017889998,267932.0,275.82070007324216,60.00651999664306,685.0
14,22,1,2018,92.0,43.63333333333333,121.0,113.0,1.7,44.0,30.0,8.0,50.00003749847412,739.125,0.0250000017889998,267932.0,275.82070007324216,60.00651999664306,685.0
15,22,1,2018,93.0,45.56666666666667,123.0,111.0,1.8,49.0,29.0,10.0,50.00003749847412,737.625,0.0250000008439999,267920.0,275.82239990234365,60.00911199188232,685.0
16,22,1,2018,90.0,47.36666666666667,119.0,116.0,1.8,55.0,23.0,9.0,50.00003749847412,737.625,0.0250000008439999,267920.0,275.82239990234365,60.00911199188232,685.0
17,22,1,2018,92.0,49.3,121.0,112.0,1.6,58.0,18.0,6.0,50.00003749847412,737.625,0.0250000008439999,267920.0,275.82239990234365,60.00911199188232,685.0
18,22,1,2018,96.0,51.4,126.0,133.0,1.8,71.0,5.0,4.0,50.0,733.3125,0.0250000004610009,268644.0,275.7772998046874,60.00911199188232,685.0
19,22,1,2018,21.0,50.86666666666667,30.0,95.0,0.4,26.0,53.0,4.0,50.0,733.3125,0.0250000004610009,268644.0,275.7772998046874,60.00911199188232,685.0
20,22,1,2018,9.0,49.833333333333336,54.0,57.0,0.3,19.0,63.0,2.0,50.0,733.3125,0.0250000004610009,268644.0,275.7772998046874,60.00911199188232,685.0
21,22,1,2018,4.0,48.53333333333333,68.0,85.0,0.3,15.0,68.0,3.0,50.0,730.8125,0.0250000001430008,268928.0,275.7572998046875,60.00911199188232,685.0
22,22,1,2018,8.0,47.36666666666667,76.0,101.0,0.3,11.0,72.0,3.0,50.0,730.8125,0.0250000001430008,268928.0,275.7572998046875,60.00911199188232,685.0
23,22,1,2018,11.0,46.333333333333336,105.0,159.0,0.3,8.0,76.0,2.0,50.0,730.8125,0.0250000001430008,268928.0,275.7572998046875,60.00911199188232,685.0
0,23,1,2018,6.0,45.2,51.0,51.0,0.2,7.0,75.0,2.0,50.0,727.25,0.025000000124,269204.0,275.7585998535156,60.00544799804688,703.0625
1,23,1,2018,4.5,44.083333333333336,36.5,36.5,0.25,7.0,73.0,2.0,50.0,727.25,0.025000000124,269204.0,275.7585998535156,60.00544799804688,703.0625
2,23,1,2018,3.0,42.85,22.0,22.0,0.3,7.0,71.0,2.0,50.0,727.25,0.025000000124,269204.0,275.7585998535156,60.00544799804688,703.0625
3,23,1,2018,3.0,41.41666666666666,37.0,37.0,0.3,6.0,70.0,2.0,50.0,727.4375,0.0250000001250002,269036.0,275.7929998779297,60.00568399810791,801.125
4,23,1,2018,7.0,40.35,33.0,33.0,0.3,4.0,70.0,2.0,50.0,727.4375,0.0250000001250002,269036.0,275.7929998779297,60.00568399810791,801.125
5,23,1,2018,3.0,39.11666666666667,24.0,24.0,0.3,4.0,70.0,2.0,50.0,727.4375,0.0250000001250002,269036.0,275.7929998779297,60.00568399810791,801.125
6,23,1,2018,3.0,37.98333333333333,21.0,13.0,0.3,6.0,68.0,2.0,50.0,730.3125,0.0250000001760013,268256.0,275.81739990234365,60.0077799911499,793.5625
7,23,1,2018,3.0,36.85,20.0,13.0,0.3,9.0,65.0,2.0,50.0,730.3125,0.0250000001760013,268256.0,275.81739990234365,60.0077799911499,793.5625
8,23,1,2018,6.0,35.78333333333333,18.0,18.0,0.4,22.0,53.0,2.0,50.0,730.3125,0.0250000001760013,268256.0,275.81739990234365,60.0077799911499,793.5625
9,23,1,2018,4.0,34.483333333333334,19.0,14.0,0.4,14.0,60.0,2.0,50.0,733.9375,0.0250000008400008,268308.0,275.8194998168945,60.00440399169922,688.625
10,23,1,2018,3.0,33.28333333333333,21.0,12.0,0.4,10.0,67.0,2.0,50.0,733.9375,0.0250000008400008,268308.0,275.8194998168945,60.00440399169922,688.625
11,23,1,2018,5.0,32.083333333333336,22.0,6.0,0.3,6.0,71.0,2.0,50.0,733.9375,0.0250000008400008,268308.0,275.8194998168945,60.00440399169922,688.625
12,23,1,2018,3.0,30.883333333333333,23.0,6.0,0.3,7.0,74.0,2.0,50.0,732.375,0.0250000008780006,268592.0,275.797200012207,60.00309199523926,685.0
13,23,1,2018,3.0,29.58333333333333,24.0,10.0,0.3,10.0,76.0,2.0,50.0,732.375,0.0250000008780006,268592.0,275.797200012207,60.00309199523926,685.0
14,23,1,2018,6.0,28.28333333333333,24.0,12.0,0.3,11.0,77.0,2.0,50.0,732.375,0.0250000008780006,268592.0,275.797200012207,60.00309199523926,685.0
15,23,1,2018,13.0,27.15,31.0,31.0,0.3,14.0,74.0,2.0,50.0,731.8125,0.025000000996001,268692.0,275.7854998779297,60.0030359954834,685.0
16,23,1,2018,11.0,25.75,30.0,30.0,0.3,15.0,75.0,2.0,50.0,731.8125,0.025000000996001,268692.0,275.7854998779297,60.0030359954834,685.0
17,23,1,2018,15.0,26.15,37.0,37.0,0.4,20.0,68.0,2.0,50.0,731.8125,0.025000000996001,268692.0,275.7854998779297,60.0030359954834,685.0
18,23,1,2018,17.0,24.08333333333333,55.0,60.0,0.4,38.0,49.0,3.0,50.0,731.1875,0.0250000010000001,268888.0,275.77649993896483,60.00234799194336,685.0
19,23,1,2018,23.0,21.916666666666668,59.0,68.0,0.6,48.0,38.0,4.0,50.0,731.1875,0.0250000010000001,268888.0,275.77649993896483,60.00234799194336,685.0
20,23,1,2018,29.0,19.816666666666663,60.0,69.0,0.7,52.0,32.0,5.0,50.0,731.1875,0.0250000010000001,268888.0,275.77649993896483,60.00234799194336,685.0
21,23,1,2018,42.0,18.116666666666667,69.0,88.0,0.8,47.0,36.0,10.0,50.0,731.0,0.0250000006930008,269016.0,275.784100036621,60.00521999359131,685.0
22,23,1,2018,56.0,16.983333333333334,76.0,88.0,0.9,47.0,35.0,16.0,50.0,731.0,0.0250000006930008,269016.0,275.784100036621,60.00521999359131,685.0
23,23,1,2018,56.0,15.783333333333331,76.0,82.0,1.0,50.0,31.0,17.0,50.0,731.0,0.0250000006930008,269016.0,275.784100036621,60.00521999359131,685.0
0,24,1,2018,58.0,14.516666666666667,79.0,95.0,1.1,74.0,9.0,16.0,50.0,729.875,0.0250000003050006,269260.0,275.78699981689454,60.00596399688721,703.3125
1,24,1,2018,64.0,15.95,86.0,93.0,1.2,76.0,5.0,15.0,50.0,729.875,0.0250000003050006,269260.0,275.78699981689454,60.00596399688721,703.3125
2,24,1,2018,64.0,17.783333333333335,86.0,94.0,1.4,75.0,2.0,11.0,50.0,729.875,0.0250000003050006,269260.0,275.78699981689454,60.00596399688721,703.3125
3,24,1,2018,68.0,19.916666666666668,91.0,103.0,1.4,79.0,2.0,10.0,50.0,730.4375,0.0250000002530012,269308.0,275.82669982910147,60.007595993042,798.875
4,24,1,2018,62.0,21.716666666666665,87.0,124.0,1.3,73.0,4.0,8.0,50.0,730.4375,0.0250000002530012,269308.0,275.82669982910147,60.007595993042,798.875
5,24,1,2018,43.0,22.78333333333333,63.0,75.0,1.1,73.0,6.0,7.0,50.0,730.4375,0.0250000002530012,269308.0,275.82669982910147,60.007595993042,798.875
6,24,1,2018,45.0,24.08333333333333,64.0,78.0,1.2,82.0,2.0,7.0,50.0,735.125,0.0250000009860005,268708.0,275.8495999145508,60.00911199188232,786.9375
7,24,1,2018,57.0,25.83333333333333,78.0,92.0,1.6,76.0,3.0,9.0,50.0,735.125,0.0250000009860005,268708.0,275.8495999145508,60.00911199188232,786.9375
8,24,1,2018,68.0,28.0,91.0,95.0,1.4,72.0,3.0,10.0,50.0,735.125,0.0250000009860005,268708.0,275.8495999145508,60.00911199188232,786.9375
9,24,1,2018,69.0,30.2,93.0,97.0,1.4,70.0,10.0,14.0,50.0,736.375,0.0250000012219995,268872.0,275.8423999023437,60.0042919921875,688.8125
10,24,1,2018,55.0,31.8,75.0,78.0,1.1,58.0,26.0,13.0,50.0,736.375,0.0250000012219995,268872.0,275.8423999023437,60.0042919921875,688.8125
11,24,1,2018,39.5,33.016666666666666,56.5,58.0,0.75,42.5,44.5,10.5,50.0,736.375,0.0250000012219995,268872.0,275.8423999023437,60.0042919921875,688.8125
12,24,1,2018,24.0,33.71666666666667,38.0,38.0,0.4,27.0,63.0,8.0,50.0,734.1875,0.0250000009920001,269140.0,275.82009979248045,60.00413599395752,685.0
13,24,1,2018,30.0,34.61666666666667,43.0,41.0,0.4,26.0,67.0,9.0,50.0,734.1875,0.0250000009920001,269140.0,275.82009979248045,60.00413599395752,685.0
14,24,1,2018,26.0,35.28333333333333,37.0,28.0,0.3,21.0,75.0,8.0,50.0,734.1875,0.0250000009920001,269140.0,275.82009979248045,60.00413599395752,685.0
15,24,1,2018,30.0,36.15,43.0,35.0,0.3,27.0,72.0,8.0,50.0,734.0625,0.0250000011030007,269396.0,275.81459991455074,60.00185199737549,685.0
16,24,1,2018,31.0,37.083333333333336,45.0,45.0,0.5,36.0,61.0,8.0,50.0,734.0625,0.0250000011030007,269396.0,275.81459991455074,60.00185199737549,685.0
17,24,1,2018,39.0,38.21666666666667,55.0,59.0,0.5,41.0,55.0,9.0,50.0,734.0625,0.0250000011030007,269396.0,275.81459991455074,60.00185199737549,685.0
18,24,1,2018,41.0,39.48333333333333,59.0,68.0,0.6,47.0,43.0,9.0,50.0,731.6875,0.0250000010379999,269596.0,275.7835998535156,60.00335599517823,685.0
19,24,1,2018,47.0,40.95,65.0,73.0,0.6,58.0,28.0,9.0,50.0,731.6875,0.0250000010379999,269596.0,275.7835998535156,60.00335599517823,685.0
20,24,1,2018,44.0,42.21666666666667,67.0,84.0,0.7,68.0,18.0,10.0,50.0,731.6875,0.0250000010379999,269596.0,275.7835998535156,60.00335599517823,685.0
21,24,1,2018,58.0,43.71666666666667,79.0,103.0,0.8,51.0,35.0,12.0,50.0,732.75,0.0250000010950006,269596.0,275.79699981689447,60.00600799560547,685.0
22,24,1,2018,66.0,45.55,89.0,101.0,1.0,61.0,25.0,13.0,50.0,732.75,0.0250000010950006,269596.0,275.79699981689447,60.00600799560547,685.0
23,24,1,2018,76.0,47.583333333333336,101.0,115.0,1.1,74.0,13.0,16.0,50.0,732.75,0.0250000010950006,269596.0,275.79699981689447,60.00600799560547,685.0
0,25,1,2018,81.0,49.71666666666667,108.0,115.0,1.1,80.0,7.0,16.0,50.0,732.5625,0.0250000010950006,269596.0,275.78729980468745,60.00354399108887,704.3125
1,25,1,2018,85.0,51.78333333333333,113.0,118.0,1.2,88.0,2.0,14.0,50.0,732.5625,0.0250000010950006,269596.0,275.78729980468745,60.00354399108887,704.3125
2,25,1,2018,82.0,53.55,109.0,126.0,1.4,82.0,2.0,17.0,50.0,732.5625,0.0250000010950006,269596.0,275.78729980468745,60.00354399108887,704.3125
3,25,1,2018,66.0,54.35,89.0,100.0,1.2,75.0,3.0,11.0,50.0,732.3125,0.0250000010730009,269596.0,275.81600006103514,60.00911199188232,790.8125
4,25,1,2018,41.0,53.85,65.0,80.0,0.9,72.0,4.0,7.0,50.0,732.3125,0.0250000010730009,269596.0,275.81600006103514,60.00911199188232,790.8125
5,25,1,2018,16.0,52.516666666666666,27.0,19.0,0.4,54.0,23.0,4.0,50.0,732.3125,0.0250000010730009,269596.0,275.81600006103514,60.00911199188232,790.8125
6,25,1,2018,3.0,50.68333333333333,20.0,11.0,0.3,40.0,39.0,4.0,50.0,737.0625,0.0250000009270012,269596.0,275.8254000854492,60.0072559967041,771.6875
7,25,1,2018,7.0,48.78333333333333,18.0,18.0,0.3,34.0,44.0,4.0,50.0,737.0625,0.0250000009270012,269596.0,275.8254000854492,60.0072559967041,771.6875
8,25,1,2018,4.0,46.78333333333333,19.0,19.0,0.3,33.0,46.0,6.0,50.0,737.0625,0.0250000009270012,269596.0,275.8254000854492,60.0072559967041,771.6875
9,25,1,2018,5.0,44.68333333333333,21.0,21.0,0.3,30.0,52.0,3.0,50.0,734.9375,0.0250000009950008,269596.0,275.82320007324216,60.005031997680646,698.5625
10,25,1,2018,6.0,42.81666666666667,30.0,30.0,0.4,26.0,56.0,4.0,50.0,734.9375,0.0250000009950008,269596.0,275.82320007324216,60.005031997680646,698.5625
11,25,1,2018,9.0,41.68333333333333,32.0,32.0,0.3,24.0,59.0,4.0,50.0,734.9375,0.0250000009950008,269596.0,275.82320007324216,60.005031997680646,698.5625
12,25,1,2018,6.0,40.38333333333333,24.0,24.0,0.4,24.0,59.0,5.0,50.0,733.8125,0.0250000011050012,269596.0,275.8044998168945,60.0005839920044,685.0
13,25,1,2018,5.0,38.65,20.0,16.0,0.3,21.0,64.0,5.0,50.0,733.8125,0.0250000011050012,269596.0,275.8044998168945,60.0005839920044,685.0
14,25,1,2018,10.0,36.71666666666667,21.0,21.0,0.3,22.0,64.0,4.0,50.0,733.8125,0.0250000011050012,269596.0,275.8044998168945,60.0005839920044,685.0
15,25,1,2018,6.0,34.61666666666667,24.0,24.0,0.3,24.0,64.0,4.0,50.0,732.3125,0.0250000011219996,269596.0,275.7832998657226,60.00114799499512,685.0
16,25,1,2018,5.0,32.95,28.0,28.0,0.2,25.0,65.0,3.0,50.0,732.3125,0.0250000011219996,269596.0,275.7832998657226,60.00114799499512,685.0
17,25,1,2018,7.0,31.866666666666667,21.0,21.0,0.2,29.0,61.0,3.0,50.0,732.3125,0.0250000011219996,269596.0,275.7832998657226,60.00114799499512,685.0
18,25,1,2018,10.0,31.4,28.0,28.0,0.2,42.0,46.0,4.0,50.0,732.75,0.0250000012159999,269596.0,275.7870999145508,60.00187999725342,685.0
19,25,1,2018,10.0,30.73333333333333,46.0,46.0,0.3,48.0,37.0,3.0,50.0,732.75,0.0250000012159999,269596.0,275.7870999145508,60.00187999725342,685.0
20,25,1,2018,13.0,30.3,51.0,51.0,0.3,62.0,21.0,2.0,50.0,732.75,0.0250000012159999,269596.0,275.7870999145508,60.00187999725342,685.0
21,25,1,2018,12.0,29.7,44.0,44.0,0.3,58.0,23.0,2.0,50.0,731.375,0.025000001120001,269596.0,275.7704000854492,60.00160799407959,685.0
22,25,1,2018,11.0,29.03333333333333,43.0,43.0,0.4,53.0,27.0,3.0,50.0,731.375,0.025000001120001,269596.0,275.7704000854492,60.00160799407959,685.0
23,25,1,2018,20.0,28.4,46.0,46.0,0.5,52.0,26.0,4.0,50.0,731.375,0.025000001120001,269596.0,275.7704000854492,60.00160799407959,685.0
0,26,1,2018,37.0,28.266666666666666,64.0,77.0,0.9,72.0,4.0,5.0,50.0,732.0,0.0250000012250002,269596.0,275.7642999267578,60.00169599151612,700.9375
1,26,1,2018,29.0,27.666666666666668,75.0,99.0,0.9,71.0,2.0,5.333333333333333,50.0,732.0,0.0250000012250002,269596.0,275.7642999267578,60.00169599151612,700.9375
2,26,1,2018,20.0,26.866666666666667,68.0,85.0,0.8,69.0,2.0,5.666666666666668,50.0,732.0,0.0250000012250002,269596.0,275.7642999267578,60.00169599151612,700.9375
3,26,1,2018,16.0,25.466666666666665,52.0,53.0,0.7,70.0,3.333333333333333,6.0,50.0,732.6875,0.0250000014820005,269596.0,275.80029998779287,60.00343999481201,784.5625
4,26,1,2018,17.0,23.83333333333333,37.0,37.0,0.6,67.66666666666667,4.666666666666666,5.0,50.0,732.6875,0.0250000014820005,269596.0,275.80029998779287,60.00343999481201,784.5625
5,26,1,2018,14.0,21.766666666666666,28.0,28.0,0.5,65.33333333333333,6.0,4.0,50.0,732.6875,0.0250000014820005,269596.0,275.80029998779287,60.00343999481201,784.5625
6,26,1,2018,11.0,19.433333333333334,32.0,25.0,0.4,63.0,13.0,3.0,50.0,736.4375,0.025000001449,269596.0,275.823099975586,60.00312399291992,775.8125
7,26,1,2018,6.0,16.8,30.0,22.0,0.5,60.0,16.0,2.0,50.0,736.4375,0.025000001449,269596.0,275.823099975586,60.00312399291992,775.8125
8,26,1,2018,10.0,14.4,30.0,25.0,0.5,59.0,15.0,3.0,50.0,736.4375,0.025000001449,269596.0,275.823099975586,60.00312399291992,775.8125
9,26,1,2018,7.0,12.433333333333334,28.0,28.0,0.5,51.0,25.0,3.0,50.0,736.8125,0.0250000013510007,269520.0,275.8254000854492,60.00372799682617,688.375
10,26,1,2018,10.0,11.4,22.0,21.0,0.4,43.0,38.0,4.0,50.0,736.8125,0.0250000013510007,269520.0,275.8254000854492,60.00372799682617,688.375
11,26,1,2018,14.0,11.333333333333334,30.0,30.0,0.5,45.0,40.0,6.0,50.0,736.8125,0.0250000013510007,269520.0,275.8254000854492,60.00372799682617,688.375
12,26,1,2018,10.0,11.566666666666666,23.0,23.0,0.4,42.0,44.0,5.0,50.0,736.0,0.0250000014210008,269556.0,275.8135998535156,60.0038159942627,685.0
13,26,1,2018,21.0,12.033333333333331,35.0,35.0,0.5,44.0,46.0,8.0,50.0,736.0,0.0250000014210008,269556.0,275.8135998535156,60.0038159942627,685.0
14,26,1,2018,25.0,12.733333333333333,43.0,43.0,0.5,42.0,48.0,8.0,50.0,736.0,0.0250000014210008,269556.0,275.8135998535156,60.0038159942627,685.0
15,26,1,2018,29.0,13.533333333333331,50.0,50.0,0.5,38.0,52.0,11.0,50.0,734.9375,0.0250000011260006,269476.0,275.8064999389648,60.00233999633789,685.0
16,26,1,2018,36.0,14.533333333333331,53.0,55.0,0.5,39.0,51.0,15.0,50.0,734.9375,0.0250000011260006,269476.0,275.8064999389648,60.00233999633789,685.0
17,26,1,2018,41.0,15.6,58.0,57.0,0.6,46.0,43.0,13.0,50.0,734.9375,0.0250000011260006,269476.0,275.8064999389648,60.00233999633789,685.0
18,26,1,2018,40.0,16.733333333333334,57.0,63.0,0.6,53.0,34.0,10.0,50.0,733.625,0.0250000009720008,269364.0,275.7932000732422,60.0015239944458,685.0
19,26,1,2018,42.0,17.966666666666665,61.0,71.0,0.7,58.0,28.0,9.0,50.0,733.625,0.0250000009720008,269364.0,275.7932000732422,60.0015239944458,685.0
20,26,1,2018,59.0,19.6,80.0,91.0,0.9,60.0,26.0,13.0,50.0,733.625,0.0250000009720008,269364.0,275.7932000732422,60.0015239944458,685.0
21,26,1,2018,76.0,21.933333333333334,101.0,100.0,1.1,64.0,21.0,14.0,50.0,732.25,0.0250000009780004,269216.0,275.774100036621,60.000103996276856,685.0
22,26,1,2018,95.0,24.933333333333334,125.0,118.0,1.2,71.0,17.0,13.0,50.0,732.25,0.0250000009780004,269216.0,275.774100036621,60.000103996276856,685.0
23,26,1,2018,106.0,28.23333333333333,139.0,124.0,1.2,72.0,15.0,12.0,50.0,732.25,0.0250000009780004,269216.0,275.774100036621,60.000103996276856,685.0
0,27,1,2018,90.0,30.9,119.0,100.0,1.2,70.0,14.0,11.0,50.0,746.75,0.0250000010209996,269204.0,275.7769998168945,60.0037439956665,694.1875
1,27,1,2018,88.0,33.5,116.0,94.0,1.3,75.0,9.0,11.0,50.0,746.75,0.0250000010209996,269204.0,275.7769998168945,60.0037439956665,694.1875
2,27,1,2018,92.0,36.13333333333333,121.0,97.0,1.3,78.0,4.0,10.0,50.0,746.75,0.0250000010209996,269204.0,275.7769998168945,60.0037439956665,694.1875
3,27,1,2018,98.0,39.0,129.0,108.66666666666669,1.4,82.0,2.0,9.0,50.0,749.125,0.025000000926001,269012.0,275.81350006103514,60.00321599578857,717.0
4,27,1,2018,101.0,42.0,133.0,120.33333333333331,1.6,85.0,2.0,8.0,50.0,749.125,0.025000000926001,269012.0,275.81350006103514,60.00321599578857,717.0
5,27,1,2018,102.0,44.73333333333333,134.0,132.0,1.8,81.0,2.0,7.0,50.0,749.125,0.025000000926001,269012.0,275.81350006103514,60.00321599578857,717.0
6,27,1,2018,97.0,46.73333333333333,128.0,130.0,1.8,79.0,2.0,7.0,50.0,753.125,0.0250000010260008,268432.0,275.8304998779296,60.00393199157715,706.875
7,27,1,2018,85.0,48.6,113.0,106.0,1.6,79.0,2.0,7.0,50.0,753.125,0.0250000010260008,268432.0,275.8304998779296,60.00393199157715,706.875
8,27,1,2018,75.0,50.43333333333333,100.0,94.0,1.5,76.0,2.0,7.0,50.0,753.125,0.0250000010260008,268432.0,275.8304998779296,60.00393199157715,706.875
9,27,1,2018,77.0,52.46666666666667,103.0,92.0,1.8,76.0,4.0,11.0,50.0,752.6875,0.0250000010059997,268256.0,275.8380999755859,60.00282799530029,686.25
10,27,1,2018,78.0,54.5,104.0,98.0,1.8,77.5,6.0,14.5,50.0,752.6875,0.0250000010059997,268256.0,275.8380999755859,60.00282799530029,686.25
11,27,1,2018,79.0,56.66666666666666,105.0,104.0,1.8,79.0,8.0,17.0,50.0,752.6875,0.0250000010059997,268256.0,275.8380999755859,60.00282799530029,686.25
12,27,1,2018,87.0,59.2,115.0,105.0,1.8,79.0,11.0,17.0,50.0,751.8125,0.0250000009920001,268440.0,275.82940002441404,60.000103996276856,685.0
13,27,1,2018,95.0,62.16666666666666,125.0,100.0,1.6,76.0,15.0,17.0,50.0,751.8125,0.0250000009920001,268440.0,275.82940002441404,60.000103996276856,685.0
14,27,1,2018,99.0,65.13333333333334,130.0,115.0,1.6,82.0,13.0,17.0,50.0,751.8125,0.0250000009920001,268440.0,275.82940002441404,60.000103996276856,685.0
15,27,1,2018,121.0,68.93333333333334,159.0,124.0,1.4,79.0,15.0,17.0,50.0,750.8125,0.0250000014230012,268508.0,275.816900024414,60.00222399139404,685.0
16,27,1,2018,109.0,72.23333333333333,143.0,114.0,1.3,71.0,20.0,17.0,50.0,750.8125,0.0250000014230012,268508.0,275.816900024414,60.00222399139404,685.0
17,27,1,2018,106.0,75.3,139.0,118.0,1.4,71.0,21.0,17.0,50.0,750.8125,0.0250000014230012,268508.0,275.816900024414,60.00222399139404,685.0
18,27,1,2018,124.0,79.1,163.0,141.0,1.4,85.0,10.0,17.0,50.0,751.25,0.0250000010860003,268756.0,275.82320007324216,60.00911199188232,685.0
19,27,1,2018,136.0,82.93333333333334,180.0,147.0,1.4,90.0,3.0,17.0,50.0,751.25,0.0250000010860003,268756.0,275.82320007324216,60.00911199188232,685.0
20,27,1,2018,123.0,86.2,161.0,141.0,1.4,92.0,2.0,16.0,50.0,751.25,0.0250000010860003,268756.0,275.82320007324216,60.00911199188232,685.0
21,27,1,2018,115.0,89.06666666666666,150.0,139.0,1.6,95.0,2.0,16.0,50.0,747.625,0.0250000009589996,268960.0,275.7866998291016,60.00911199188232,685.0
22,27,1,2018,117.0,91.76666666666668,153.0,140.0,1.75,93.5,2.0,14.5,50.0,747.625,0.0250000009589996,268960.0,275.7866998291016,60.00911199188232,685.0
23,27,1,2018,119.0,94.36666666666666,156.0,141.0,1.8,92.0,2.0,13.0,50.0,747.625,0.0250000009589996,268960.0,275.7866998291016,60.00911199188232,685.0
0,28,1,2018,113.0,96.8,148.0,129.0,1.7,90.0,2.0,12.0,50.0,728.6875,0.0250000002229996,269288.0,275.7732000732421,60.00619199371338,706.375
1,28,1,2018,102.0,98.8,134.0,118.0,1.6,91.0,2.0,9.0,50.0,728.6875,0.0250000002229996,269288.0,275.7732000732421,60.00619199371338,706.375
2,28,1,2018,28.0,97.76666666666668,50.0,50.0,1.1333333333333333,22.0,55.0,6.0,50.0,728.6875,0.0250000002229996,269288.0,275.7732000732421,60.00619199371338,706.375
3,28,1,2018,6.0,95.43333333333334,40.0,40.0,0.6666666666666666,12.0,62.0,3.0,50.0,729.5,0.0250000004249997,269236.0,275.802200012207,60.006047996521,799.75
4,28,1,2018,6.0,92.46666666666668,50.0,50.0,0.2,10.666666666666666,69.0,2.0,50.0,729.5,0.0250000004249997,269236.0,275.802200012207,60.006047996521,799.75
5,28,1,2018,12.0,89.33333333333333,140.0,230.0,0.1,9.333333333333334,76.0,2.0,50.0,729.5,0.0250000004249997,269236.0,275.802200012207,60.006047996521,799.75
6,28,1,2018,8.0,86.6,54.0,57.0,0.2,8.0,72.0,2.0,50.0,732.5625,0.0250000004160013,268468.0,275.846900024414,60.00713599395752,799.125
7,28,1,2018,5.0,83.83333333333333,31.0,31.0,0.2,9.0,72.0,2.0,50.0,732.5625,0.0250000004160013,268468.0,275.846900024414,60.00713599395752,799.125
8,28,1,2018,4.0,80.9,61.0,71.0,0.2,8.0,73.0,2.0,50.0,732.5625,0.0250000004160013,268468.0,275.846900024414,60.00713599395752,799.125
9,28,1,2018,5.0,77.8,95.0,139.0,0.2,6.0,74.0,2.0,50.0,736.0,0.0250000005900003,268148.0,275.857200012207,60.00903999328613,686.0625
10,28,1,2018,8.0,74.7,43.0,43.0,0.2,8.0,74.0,2.0,50.0,736.0,0.0250000005900003,268148.0,275.857200012207,60.00903999328613,686.0625
11,28,1,2018,8.0,71.56666666666666,32.0,32.0,0.2,7.0,76.0,2.0,50.0,736.0,0.0250000005900003,268148.0,275.857200012207,60.00903999328613,686.0625
12,28,1,2018,4.0,68.46666666666667,30.0,30.0,0.2,8.0,77.0,2.0,50.0,733.25,0.0250000004130005,268256.0,275.82829986572256,60.00689999389648,685.0
13,28,1,2018,6.0,65.83333333333333,25.0,24.0,0.2,9.0,79.0,2.0,50.0,733.25,0.0250000004130005,268256.0,275.82829986572256,60.00689999389648,685.0
14,28,1,2018,4.0,63.46666666666667,25.0,20.0,0.2,11.0,79.0,2.0,50.0,733.25,0.0250000004130005,268256.0,275.82829986572256,60.00689999389648,685.0
15,28,1,2018,6.0,61.1,27.0,27.0,0.2,12.0,79.0,2.0,50.0,736.25,0.0250000015300009,268392.0,275.83169982910147,60.00667199707031,685.0
16,28,1,2018,8.0,58.766666666666666,99.0,148.0,0.3,18.0,74.0,2.0,50.0,736.25,0.0250000015300009,268392.0,275.83169982910147,60.00667199707031,685.0
17,28,1,2018,10.0,56.46666666666667,41.0,41.0,0.4,21.0,72.0,2.0,50.0,736.25,0.0250000015300009,268392.0,275.83169982910147,60.00667199707031,685.0
18,28,1,2018,16.0,54.1,51.0,52.0,0.3,27.0,61.0,2.0,50.0,735.3125,0.0250000013040006,268520.0,275.8251998901367,60.00410799407959,685.0
19,28,1,2018,24.0,51.73333333333333,61.0,71.0,0.4,36.0,49.0,2.0,50.0,735.3125,0.0250000013040006,268520.0,275.8251998901367,60.00410799407959,685.0
20,28,1,2018,29.0,49.4,62.0,73.0,0.4,37.0,47.0,2.0,50.0,735.3125,0.0250000013040006,268520.0,275.8251998901367,60.00410799407959,685.0
21,28,1,2018,29.0,46.333333333333336,60.0,69.0,0.5,52.0,31.0,2.0,50.0,734.3125,0.0250000010280013,268664.0,275.81940002441405,60.00491999816894,685.0
22,28,1,2018,37.0,43.93333333333333,65.0,79.0,0.7,73.0,10.0,3.0,50.0,734.3125,0.0250000010280013,268664.0,275.81940002441405,60.00491999816894,685.0
23,28,1,2018,13.0,40.833333333333336,91.0,131.0,0.2,16.0,72.0,2.0,50.0,734.3125,0.0250000010280013,268664.0,275.81940002441405,60.00491999816894,685.0
0,29,1,2018,6.0,36.9,107.0,163.0,0.2,7.0,82.0,2.0,50.0,734.1875,0.0250000007210001,268636.0,275.81850006103514,60.00587599182129,705.5
1,29,1,2018,7.0,32.6,84.0,118.0,0.2,8.0,79.0,2.0,50.0,734.1875,0.0250000007210001,268636.0,275.81850006103514,60.00587599182129,705.5
2,29,1,2018,6.0,28.7,68.0,85.0,0.1,8.0,78.0,2.0,50.0,734.1875,0.0250000007210001,268636.0,275.81850006103514,60.00587599182129,705.5
3,29,1,2018,4.0,25.0,66.0,81.0,0.2,10.0,75.0,2.0,50.0,734.125,0.0250000006090011,268712.0,275.8595999145508,60.00583999633789,799.5
4,29,1,2018,4.0,21.23333333333333,62.0,73.0,0.2,10.0,75.0,2.0,50.0,734.125,0.0250000006090011,268712.0,275.8595999145508,60.00583999633789,799.5
5,29,1,2018,5.0,17.433333333333334,63.0,75.0,0.2,10.0,74.0,2.0,50.0,734.125,0.0250000006090011,268712.0,275.8595999145508,60.00583999633789,799.5
6,29,1,2018,5.0,13.833333333333334,66.0,81.0,0.2,11.0,74.0,2.0,50.0,737.875,0.0250000006080009,268168.0,275.87369995117183,60.00759999847412,787.375
7,29,1,2018,38.0,11.7,79.0,108.0,1.0,78.0,5.0,7.0,50.0,737.875,0.0250000006080009,268168.0,275.87369995117183,60.00759999847412,787.375
8,29,1,2018,58.0,12.7,85.0,119.0,1.2,80.0,2.0,9.0,50.0,737.875,0.0250000006080009,268168.0,275.87369995117183,60.00759999847412,787.375
9,29,1,2018,51.0,14.2,84.0,118.0,1.2,72.0,12.0,9.0,50.0,738.75,0.0250000006870012,268072.0,275.8792999267577,60.00215599060058,690.25
10,29,1,2018,45.0,15.5,82.0,113.0,0.9,56.0,30.0,6.0,50.0,738.75,0.0250000006870012,268072.0,275.8792999267577,60.00215599060058,690.25
11,29,1,2018,37.0,16.333333333333332,82.0,113.0,0.6,41.0,46.0,6.0,50.0,738.75,0.0250000006870012,268072.0,275.8792999267577,60.00215599060058,690.25
12,29,1,2018,32.0,17.133333333333333,67.0,83.0,0.5,29.0,60.0,4.0,50.0,737.25,0.0250000007940009,268028.0,275.8566998291016,60.00309199523926,685.0
13,29,1,2018,23.0,17.733333333333334,56.0,61.0,0.3,23.0,69.0,3.0,50.0,737.25,0.0250000007940009,268028.0,275.8566998291016,60.00309199523926,685.0
14,29,1,2018,16.0,18.133333333333333,37.0,37.0,0.2,17.0,82.0,2.0,50.0,737.25,0.0250000007940009,268028.0,275.8566998291016,60.00309199523926,685.0
15,29,1,2018,7.0,18.2,31.0,31.0,0.2,16.0,78.0,2.0,50.0,735.125,0.0250000007840003,268036.0,275.82910003662107,60.00171599578857,685.0
16,29,1,2018,7.0,18.166666666666668,31.0,31.0,0.2,18.0,74.0,2.0,50.0,735.125,0.0250000007840003,268036.0,275.82910003662107,60.00171599578857,685.0
17,29,1,2018,5.0,18.066666666666663,33.0,33.0,0.2,27.0,64.0,2.0,50.0,735.125,0.0250000007840003,268036.0,275.82910003662107,60.00171599578857,685.0
18,29,1,2018,9.0,18.23333333333333,36.0,36.0,0.3,43.0,48.0,2.0,50.0,735.125,0.0250000008090008,267880.0,275.8283999633789,60.0025359954834,685.0
19,29,1,2018,10.0,18.366666666666667,45.0,45.0,0.3,53.0,38.0,2.0,50.0,735.125,0.0250000008090008,267880.0,275.8283999633789,60.0025359954834,685.0
20,29,1,2018,26.0,19.1,57.0,63.0,0.6,86.0,7.0,3.0,50.0,735.125,0.0250000008090008,267880.0,275.8283999633789,60.0025359954834,685.0
21,29,1,2018,28.0,19.83333333333333,61.0,71.0,0.6,83.0,7.0,4.0,50.0,737.5,0.025000000736,267784.0,275.861900024414,60.00653999328613,685.0
22,29,1,2018,30.0,20.566666666666663,61.0,71.0,0.7,79.0,7.0,6.0,50.0,737.5,0.025000000736,267784.0,275.861900024414,60.00653999328613,685.0
23,29,1,2018,33.0,21.33333333333333,63.0,76.0,0.7,74.0,6.0,9.0,50.0,737.5,0.025000000736,267784.0,275.861900024414,60.00653999328613,685.0
0,30,1,2018,36.0,22.0,68.0,86.0,0.9,81.0,2.0,9.0,50.0,737.0625,0.0250000007819999,267792.0,275.8616000366211,60.008611991882326,699.9375
1,30,1,2018,37.0,22.433333333333334,68.0,85.0,1.5,80.0,2.0,8.0,50.0,737.0625,0.0250000007819999,267792.0,275.8616000366211,60.008611991882326,699.9375
2,30,1,2018,41.0,22.83333333333333,69.0,87.0,1.3,77.0,2.0,8.0,50.0,737.0625,0.0250000007819999,267792.0,275.8616000366211,60.008611991882326,699.9375
3,30,1,2018,50.0,23.53333333333333,78.0,105.0,1.3,77.0,2.0,8.0,50.0,737.5,0.0250000006390009,267744.0,275.9030999755859,60.00911199188232,800.8125
4,30,1,2018,52.0,24.03333333333333,75.0,99.0,1.4,74.0,2.0,8.0,50.0,737.5,0.0250000006390009,267744.0,275.9030999755859,60.00911199188232,800.8125
5,30,1,2018,44.0,25.066666666666663,70.0,89.0,1.5,71.0,2.0,10.0,50.0,737.5,0.0250000006390009,267744.0,275.9030999755859,60.00911199188232,800.8125
6,30,1,2018,45.0,26.366666666666667,77.0,103.0,1.8,81.0,2.0,9.0,50.0,738.875,0.025000000612,267240.0,275.92259979248047,60.00373199462891,800.25
7,30,1,2018,40.0,27.466666666666665,74.0,98.0,1.7,76.0,2.0,7.0,50.0,738.875,0.025000000612,267240.0,275.92259979248047,60.00373199462891,800.25
8,30,1,2018,35.0,28.433333333333334,59.0,68.0,1.8,82.0,3.0,8.0,50.0,738.875,0.025000000612,267240.0,275.92259979248047,60.00373199462891,800.25
9,30,1,2018,39.0,29.6,63.0,76.0,1.8,88.0,7.0,8.0,50.0,740.75,0.0250000005630012,267536.0,275.9176998901367,60.00500799560547,691.5
10,30,1,2018,23.0,30.23333333333333,53.0,56.0,1.2,72.0,21.0,4.0,50.0,740.75,0.0250000005630012,267536.0,275.9176998901367,60.00500799560547,691.5
11,30,1,2018,26.0,30.933333333333334,50.0,50.0,0.7,49.0,45.0,5.0,50.0,740.75,0.0250000005630012,267536.0,275.9176998901367,60.00500799560547,691.5
12,30,1,2018,14.0,31.23333333333333,37.0,37.0,0.4,37.0,62.0,4.0,50.0,739.1875,0.0250000007840003,267900.0,275.888699951172,60.00404399108886,685.0
13,30,1,2018,13.0,30.4,26.0,26.0,0.3,29.0,73.0,3.0,50.0,739.1875,0.0250000007840003,267900.0,275.888699951172,60.00404399108886,685.0
14,30,1,2018,15.0,28.966666666666665,25.0,19.0,0.2,23.0,81.0,2.0,50.0,739.1875,0.0250000007840003,267900.0,275.888699951172,60.00404399108886,685.0
15,30,1,2018,11.0,27.633333333333333,26.0,18.0,0.2,21.0,84.0,2.0,50.0,738.625,0.0250000007020011,268144.0,275.8851998901367,60.00513199615479,685.0
16,30,1,2018,11.0,26.5,25.0,22.0,0.2,24.0,80.0,4.0,50.0,738.625,0.0250000007020011,268144.0,275.8851998901367,60.00513199615479,685.0
17,30,1,2018,11.0,25.633333333333333,33.0,33.0,0.3,35.0,74.0,2.0,50.0,738.625,0.0250000007020011,268144.0,275.8851998901367,60.00513199615479,685.0
18,30,1,2018,20.0,25.23333333333333,44.0,44.0,0.4,43.0,58.0,5.0,50.0,737.875,0.0250000006799996,268684.0,275.8760998535156,60.00518399810791,685.0
19,30,1,2018,19.0,25.1,44.0,44.0,0.3,44.0,51.0,6.0,50.0,737.875,0.0250000006799996,268684.0,275.8760998535156,60.00518399810791,685.0
20,30,1,2018,21.0,25.266666666666666,50.0,50.0,0.5,61.0,32.0,6.0,50.0,737.875,0.0250000006799996,268684.0,275.8760998535156,60.00518399810791,685.0
21,30,1,2018,12.0,25.433333333333334,70.0,89.0,0.2,18.0,75.0,2.0,50.0,736.5,0.0250000007199998,268592.0,275.85699981689453,60.00411999511719,685.0
22,30,1,2018,5.0,25.366666666666667,65.0,79.0,0.2,18.0,73.0,2.0,50.0,736.5,0.0250000007199998,268592.0,275.85699981689453,60.00411999511719,685.0
23,30,1,2018,4.0,25.33333333333333,63.0,76.0,0.1,12.0,80.0,2.0,50.0,736.5,0.0250000007199998,268592.0,275.85699981689453,60.00411999511719,685.0
0,31,1,2018,4.0,25.166666666666668,62.0,73.0,0.1,10.0,81.0,2.0,50.0,735.375,0.0250000007080007,268692.0,275.8492999267578,60.00571199798584,707.4375
1,31,1,2018,4.0,24.966666666666665,65.0,80.0,0.1,11.0,80.0,2.0,50.0,735.375,0.0250000007080007,268692.0,275.8492999267578,60.00571199798584,707.4375
2,31,1,2018,3.0,24.2,66.0,81.0,0.1,14.0,76.0,2.0,50.0,735.375,0.0250000007080007,268692.0,275.8492999267578,60.00571199798584,707.4375
3,31,1,2018,3.0,23.366666666666667,70.0,90.0,0.1,11.0,78.0,2.0,50.0,736.625,0.0250000006050001,268568.0,275.8929998779296,60.006491996765135,802.0625
4,31,1,2018,7.0,22.6,73.0,96.0,0.2,11.0,78.0,2.0,50.0,736.625,0.0250000006050001,268568.0,275.8929998779296,60.006491996765135,802.0625
5,31,1,2018,10.0,21.83333333333333,78.0,105.0,0.2,13.0,75.0,2.0,50.0,736.625,0.0250000006050001,268568.0,275.8929998779296,60.006491996765135,802.0625
6,31,1,2018,9.0,20.933333333333334,79.0,107.0,0.2,16.0,71.0,2.0,50.0,739.5625,0.025000000674,267960.0,275.92089996337893,60.008091995239255,798.6875
7,31,1,2018,11.0,20.066666666666663,78.0,105.0,0.2,37.0,50.0,2.0,50.0,739.5625,0.025000000674,267960.0,275.92089996337893,60.008091995239255,798.6875
8,31,1,2018,14.0,19.166666666666668,73.0,95.0,0.2,51.0,37.0,2.0,50.0,739.5625,0.025000000674,267960.0,275.92089996337893,60.008091995239255,798.6875
9,31,1,2018,12.0,17.9,72.0,94.0,0.3,42.0,44.0,2.0,50.0,739.6875,0.0250000006640013,267996.0,275.906600036621,60.00492399597168,692.125
10,31,1,2018,14.0,16.633333333333333,64.0,77.0,0.3,25.0,62.0,2.0,50.0,739.6875,0.0250000006640013,267996.0,275.906600036621,60.00492399597168,692.125
11,31,1,2018,16.5,15.716666666666669,60.5,70.0,0.3,23.0,68.0,2.0,50.0,739.6875,0.0250000006640013,267996.0,275.906600036621,60.00492399597168,692.125
12,31,1,2018,19.0,14.85,57.0,63.0,0.3,21.0,74.0,2.0,50.0,737.0,0.0250000007870011,268040.0,275.86739990234366,60.00313999176026,685.0
13,31,1,2018,22.0,14.25,56.0,61.5,0.35,21.5,76.0,3.0,50.0,737.0,0.0250000007870011,268040.0,275.86739990234366,60.00313999176026,685.0
14,31,1,2018,25.0,13.916666666666666,55.0,60.0,0.4,22.0,78.0,4.0,50.0,737.0,0.0250000007870011,268040.0,275.86739990234366,60.00313999176026,685.0
15,31,1,2018,22.0,13.35,58.0,65.0,0.4,24.0,79.0,6.0,50.0,736.0625,0.0250000009850002,268080.0,275.8482000732421,60.00150799560547,685.0
16,31,1,2018,34.0,13.716666666666669,61.0,71.0,0.5,28.0,77.0,10.0,50.0,736.0625,0.0250000009850002,268080.0,275.8482000732421,60.00150799560547,685.0
17,31,1,2018,32.0,13.916666666666666,63.0,75.0,0.5,30.0,73.0,13.0,50.0,736.0625,0.0250000009850002,268080.0,275.8482000732421,60.00150799560547,685.0
18,31,1,2018,41.0,14.816666666666666,69.0,87.0,0.6,40.0,62.0,16.0,50.0,733.1875,0.025000000957001,267900.0,275.81079986572263,60.00235199737549,685.0
19,31,1,2018,46.0,15.916666666666666,78.0,106.0,0.7,58.0,42.0,14.0,50.0,733.1875,0.025000000957001,267900.0,275.81079986572263,60.00235199737549,685.0
20,31,1,2018,61.0,17.45,85.0,119.0,0.7,58.0,40.0,12.0,50.0,733.1875,0.025000000957001,267900.0,275.81079986572263,60.00235199737549,685.0
21,31,1,2018,60.0,19.08333333333333,87.0,124.0,1.1,95.0,7.0,12.0,50.0,734.25,0.0250000009430013,267880.0,275.82570007324216,60.00123199462891,685.0
22,31,1,2018,68.0,20.98333333333333,93.0,136.0,1.4,88.0,2.0,17.0,50.0,734.25,0.0250000009430013,267880.0,275.82570007324216,60.00123199462891,685.0
23,31,1,2018,54.0,22.416666666666668,74.0,98.0,1.1,69.0,10.0,12.0,50.0,734.25,0.0250000009430013,267880.0,275.82570007324216,60.00123199462891,685.0
0,1,2,2018,49.0,23.383333333333333,68.0,84.0,1.0,64.0,11.0,10.0,50.0,734.0625,0.0250000010090004,268008.0,275.81,60.003751991271976,706.4375
1,1,2,2018,39.0,24.05,59.0,68.0,0.9,57.0,15.0,9.0,50.0,734.0625,0.0250000010090004,268008.0,275.81,60.003751991271976,706.4375
2,1,2,2018,34.0,24.48333333333333,55.0,59.0,0.8,48.0,24.0,9.0,50.0,734.0625,0.0250000010090004,268008.0,275.81,60.003751991271976,706.4375
3,1,2,2018,34.0,25.216666666666665,61.0,72.0,0.7,55.0,22.0,9.0,50.0,737.75,0.0250000008669998,268060.0,275.8967999267578,60.00630799102783,801.0
4,1,2,2018,41.0,26.416666666666668,72.0,94.0,0.8,78.0,13.5,9.0,50.0,737.75,0.0250000008669998,268060.0,275.8967999267578,60.00630799102783,801.0
5,1,2,2018,40.0,27.616666666666667,67.0,83.0,0.9,67.0,5.0,9.0,50.0,737.75,0.0250000008669998,268060.0,275.8967999267578,60.00630799102783,801.0
6,1,2,2018,36.0,28.683333333333334,65.0,80.0,0.8,60.0,10.0,7.0,50.0,742.4375,0.0250000008349996,267680.0,275.92699981689447,60.00439999389648,791.125
7,1,2,2018,35.0,29.716666666666665,62.0,74.0,0.8,64.0,6.0,7.0,50.0,742.4375,0.0250000008349996,267680.0,275.92699981689447,60.00439999389648,791.125
8,1,2,2018,34.0,30.75,63.0,76.0,1.0,61.0,8.0,7.0,50.0,742.4375,0.0250000008349996,267680.0,275.92699981689447,60.00439999389648,791.125
9,1,2,2018,37.0,31.883333333333333,67.0,84.0,1.1,61.0,10.0,9.0,50.0,741.9375,0.0250000008690003,268084.0,275.9154000854492,60.00622799682617,691.75
10,1,2,2018,40.0,32.983333333333334,77.0,103.0,1.0,60.0,16.0,10.0,50.0,741.9375,0.0250000008690003,268084.0,275.9154000854492,60.00622799682617,691.75
11,1,2,2018,46.0,34.18333333333333,87.0,123.0,1.0,64.0,22.0,11.0,50.0,741.9375,0.0250000008690003,268084.0,275.9154000854492,60.00622799682617,691.75
12,1,2,2018,47.0,35.45,73.0,95.0,0.7,57.0,34.0,8.0,50.0,740.625,0.0250000008300002,268720.0,275.9004998779297,60.00565199279785,685.0
13,1,2,2018,41.0,36.45,58.0,104.0,0.6,45.0,49.0,7.0,50.0,740.625,0.0250000008300002,268720.0,275.9004998779297,60.00565199279785,685.0
14,1,2,2018,41.0,37.35,82.0,113.0,0.5,34.0,64.0,8.0,50.0,740.625,0.0250000008300002,268720.0,275.9004998779297,60.00565199279785,685.0
15,1,2,2018,43.0,38.38333333333333,90.0,129.0,0.5,31.0,71.0,9.0,50.0,737.9375,0.0250000007080007,268720.0,275.8714999389648,60.00911199188232,685.0
16,1,2,2018,41.0,39.28333333333333,88.0,126.0,0.5,34.0,68.0,10.0,50.0,737.9375,0.0250000007080007,268720.0,275.8714999389648,60.00911199188232,685.0
17,1,2,2018,45.0,40.23333333333333,89.0,127.0,0.5,43.0,58.0,10.0,50.0,737.9375,0.0250000007080007,268720.0,275.8714999389648,60.00911199188232,685.0
18,1,2,2018,38.0,40.86666666666667,106.0,161.0,0.5,38.0,55.0,9.0,50.0,735.875,0.0250000006879996,269596.0,275.845,60.00911199188232,685.0
19,1,2,2018,26.0,41.0,98.0,146.0,0.4,28.0,61.0,6.0,50.0,735.875,0.0250000006879996,269596.0,275.845,60.00911199188232,685.0
20,1,2,2018,15.0,40.66666666666666,74.0,97.0,0.4,21.0,66.0,4.0,50.0,735.875,0.0250000006879996,269596.0,275.845,60.00911199188232,685.0
21,1,2,2018,9.0,40.23333333333333,66.0,82.0,0.3,14.0,73.0,2.0,50.0,735.3125,0.0250000010080002,269596.0,275.82690002441404,60.0065239944458,685.0
22,1,2,2018,4.0,39.23333333333333,73.0,95.0,0.2,10.0,77.0,2.0,50.0,735.3125,0.0250000010080002,269596.0,275.82690002441404,60.0065239944458,685.0
23,1,2,2018,4.0,38.3,68.0,86.0,0.2,9.0,78.0,2.0,50.0,735.3125,0.0250000010080002,269596.0,275.82690002441404,60.0065239944458,685.0
0,2,2,2018,3.0,37.03333333333333,62.0,73.0,0.2,8.0,80.0,2.0,50.0,733.4375,0.0250000008860006,269596.0,275.81570007324217,60.00728799438478,708.125
1,2,2,2018,6.0,35.7,58.0,65.0,0.2,9.0,72.0,2.0,50.0,733.4375,0.0250000008860006,269596.0,275.81570007324217,60.00728799438478,708.125
2,2,2,2018,6.0,33.86666666666667,55.0,59.0,0.2,8.0,74.0,2.0,50.0,733.4375,0.0250000008860006,269596.0,275.81570007324217,60.00728799438478,708.125
3,2,2,2018,5.0,32.03333333333333,63.0,76.0,0.2,8.0,67.5,2.0,50.0,732.8125,0.0250000006259996,269596.0,275.83959991455083,60.00653999328613,803.25
4,2,2,2018,5.0,29.933333333333334,33.0,33.0,0.2,9.5,61.0,2.0,50.0,732.8125,0.0250000006259996,269596.0,275.83959991455083,60.00653999328613,803.25
5,2,2,2018,5.0,28.3,40.0,40.0,0.2,11.0,72.0,2.0,50.0,732.8125,0.0250000006259996,269596.0,275.83959991455083,60.00653999328613,803.25
6,2,2,2018,3.0,26.766666666666666,47.0,47.0,0.3,8.0,73.0,2.0,50.0,734.625,0.0250000005240012,269596.0,275.8604000854492,60.00911199188232,801.0
7,2,2,2018,3.0,25.566666666666663,31.0,31.0,0.3,9.0,73.0,2.0,50.0,734.625,0.0250000005240012,269596.0,275.8604000854492,60.00911199188232,801.0
8,2,2,2018,5.0,24.6,26.0,26.0,0.3,10.0,72.0,3.0,50.0,734.625,0.0250000005240012,269596.0,275.8604000854492,60.00911199188232,801.0
9,2,2,2018,5.0,23.633333333333333,34.0,34.0,0.3,9.0,74.0,3.0,50.0,735.625,0.0250000004300009,269596.0,275.86419982910155,60.00609999084472,693.1875
10,2,2,2018,8.0,22.53333333333333,43.0,43.0,0.3,7.0,76.0,3.0,50.0,735.625,0.0250000004300009,269596.0,275.86419982910155,60.00609999084472,693.1875
11,2,2,2018,4.0,21.33333333333333,46.0,46.0,0.3,6.0,78.0,2.0,50.0,735.625,0.0250000004300009,269596.0,275.86419982910155,60.00609999084472,693.1875
12,2,2,2018,6.0,20.33333333333333,41.0,41.0,0.2,7.0,79.0,2.0,50.0,734.625,0.025000000384001,269596.0,275.8525997924804,60.0065119934082,685.0
13,2,2,2018,13.0,19.6,35.0,35.0,0.2,7.0,81.0,2.0,50.0,734.625,0.025000000384001,269596.0,275.8525997924804,60.0065119934082,685.0
14,2,2,2018,8.0,18.73333333333333,28.0,28.0,0.2,7.0,83.0,2.0,50.0,734.625,0.025000000384001,269596.0,275.8525997924804,60.0065119934082,685.0
15,2,2,2018,6.0,17.7,33.0,33.0,0.2,8.0,81.0,2.0,50.0,733.0625,0.025000000446001,269596.0,275.8279998779296,60.00551199340821,685.0
16,2,2,2018,9.0,16.666666666666668,30.0,30.0,0.2,10.0,79.0,2.0,50.0,733.0625,0.025000000446001,269596.0,275.8279998779296,60.00551199340821,685.0
17,2,2,2018,8.5,15.416666666666666,34.0,34.0,0.25,12.5,76.0,2.0,50.0,733.0625,0.025000000446001,269596.0,275.8279998779296,60.00551199340821,685.0
18,2,2,2018,8.0,14.116666666666667,38.0,38.0,0.3,15.0,73.0,2.0,50.0,732.5625,0.025000000612,269596.0,275.8138000488281,60.00259199523926,685.0
19,2,2,2018,10.0,13.083333333333334,44.0,44.0,0.3,18.0,69.0,2.0,50.0,732.5625,0.025000000612,269596.0,275.8138000488281,60.00259199523926,685.0
20,2,2,2018,11.0,12.083333333333334,44.0,44.0,0.3,16.0,70.0,2.0,50.0,732.5625,0.025000000612,269596.0,275.8138000488281,60.00259199523926,685.0
21,2,2,2018,6.0,10.85,35.0,35.0,0.3,12.0,72.0,2.0,50.0,731.75,0.02500000062,269596.0,275.8014999389648,60.0024999923706,685.0
22,2,2,2018,8.0,9.75,38.0,38.0,0.3,11.0,72.0,2.0,50.0,731.75,0.02500000062,269596.0,275.8014999389648,60.0024999923706,685.0
23,2,2,2018,9.0,8.55,43.0,43.0,0.3,9.0,74.0,3.0,50.0,731.75,0.02500000062,269596.0,275.8014999389648,60.0024999923706,685.0
0,3,2,2018,6.0,7.483333333333333,28.0,28.0,0.3,9.0,70.0,2.0,50.0,731.125,0.0250000006140004,269596.0,275.7883999633789,60.0025839920044,709.0625
1,3,2,2018,5.0,6.783333333333333,25.0,25.0,0.3,10.0,68.0,2.0,50.0,731.125,0.0250000006140004,269596.0,275.7883999633789,60.0025839920044,709.0625
2,3,2,2018,4.0,6.416666666666667,22.0,22.0,0.3,12.0,65.0,3.0,50.0,731.125,0.0250000006140004,269596.0,275.7883999633789,60.0025839920044,709.0625
3,3,2,2018,4.0,6.25,22.0,22.0,0.2,23.0,57.0,3.0,50.0,733.6875,0.0250000005680006,269596.0,275.8551998901367,60.00418799591064,805.25
4,3,2,2018,6.0,6.316666666666666,27.0,27.0,0.3,36.0,39.5,4.0,50.0,733.6875,0.0250000005680006,269596.0,275.8551998901367,60.00418799591064,805.25
5,3,2,2018,8.0,6.45,29.0,29.0,0.4,55.0,22.0,6.0,50.0,733.6875,0.0250000005680006,269596.0,275.8551998901367,60.00418799591064,805.25
6,3,2,2018,10.0,6.683333333333334,38.0,38.0,0.7,65.0,9.0,5.0,50.0,736.125,0.0250000002370011,269392.0,275.8814999389648,60.00622799682617,801.75
7,3,2,2018,28.0,7.416666666666667,52.0,54.0,1.2,72.0,3.0,9.0,50.0,736.125,0.0250000002370011,269392.0,275.8814999389648,60.00622799682617,801.75
8,3,2,2018,30.0,8.216666666666667,53.0,56.0,1.0,75.0,4.0,10.0,50.0,736.125,0.0250000002370011,269392.0,275.8814999389648,60.00622799682617,801.75
9,3,2,2018,34.0,9.183333333333334,56.0,62.0,1.0,65.0,13.0,9.0,50.0,738.625,0.0250000009800009,269384.0,275.87709991455074,60.007379997253416,693.75
10,3,2,2018,37.0,10.25,54.0,58.0,0.8,48.0,32.0,9.0,50.0,738.625,0.0250000009800009,269384.0,275.87709991455074,60.007379997253416,693.75
11,3,2,2018,15.0,10.583333333333334,45.0,45.0,0.4,24.0,58.0,6.0,50.0,738.625,0.0250000009800009,269384.0,275.87709991455074,60.007379997253416,693.75
12,3,2,2018,16.0,11.016666666666667,39.0,39.0,0.4,20.0,64.0,6.0,50.0,736.875,0.0250000009979996,269596.0,275.854100036621,60.00756399536133,685.0
13,3,2,2018,26.0,11.783333333333331,37.0,35.0,0.3,18.0,71.0,7.0,50.0,736.875,0.0250000009979996,269596.0,275.854100036621,60.00756399536133,685.0
14,3,2,2018,20.0,12.283333333333331,30.0,30.0,0.3,19.0,72.0,7.0,50.0,736.875,0.0250000009979996,269596.0,275.854100036621,60.00756399536133,685.0
15,3,2,2018,17.0,12.683333333333334,32.0,32.0,0.3,17.0,76.0,6.0,50.0,735.5,0.0250000010120011,269596.0,275.8348999023437,60.00386399078369,685.0
16,3,2,2018,21.0,13.116666666666667,50.0,50.0,0.2,17.0,74.0,4.0,50.0,735.5,0.0250000010120011,269596.0,275.8348999023437,60.00386399078369,685.0
17,3,2,2018,7.0,13.216666666666669,34.0,34.0,0.1,12.0,75.0,2.0,50.0,735.5,0.0250000010120011,269596.0,275.8348999023437,60.00386399078369,685.0
18,3,2,2018,4.0,13.15,35.0,35.0,0.2,15.0,72.0,2.0,50.0,733.6875,0.0250000009870007,269596.0,275.8117999267577,60.00149199676514,685.0
19,3,2,2018,4.0,12.85,36.0,36.0,0.2,18.0,66.0,3.0,50.0,733.6875,0.0250000009870007,269596.0,275.8117999267577,60.00149199676514,685.0
20,3,2,2018,5.0,12.75,36.0,36.0,0.2,38.0,44.0,2.0,50.0,733.6875,0.0250000009870007,269596.0,275.8117999267577,60.00149199676514,685.0
21,3,2,2018,5.0,12.716666666666669,26.0,26.0,0.2,39.0,43.0,2.0,50.0,731.25,0.0250000008579995,269596.0,275.7813000488281,60.00334399414061,685.0
22,3,2,2018,7.0,12.65,27.0,27.0,0.3,45.0,35.0,2.0,50.0,731.25,0.0250000008579995,269596.0,275.7813000488281,60.00334399414061,685.0
23,3,2,2018,5.0,12.533333333333331,24.0,24.0,0.3,43.0,36.0,2.0,50.0,731.25,0.0250000008579995,269596.0,275.7813000488281,60.00334399414061,685.0
0,4,2,2018,5.0,12.433333333333334,24.0,24.0,0.3,35.0,42.0,3.0,50.0,732.25,0.0250000008880011,269440.0,275.79579986572264,60.00345199584961,709.0
1,4,2,2018,4.0,12.233333333333333,19.0,19.0,0.2,25.0,50.0,6.5,50.0,732.25,0.0250000008880011,269440.0,275.79579986572264,60.00345199584961,709.0
2,4,2,2018,5.0,12.033333333333331,18.0,18.0,0.3,36.0,40.0,10.0,50.0,732.25,0.0250000008880011,269440.0,275.79579986572264,60.00345199584961,709.0
3,4,2,2018,8.0,12.1,25.0,18.0,0.4,50.0,29.0,3.0,50.0,734.9375,0.0250000009909998,269220.0,275.85509979248053,60.00827599334717,802.75
4,4,2,2018,9.0,12.133333333333333,16.0,16.0,0.5,53.0,18.0,4.0,50.0,734.9375,0.0250000009909998,269220.0,275.85509979248053,60.00827599334717,802.75
5,4,2,2018,17.0,12.4,29.0,29.0,0.6,56.0,16.0,7.0,50.0,734.9375,0.0250000009909998,269220.0,275.85509979248053,60.00827599334717,802.75
6,4,2,2018,34.0,13.333333333333334,52.0,53.0,0.8,64.0,7.0,14.0,50.0,738.5625,0.0250000006790012,268528.0,275.8967999267578,60.00760799407959,799.625
7,4,2,2018,36.0,14.366666666666667,53.0,56.0,0.9,63.0,9.0,15.0,50.0,738.5625,0.0250000006790012,268528.0,275.8967999267578,60.00760799407959,799.625
8,4,2,2018,34.0,15.366666666666667,50.0,50.0,0.8,59.0,12.0,15.0,50.0,738.5625,0.0250000006790012,268528.0,275.8967999267578,60.00760799407959,799.625
9,4,2,2018,34.0,16.366666666666667,51.0,51.0,0.8,46.0,29.0,16.0,50.0,739.5,0.0250000006640013,268460.0,275.9002999877929,60.00568799591064,694.0
10,4,2,2018,30.0,17.166666666666668,43.0,43.0,0.7,30.0,48.0,17.0,50.0,739.5,0.0250000006640013,268460.0,275.9002999877929,60.00568799591064,694.0
11,4,2,2018,38.0,18.166666666666668,63.0,75.0,0.7,27.0,56.0,17.0,50.0,739.5,0.0250000006640013,268460.0,275.9002999877929,60.00568799591064,694.0
12,4,2,2018,40.0,19.166666666666668,66.0,82.0,0.7,28.0,60.0,17.0,50.0,737.0,0.0250000007180012,268784.0,275.86589996337887,60.003127990722646,685.0
13,4,2,2018,39.0,19.53333333333333,70.0,89.0,0.6,23.0,67.0,16.0,50.0,737.0,0.0250000007180012,268784.0,275.86589996337887,60.003127990722646,685.0
14,4,2,2018,25.0,19.366666666666667,63.0,75.0,0.4,17.0,75.0,9.0,50.0,737.0,0.0250000007180012,268784.0,275.86589996337887,60.003127990722646,685.0
15,4,2,2018,24.0,19.03333333333333,53.0,56.0,0.3,17.0,77.0,8.0,50.0,737.0625,0.0250000007300004,269100.0,275.86669982910155,60.00738799285889,685.0
16,4,2,2018,29.0,18.766666666666666,53.0,55.0,0.4,22.0,76.0,9.0,50.0,737.0625,0.0250000007300004,269100.0,275.86669982910155,60.00738799285889,685.0
17,4,2,2018,34.0,19.4,59.0,68.0,0.4,29.0,70.0,10.0,50.0,737.0625,0.0250000007300004,269100.0,275.86669982910155,60.00738799285889,685.0
18,4,2,2018,32.0,19.933333333333334,59.0,67.0,0.5,55.0,41.0,9.0,50.0,735.6875,0.0250000007119998,269280.0,275.849100036621,60.00715599822998,685.0
19,4,2,2018,39.0,20.366666666666667,66.0,81.0,0.6,64.0,30.0,9.0,50.0,735.6875,0.0250000007119998,269280.0,275.849100036621,60.00715599822998,685.0
20,4,2,2018,39.0,21.0,71.0,91.0,0.6,73.0,18.0,8.0,50.0,735.6875,0.0250000007119998,269280.0,275.849100036621,60.00715599822998,685.0
21,4,2,2018,29.0,21.4,52.0,54.0,0.9,60.0,23.0,7.0,50.0,732.6875,0.0250000005200002,269376.0,275.8154998779296,60.00803999328613,685.0
22,4,2,2018,19.0,21.33333333333333,27.0,6.0,0.5,53.0,30.0,7.0,50.0,732.6875,0.0250000005200002,269376.0,275.8154998779296,60.00803999328613,685.0
23,4,2,2018,9.0,21.4,45.0,45.0,0.4,42.0,40.0,5.0,50.0,732.6875,0.0250000005200002,269376.0,275.8154998779296,60.00803999328613,685.0
0,5,2,2018,10.0,21.6,39.0,39.0,0.3,36.0,45.0,3.0,50.0,730.5625,0.0250000003610011,269596.0,275.8016000366211,60.00547599792481,710.875
1,5,2,2018,6.0,21.666666666666668,34.0,34.0,0.3,34.0,46.0,3.0,50.0,730.5625,0.0250000003610011,269596.0,275.8016000366211,60.00547599792481,710.875
2,5,2,2018,6.0,21.7,25.0,25.0,0.2,28.0,52.0,2.0,50.0,730.5625,0.0250000003610011,269596.0,275.8016000366211,60.00547599792481,710.875
3,5,2,2018,3.0,21.633333333333333,22.0,22.0,0.2,28.0,53.0,2.0,50.0,734.6875,0.025000001224,269596.0,275.84369995117186,60.00911199188232,802.0625
4,5,2,2018,7.0,21.633333333333333,24.0,24.0,0.2,32.0,55.5,3.0,50.0,734.6875,0.025000001224,269596.0,275.84369995117186,60.00911199188232,802.0625
5,5,2,2018,7.0,21.7,22.0,22.0,0.2,20.0,58.0,4.0,50.0,734.6875,0.025000001224,269596.0,275.84369995117186,60.00911199188232,802.0625
6,5,2,2018,4.0,21.666666666666668,25.0,25.0,0.2,18.0,60.0,8.0,50.0,735.875,0.025000000996001,268952.0,275.86720001220704,60.00911199188232,803.75
7,5,2,2018,4.0,21.666666666666668,21.0,21.0,0.2,24.0,53.0,5.0,50.0,735.875,0.025000000996001,268952.0,275.86720001220704,60.00911199188232,803.75
8,5,2,2018,6.0,21.7,22.0,22.0,0.3,30.0,48.0,4.0,50.0,735.875,0.025000000996001,268952.0,275.86720001220704,60.00911199188232,803.75
9,5,2,2018,5.0,21.6,29.0,29.0,0.4,39.0,42.0,3.0,50.0,738.0625,0.0250000011020004,268968.0,275.87470001220703,60.00801599121094,694.8125
10,5,2,2018,10.0,21.633333333333333,26.0,26.0,0.4,27.0,55.0,6.0,50.0,738.0625,0.0250000011020004,268968.0,275.87470001220703,60.00801599121094,694.8125
11,5,2,2018,11.0,21.433333333333334,25.0,25.0,0.3,21.0,62.0,4.0,50.0,738.0625,0.0250000011020004,268968.0,275.87470001220703,60.00801599121094,694.8125
12,5,2,2018,13.0,20.73333333333333,23.0,23.0,0.3,15.0,70.0,5.0,50.0,735.75,0.0250000013190005,269184.0,275.8380999755859,60.002575996398924,685.0
13,5,2,2018,9.0,19.83333333333333,23.0,16.0,0.3,13.0,74.0,4.0,50.0,735.75,0.0250000013190005,269184.0,275.8380999755859,60.002575996398924,685.0
14,5,2,2018,8.0,18.966666666666665,23.0,18.0,0.2,15.0,74.0,4.0,50.0,735.75,0.0250000013190005,269184.0,275.8380999755859,60.002575996398924,685.0
15,5,2,2018,7.0,18.066666666666663,23.0,22.0,0.2,18.0,72.0,3.0,50.0,734.1875,0.0250000011520013,269312.0,275.82179992675776,60.00313599395752,685.0
16,5,2,2018,11.0,17.433333333333334,27.0,27.0,0.2,23.0,69.0,3.0,50.0,734.1875,0.0250000011520013,269312.0,275.82179992675776,60.00313599395752,685.0
17,5,2,2018,13.0,16.6,30.0,30.0,0.3,31.0,62.0,3.0,50.0,734.1875,0.0250000011520013,269312.0,275.82179992675776,60.00313599395752,685.0
18,5,2,2018,20.5,15.95,24.0,50.5,0.3,48.0,41.0,5.0,50.0,730.875,0.0250000009909998,269064.0,275.7804998779297,60.00117999267578,685.0
19,5,2,2018,28.0,15.583333333333334,61.0,71.0,0.4,60.0,26.0,12.0,50.0,730.875,0.0250000009909998,269064.0,275.7804998779297,60.00117999267578,685.0
20,5,2,2018,33.0,15.85,63.0,76.0,0.5,64.0,20.0,11.0,50.0,730.875,0.0250000009909998,269064.0,275.7804998779297,60.00117999267578,685.0
21,5,2,2018,24.0,15.85,47.0,47.0,0.4,50.0,29.0,4.0,50.0,730.0625,0.0250000010480005,268868.0,275.76769989013667,60.00032399749756,685.0
22,5,2,2018,31.0,15.916666666666666,47.0,47.0,0.4,44.0,34.0,3.0,50.0,730.0625,0.0250000010480005,268868.0,275.76769989013667,60.00032399749756,685.0
23,5,2,2018,32.0,15.85,51.0,51.0,0.5,50.0,28.0,3.0,50.0,730.0625,0.0250000010480005,268868.0,275.76769989013667,60.00032399749756,685.0
0,6,2,2018,27.0,15.683333333333334,48.0,48.0,0.5,66.0,12.0,4.0,50.0,731.125,0.0250000007920004,268704.0,275.7760998535156,60.0028639907837,709.8125
1,6,2,2018,25.0,15.216666666666669,39.0,39.0,0.6,62.0,14.0,4.0,50.0,731.125,0.0250000007920004,268704.0,275.7760998535156,60.0028639907837,709.8125
2,6,2,2018,24.0,14.716666666666669,49.0,49.0,0.8,72.0,5.0,5.0,50.0,731.125,0.0250000007920004,268704.0,275.7760998535156,60.0028639907837,709.8125
3,6,2,2018,29.0,14.716666666666669,44.0,44.0,0.8,64.0,9.0,5.0,50.0,734.5,0.025000000601001,268512.0,275.85839996337893,60.00412399291992,806.375
4,6,2,2018,27.0,14.983333333333333,42.0,42.0,1.6,75.0,3.0,5.0,50.0,734.5,0.025000000601001,268512.0,275.85839996337893,60.00412399291992,806.375
5,6,2,2018,23.0,15.45,36.0,34.0,0.9,72.0,6.0,4.0,50.0,734.5,0.025000000601001,268512.0,275.85839996337893,60.00412399291992,806.375
6,6,2,2018,27.0,16.016666666666666,39.0,37.0,0.9,70.0,6.0,7.0,50.0,739.3125,0.0250000007680002,267540.0,275.89009979248044,60.00885999298096,796.75
7,6,2,2018,38.0,17.083333333333332,54.0,54.0,1.3,80.0,2.0,9.0,50.0,739.3125,0.0250000007680002,267540.0,275.89009979248044,60.00885999298096,796.75
8,6,2,2018,34.0,18.016666666666666,54.0,58.0,1.3,70.0,4.0,5.0,50.0,739.3125,0.0250000007680002,267540.0,275.89009979248044,60.00885999298096,796.75
9,6,2,2018,25.0,18.75,41.0,41.0,1.2,53.0,11.0,6.0,50.0,740.3125,0.0250000009090006,267296.0,275.8935998535156,60.00666799163818,694.6875
10,6,2,2018,34.0,19.65,49.0,49.0,1.0,56.0,20.0,10.0,50.0,740.3125,0.0250000009090006,267296.0,275.8935998535156,60.00666799163818,694.6875
11,6,2,2018,47.0,20.98333333333333,65.0,69.0,1.0,52.0,31.0,15.0,50.0,740.3125,0.0250000009090006,267296.0,275.8935998535156,60.00666799163818,694.6875
12,6,2,2018,78.0,23.45,104.0,107.0,1.1,54.0,37.0,17.0,50.0,738.0625,0.0250000009519998,267240.0,275.8638998413086,60.00500799560547,685.0
13,6,2,2018,78.0,25.916666666666668,104.0,110.0,1.0,44.0,53.0,17.0,50.0,738.0625,0.0250000009519998,267240.0,275.8638998413086,60.00500799560547,685.0
14,6,2,2018,75.0,28.216666666666665,100.0,100.0,0.9,39.0,62.0,17.0,50.0,738.0625,0.0250000009519998,267240.0,275.8638998413086,60.00500799560547,685.0
15,6,2,2018,85.0,30.883333333333333,113.0,113.0,1.0,42.0,63.0,17.0,50.0,737.5,0.025000000953,267200.0,275.857200012207,60.00335599517823,685.0
16,6,2,2018,91.0,33.583333333333336,120.0,131.0,1.2,49.0,61.0,17.0,50.0,737.5,0.025000000953,267200.0,275.857200012207,60.00335599517823,685.0
17,6,2,2018,98.0,36.48333333333333,129.0,145.0,1.4,63.0,47.0,17.0,50.0,737.5,0.025000000953,267200.0,275.857200012207,60.00335599517823,685.0
18,6,2,2018,86.0,38.91666666666666,114.0,133.0,1.4,68.0,37.0,17.0,50.0,735.9375,0.025000000996001,267028.0,275.8357000732421,60.00193199157715,685.0
19,6,2,2018,91.0,41.65,120.0,144.0,1.4,84.0,19.0,17.0,50.0,735.9375,0.025000000996001,267028.0,275.8357000732421,60.00193199157715,685.0
20,6,2,2018,91.0,44.41666666666666,120.0,145.0,1.2,75.0,22.0,17.0,50.0,735.9375,0.025000000996001,267028.0,275.8357000732421,60.00193199157715,685.0
21,6,2,2018,116.0,48.05,151.0,169.0,1.3,79.0,13.0,17.0,50.0,735.0,0.0250000013699997,267136.0,275.8125,60.0055359954834,685.0
22,6,2,2018,130.0,52.016666666666666,171.0,176.0,1.5,88.0,5.0,17.0,50.0,735.0,0.0250000013699997,267136.0,275.8125,60.0055359954834,685.0
23,6,2,2018,130.0,55.91666666666666,171.0,175.0,1.7,94.0,2.0,17.0,50.0,735.0,0.0250000013699997,267136.0,275.8125,60.0055359954834,685.0
0,7,2,2018,133.0,59.66666666666666,176.0,176.0,1.8,91.0,2.0,17.0,50.0,735.8125,0.0250000007720012,267720.0,275.8564999389648,60.00674799346924,711.25
1,7,2,2018,121.0,62.766666666666666,159.0,147.0,1.8,84.0,2.0,17.0,50.0,735.8125,0.0250000007720012,267720.0,275.8564999389648,60.00674799346924,711.25
2,7,2,2018,90.0,64.66666666666667,119.0,115.0,1.4,86.0,2.0,15.0,50.0,735.8125,0.0250000007720012,267720.0,275.8564999389648,60.00674799346924,711.25
3,7,2,2018,86.0,66.73333333333333,114.0,103.0,1.4,93.0,2.0,16.0,50.0,733.8125,0.0250000005510002,268204.0,275.85759979248047,60.00911199188232,810.4375
4,7,2,2018,84.0,68.5,111.0,111.0,1.4,95.0,2.0,15.0,50.0,733.8125,0.0250000005510002,268204.0,275.85759979248047,60.00911199188232,810.4375
5,7,2,2018,87.0,70.33333333333333,115.0,133.0,1.6,87.0,2.0,13.0,50.0,733.8125,0.0250000005510002,268204.0,275.85759979248047,60.00911199188232,810.4375
6,7,2,2018,81.0,72.13333333333334,108.0,128.0,1.6,89.0,2.0,13.0,50.0,735.625,0.0250000004789996,267960.0,275.88369995117193,60.00911199188232,810.5
7,7,2,2018,32.0,72.36666666666666,69.0,88.0,0.4,25.0,63.0,4.0,50.0,735.625,0.0250000004789996,267960.0,275.88369995117193,60.00911199188232,810.5
8,7,2,2018,5.0,71.73333333333333,45.0,45.0,0.2,16.0,78.0,2.0,50.0,735.625,0.0250000004789996,267960.0,275.88369995117193,60.00911199188232,810.5
9,7,2,2018,3.0,70.86666666666666,50.0,50.0,0.2,11.0,85.0,2.0,50.0,737.5,0.0250000005750004,268044.0,275.88639984130856,60.00641199493408,696.375
10,7,2,2018,8.0,70.23333333333333,41.0,41.0,0.2,10.0,84.0,2.0,50.0,737.5,0.0250000005750004,268044.0,275.88639984130856,60.00641199493408,696.375
11,7,2,2018,4.0,69.6,30.0,30.0,0.2,10.0,86.0,2.0,50.0,737.5,0.0250000005750004,268044.0,275.88639984130856,60.00641199493408,696.375
12,7,2,2018,3.0,68.8,27.0,26.0,0.2,11.0,86.0,2.0,50.0,735.625,0.0250000005249995,268168.0,275.8641000366211,60.0045719909668,685.0
13,7,2,2018,11.0,67.9,30.0,30.0,0.1,11.0,89.0,2.0,50.0,735.625,0.0250000005249995,268168.0,275.8641000366211,60.0045719909668,685.0
14,7,2,2018,9.0,67.06666666666666,28.0,26.0,0.1,12.0,88.0,3.0,50.0,735.625,0.0250000005249995,268168.0,275.8641000366211,60.0045719909668,685.0
15,7,2,2018,7.0,66.46666666666667,34.0,34.0,0.1,11.0,90.0,2.0,50.0,733.25,0.0250000005120001,268172.0,275.8319998168945,60.00341999816894,685.0
16,7,2,2018,11.0,65.7,45.0,45.0,0.1,12.0,89.0,2.0,50.0,733.25,0.0250000005120001,268172.0,275.8319998168945,60.00341999816894,685.0
17,7,2,2018,7.0,64.36666666666666,30.0,30.0,0.2,14.0,87.0,2.0,50.0,733.25,0.0250000005120001,268172.0,275.8319998168945,60.00341999816894,685.0
18,7,2,2018,6.0,61.96666666666667,33.0,33.0,0.2,21.0,80.0,2.0,50.0,730.4375,0.0250000004789996,267892.0,275.7938998413086,60.00194399261475,685.0
19,7,2,2018,11.0,59.73333333333333,40.0,40.0,0.3,26.0,73.0,2.0,50.0,730.4375,0.0250000004789996,267892.0,275.7938998413086,60.00194399261475,685.0
20,7,2,2018,9.0,57.53333333333333,41.0,41.0,0.3,27.0,71.0,2.0,50.0,730.4375,0.0250000004789996,267892.0,275.7938998413086,60.00194399261475,685.0
21,7,2,2018,12.0,55.1,34.0,34.0,0.2,28.0,67.0,2.0,50.0,730.25,0.0250000009209997,267516.0,275.7738998413085,60.00325199127197,685.0
22,7,2,2018,10.0,52.4,30.0,30.0,0.3,40.0,53.0,2.0,50.0,730.25,0.0250000009209997,267516.0,275.7738998413085,60.00325199127197,685.0
23,7,2,2018,8.0,49.4,31.0,31.0,0.3,44.0,45.0,2.0,50.0,730.25,0.0250000009209997,267516.0,275.7738998413085,60.00325199127197,685.0
0,8,2,2018,13.0,46.96666666666667,37.0,37.0,0.5,64.0,21.0,2.0,50.0,735.3125,0.0250000015830006,267188.0,275.7792999267578,60.00318399810791,707.6875
1,8,2,2018,13.0,44.36666666666667,35.0,35.0,0.5,64.0,19.0,3.0,50.0,735.3125,0.0250000015830006,267188.0,275.7792999267578,60.00318399810791,707.6875
2,8,2,2018,13.0,41.766666666666666,37.0,37.0,0.5,72.0,9.0,4.0,50.0,735.3125,0.0250000015830006,267188.0,275.7792999267578,60.00318399810791,707.6875
3,8,2,2018,18.0,38.5,39.0,37.0,0.6,77.0,4.0,5.0,50.0,737.1875,0.0250000015890002,266796.0,275.8508999633789,60.00382799530029,798.0
4,8,2,2018,26.0,35.03333333333333,40.0,40.0,0.9,77.0,3.0,4.0,50.0,737.1875,0.0250000015890002,266796.0,275.8508999633789,60.00382799530029,798.0
5,8,2,2018,15.0,31.2,31.0,31.0,1.0,58.0,12.0,4.0,50.0,737.1875,0.0250000015890002,266796.0,275.8508999633789,60.00382799530029,798.0
6,8,2,2018,18.0,27.366666666666667,32.0,32.0,1.0,52.0,16.0,4.0,50.0,745.625,0.0250000012660007,265988.0,275.8875,60.00911199188232,771.8125
7,8,2,2018,23.0,24.1,36.0,36.0,1.3,67.0,6.0,5.0,50.0,745.625,0.0250000012660007,265988.0,275.8875,60.00911199188232,771.8125
8,8,2,2018,30.0,22.1,50.0,50.0,1.3,73.0,5.0,6.0,50.0,745.625,0.0250000012660007,265988.0,275.8875,60.00911199188232,771.8125
9,8,2,2018,31.0,20.266666666666666,54.0,58.0,1.2,73.0,9.0,6.0,50.0,742.4375,0.0250000006659999,265764.0,275.89070007324216,60.00191199493408,692.75
10,8,2,2018,40.0,18.8,56.0,59.0,1.1,71.0,19.0,8.0,50.0,742.4375,0.0250000006659999,265764.0,275.89070007324216,60.00191199493408,692.75
11,8,2,2018,61.0,17.933333333333334,83.0,76.0,1.1,59.0,32.0,17.0,50.0,742.4375,0.0250000006659999,265764.0,275.89070007324216,60.00191199493408,692.75
12,8,2,2018,55.0,17.066666666666666,78.0,106.0,1.3,55.0,43.0,17.0,50.0,739.4375,0.0250000007870011,265812.0,275.8500997924804,60.00137199401856,685.0
13,8,2,2018,49.0,17.633333333333333,19.0,6.0,1.0,38.0,61.0,17.0,50.0,739.4375,0.0250000007870011,265812.0,275.8500997924804,60.00137199401856,685.0
14,8,2,2018,43.0,18.9,63.0,75.0,0.8,35.0,67.0,13.0,50.0,739.4375,0.0250000007870011,265812.0,275.8500997924804,60.00137199401856,685.0
15,8,2,2018,55.0,20.633333333333333,81.0,111.0,0.8,34.0,71.0,14.0,50.0,738.375,0.0250000008170008,265788.0,275.8363998413085,60.00361599731446,685.0
16,8,2,2018,54.0,22.166666666666668,79.0,107.0,0.7,34.0,73.0,11.0,50.0,738.375,0.0250000008170008,265788.0,275.8363998413085,60.00361599731446,685.0
17,8,2,2018,57.0,23.933333333333334,88.0,125.0,0.8,38.0,70.0,11.0,50.0,738.375,0.0250000008170008,265788.0,275.8363998413085,60.00361599731446,685.0
18,8,2,2018,57.0,25.73333333333333,96.0,142.0,0.8,43.0,63.0,12.0,50.0,737.4375,0.0250000011210013,265696.0,275.8169998168945,60.003707992553714,685.0
19,8,2,2018,69.0,27.666666666666668,100.0,150.0,0.9,59.0,44.0,14.0,50.0,737.4375,0.0250000011210013,265696.0,275.8169998168945,60.003707992553714,685.0
20,8,2,2018,77.0,29.933333333333334,105.0,159.0,1.0,69.0,32.0,15.0,50.0,737.4375,0.0250000011210013,265696.0,275.8169998168945,60.003707992553714,685.0
21,8,2,2018,93.0,32.8,123.0,182.0,1.2,76.0,23.0,17.0,50.0,737.5625,0.0250000012699998,265748.0,275.815,60.00315199279786,685.0
22,8,2,2018,89.0,35.4,118.0,182.0,1.1,82.0,15.0,15.0,50.0,737.5625,0.0250000012699998,265748.0,275.815,60.00315199279786,685.0
23,8,2,2018,95.0,38.333333333333336,125.0,174.0,1.4,94.0,3.0,17.0,50.0,737.5625,0.0250000012699998,265748.0,275.815,60.00315199279786,685.0
0,9,2,2018,102.0,41.53333333333333,134.0,182.0,1.7,96.0,2.0,15.0,50.0,742.0,0.025000001317,266132.0,275.8382000732421,60.00413599395752,704.3125
1,9,2,2018,91.0,44.2,120.0,149.0,1.5,98.0,2.0,14.0,50.0,742.0,0.025000001317,266132.0,275.8382000732421,60.00413599395752,704.3125
2,9,2,2018,87.0,46.8,115.0,127.0,1.5,95.0,2.0,14.0,50.0,742.0,0.025000001317,266132.0,275.8382000732421,60.00413599395752,704.3125
3,9,2,2018,89.0,49.36666666666667,118.0,129.0,1.4,91.0,2.0,16.0,50.0,740.0625,0.0250000006540007,266468.0,275.8982000732421,60.00911199188232,799.5625
4,9,2,2018,83.0,51.8,110.0,121.0,1.4,87.0,2.0,15.0,50.0,740.0625,0.0250000006540007,266468.0,275.8982000732421,60.00911199188232,799.5625
5,9,2,2018,78.0,54.13333333333333,104.0,108.0,1.3,83.0,2.0,14.0,50.0,740.0625,0.0250000006540007,266468.0,275.8982000732421,60.00911199188232,799.5625
6,9,2,2018,77.0,56.266666666666666,103.0,106.0,1.3,80.0,3.0,14.0,50.0,752.4375,0.0250000010330006,266688.0,275.9138998413086,60.00667199707031,752.6875
7,9,2,2018,71.0,58.2,95.0,108.0,1.2,78.0,4.0,14.0,50.0,752.4375,0.0250000010330006,266688.0,275.9138998413086,60.00667199707031,752.6875
8,9,2,2018,77.0,60.333333333333336,103.0,121.0,1.6,88.0,3.0,13.0,50.0,752.4375,0.0250000010330006,266688.0,275.9138998413086,60.00667199707031,752.6875
9,9,2,2018,87.0,62.63333333333333,115.0,144.0,1.8,86.0,5.0,12.0,50.0,745.25,0.025000000384001,267288.0,275.8979998779297,60.00911199188232,696.1875
10,9,2,2018,80.0,64.43333333333334,106.0,143.0,1.6,77.0,9.0,14.0,50.0,745.25,0.025000000384001,267288.0,275.8979998779297,60.00911199188232,696.1875
11,9,2,2018,77.0,66.5,119.0,187.0,1.2,66.0,22.0,12.0,50.0,745.25,0.025000000384001,267288.0,275.8979998779297,60.00911199188232,696.1875
12,9,2,2018,46.0,67.43333333333334,209.0,234.9499999999989,0.3,18.0,72.0,3.0,50.0,742.8125,0.0250000005600005,268296.0,275.86449981689447,60.00911199188232,685.0
13,9,2,2018,18.0,67.26666666666667,125.0,199.0,0.2,13.0,81.0,2.0,50.0,742.8125,0.0250000005600005,268296.0,275.86449981689447,60.00911199188232,685.0
14,9,2,2018,15.0,66.76666666666667,83.0,116.0,0.2,13.0,84.0,2.0,50.0,742.8125,0.0250000005600005,268296.0,275.86449981689447,60.00911199188232,685.0
15,9,2,2018,11.0,66.1,66.0,81.0,0.2,13.0,86.0,2.0,50.0,740.6875,0.0250000004740003,268228.0,275.84139984130854,60.0055239944458,685.0
16,9,2,2018,15.0,65.26666666666667,84.0,118.0,0.2,14.0,84.0,2.0,50.0,740.6875,0.0250000004740003,268228.0,275.84139984130854,60.0055239944458,685.0
17,9,2,2018,15.0,63.73333333333333,120.0,190.0,0.2,14.0,83.0,2.0,50.0,740.6875,0.0250000004740003,268228.0,275.84139984130854,60.0055239944458,685.0
18,9,2,2018,22.0,62.63333333333333,183.0,234.9499999999989,0.2,15.0,81.0,2.0,50.0,737.9375,0.0250000004190001,268576.0,275.80929992675783,60.000455993652345,685.0
19,9,2,2018,38.0,62.266666666666666,224.0,234.9499999999989,0.2,12.0,79.0,2.0,50.0,737.9375,0.0250000004190001,268576.0,275.80929992675783,60.000455993652345,685.0
20,9,2,2018,29.0,61.8,224.0,234.9499999999989,0.3,12.0,80.0,3.0,50.0,737.9375,0.0250000004190001,268576.0,275.80929992675783,60.000455993652345,685.0
21,9,2,2018,10.0,60.3,64.0,77.0,0.3,13.0,74.0,3.0,50.0,737.5625,0.025000000519,268684.0,275.8019000244141,60.00394399261474,685.0
22,9,2,2018,11.0,58.86666666666667,41.0,41.0,0.3,12.0,73.0,3.0,50.0,737.5625,0.025000000519,268684.0,275.8019000244141,60.00394399261474,685.0
23,9,2,2018,10.0,57.3,39.0,39.0,0.3,10.0,74.0,4.0,50.0,737.5625,0.025000000519,268684.0,275.8019000244141,60.00394399261474,685.0
0,10,2,2018,9.0,55.7,29.0,29.0,0.3,9.0,73.0,4.0,50.0,732.0,0.0250000004540011,268772.0,275.8089999389648,60.00751599121094,713.625
1,10,2,2018,8.0,53.66666666666666,28.0,28.0,0.3,15.0,67.0,4.0,50.0,732.0,0.0250000004540011,268772.0,275.8089999389648,60.00751599121094,713.625
2,10,2,2018,14.0,51.56666666666667,24.0,24.0,0.3,17.0,64.0,5.0,50.0,732.0,0.0250000004540011,268772.0,275.8089999389648,60.00751599121094,713.625
3,10,2,2018,12.0,48.86666666666667,24.0,24.0,0.4,20.0,58.0,5.0,50.0,732.8125,0.0250000003939997,268608.0,275.8517999267578,60.00911199188232,816.3125
4,10,2,2018,16.0,46.43333333333333,23.0,20.0,0.4,24.0,54.0,5.0,50.0,732.8125,0.0250000003939997,268608.0,275.8517999267578,60.00911199188232,816.3125
5,10,2,2018,11.0,43.63333333333333,19.0,19.0,0.7,35.0,44.0,4.0,50.0,732.8125,0.0250000003939997,268608.0,275.8517999267578,60.00911199188232,816.3125
6,10,2,2018,15.0,40.73333333333333,30.0,30.0,0.8,42.0,31.0,5.0,50.0,735.3125,0.0250000003559999,268080.0,275.86499999999995,60.00911199188232,808.9375
7,10,2,2018,20.0,38.36666666666667,39.0,39.0,0.9,45.0,25.0,6.0,50.0,735.3125,0.0250000003559999,268080.0,275.86499999999995,60.00911199188232,808.9375
8,10,2,2018,28.0,36.4,50.0,50.0,0.9,56.0,16.0,7.0,50.0,735.3125,0.0250000003559999,268080.0,275.86499999999995,60.00911199188232,808.9375
9,10,2,2018,21.0,34.13333333333333,45.0,45.0,0.8,43.0,31.0,10.0,50.0,735.875,0.0250000004310011,268004.0,275.8632000732422,60.00811599731446,697.4375
10,10,2,2018,28.0,32.3,45.0,45.0,0.7,27.0,48.0,17.0,50.0,735.875,0.0250000004310011,268004.0,275.8632000732422,60.00811599731446,697.4375
11,10,2,2018,27.0,30.6,40.0,40.0,0.5,19.0,61.0,10.0,50.0,735.875,0.0250000004310011,268004.0,275.8632000732422,60.00811599731446,697.4375
12,10,2,2018,11.0,28.4,26.0,26.0,0.3,10.0,74.0,4.0,50.0,735.5,0.0250000005550012,268192.0,275.852200012207,60.0057919921875,685.0
13,10,2,2018,10.0,26.366666666666667,24.0,22.0,0.3,11.0,78.0,2.0,50.0,735.5,0.0250000005550012,268192.0,275.852200012207,60.0057919921875,685.0
14,10,2,2018,10.0,24.133333333333333,27.0,27.0,0.2,10.0,83.0,2.0,50.0,735.5,0.0250000005550012,268192.0,275.852200012207,60.0057919921875,685.0
15,10,2,2018,9.0,21.53333333333333,27.0,23.0,0.2,9.0,86.0,2.0,50.0,734.0,0.025000000651,268160.0,275.8279000854492,60.00513999176025,685.0
16,10,2,2018,7.0,19.1,27.0,22.0,0.2,10.0,87.0,2.0,50.0,734.0,0.025000000651,268160.0,275.8279000854492,60.00513999176025,685.0
17,10,2,2018,5.0,16.7,31.0,31.0,0.2,10.0,87.0,2.0,50.0,734.0,0.025000000651,268160.0,275.8279000854492,60.00513999176025,685.0
18,10,2,2018,6.0,15.366666666666667,49.0,49.0,0.2,10.0,87.0,2.0,50.0,735.0625,0.0250000007140003,267896.0,275.8397998046874,60.00911199188232,685.0
19,10,2,2018,6.0,14.966666666666669,48.0,48.0,0.3,20.0,74.0,2.0,50.0,735.0625,0.0250000007140003,267896.0,275.8397998046874,60.00911199188232,685.0
20,10,2,2018,10.0,14.8,48.0,48.0,0.3,28.0,63.0,2.0,50.0,735.0625,0.0250000007140003,267896.0,275.8397998046874,60.00911199188232,685.0
21,10,2,2018,9.0,14.733333333333333,51.0,51.0,0.3,38.0,51.0,2.0,50.0,734.1875,0.0250000005789995,267840.0,275.8332998657225,60.00685199737549,685.0
22,10,2,2018,9.0,14.533333333333331,53.0,56.0,0.4,44.0,44.0,2.0,50.0,734.1875,0.0250000005789995,267840.0,275.8332998657225,60.00685199737549,685.0
23,10,2,2018,13.0,14.466666666666669,57.0,63.0,0.5,49.0,36.0,3.0,50.0,734.1875,0.0250000005789995,267840.0,275.8332998657225,60.00685199737549,685.0
0,11,2,2018,16.0,14.266666666666667,58.0,66.0,0.5,61.0,23.0,3.0,50.0,732.5625,0.0250000004329998,268004.0,275.82669982910147,60.007231994628896,714.4375
1,11,2,2018,20.0,13.666666666666666,57.0,63.0,0.6,64.0,18.0,3.0,50.0,732.5625,0.0250000004329998,268004.0,275.82669982910147,60.007231994628896,714.4375
2,11,2,2018,11.0,13.066666666666666,60.0,70.0,0.3,14.0,65.0,2.0,50.0,732.5625,0.0250000004329998,268004.0,275.82669982910147,60.007231994628896,714.4375
3,11,2,2018,10.0,13.066666666666666,61.0,72.0,0.2,6.0,73.0,2.0,50.0,731.375,0.0250000003639999,268148.0,275.83350006103507,60.00911199188232,817.9375
4,11,2,2018,10.0,13.033333333333331,54.0,58.0,0.2,7.0,73.0,2.0,50.0,731.375,0.0250000003639999,268148.0,275.83350006103507,60.00911199188232,817.9375
5,11,2,2018,13.0,13.133333333333333,44.0,44.0,0.2,9.0,73.0,2.0,50.0,731.375,0.0250000003639999,268148.0,275.83350006103507,60.00911199188232,817.9375
6,11,2,2018,7.0,13.066666666666666,36.0,36.0,0.1,7.0,79.0,2.0,50.0,733.625,0.025000000415001,267940.0,275.8588998413086,60.00911199188232,816.0625
7,11,2,2018,8.0,13.066666666666666,52.0,53.0,0.1,9.0,77.0,2.0,50.0,733.625,0.025000000415001,267940.0,275.8588998413086,60.00911199188232,816.0625
8,11,2,2018,5.0,12.766666666666667,41.0,41.0,0.2,14.0,72.0,2.0,50.0,733.625,0.025000000415001,267940.0,275.8588998413086,60.00911199188232,816.0625
9,11,2,2018,7.0,12.6,38.0,38.0,0.2,14.0,70.0,2.0,50.0,735.5,0.0250000004590004,267852.0,275.86600006103515,60.00911199188232,699.1875
10,11,2,2018,4.0,12.2,48.0,48.0,0.2,8.0,77.0,2.0,50.0,735.5,0.0250000004590004,267852.0,275.86600006103515,60.00911199188232,699.1875
11,11,2,2018,11.0,12.2,94.0,137.0,0.1,6.0,83.0,2.0,50.0,735.5,0.0250000004590004,267852.0,275.86600006103515,60.00911199188232,699.1875
12,11,2,2018,8.333333333333334,11.977777777777778,71.66666666666667,116.0,0.1333333333333333,6.333333333333332,84.0,2.0,50.0,735.3125,0.0250000004600007,267968.0,275.8632000732422,60.00728799438478,685.0
13,11,2,2018,5.666666666666668,11.5,49.33333333333334,95.0,0.1666666666666666,6.666666666666668,85.0,2.0,50.0,735.3125,0.0250000004600007,267968.0,275.8632000732422,60.00728799438478,685.0
14,11,2,2018,3.0,10.666666666666666,27.0,74.0,0.2,7.0,86.0,2.0,50.0,735.3125,0.0250000004600007,267968.0,275.8632000732422,60.00728799438478,685.0
15,11,2,2018,9.0,10.266666666666667,52.0,53.0,0.2,7.0,87.0,2.0,50.0,735.8125,0.0250000005559995,268012.0,275.86540008544915,60.00911199188232,685.0
16,11,2,2018,6.0,9.533333333333331,51.0,52.0,0.1,9.0,85.0,2.0,50.0,735.8125,0.0250000005559995,268012.0,275.86540008544915,60.00911199188232,685.0
17,11,2,2018,9.0,8.933333333333334,47.0,47.0,0.1,11.0,84.0,2.0,50.0,735.8125,0.0250000005559995,268012.0,275.86540008544915,60.00911199188232,685.0
18,11,2,2018,4.0,8.7,53.0,56.0,0.1,12.0,84.0,2.0,50.0,734.0,0.0250000002740006,267728.0,275.8563000488281,60.00606799316406,685.0
19,11,2,2018,8.0,8.633333333333333,58.0,66.0,0.2,18.0,76.0,2.0,50.0,734.0,0.0250000002740006,267728.0,275.8563000488281,60.00606799316406,685.0
20,11,2,2018,6.0,8.5,57.0,64.0,0.2,16.0,75.0,2.0,50.0,734.0,0.0250000002740006,267728.0,275.8563000488281,60.00606799316406,685.0
21,11,2,2018,6.0,8.4,64.0,78.0,0.2,13.0,75.0,2.0,50.0,736.8125,0.0250000010390002,267664.0,275.8610998535156,60.00636399841309,685.0
22,11,2,2018,9.0,8.466666666666667,81.0,111.0,0.2,14.0,72.0,2.0,50.0,736.8125,0.0250000010390002,267664.0,275.8610998535156,60.00636399841309,685.0
23,11,2,2018,13.0,8.733333333333333,93.0,135.0,0.2,8.0,75.0,2.0,50.0,736.8125,0.0250000010390002,267664.0,275.8610998535156,60.00636399841309,685.0
0,12,2,2018,12.0,8.933333333333334,93.0,136.0,0.3,13.0,68.0,2.0,50.0,735.75,0.0250000006879996,267708.0,275.85699981689453,60.00733599090576,714.5
1,12,2,2018,23.0,9.5,74.0,98.0,0.4,31.0,49.0,3.0,50.0,735.75,0.0250000006879996,267708.0,275.85699981689453,60.00733599090576,714.5
2,12,2,2018,27.0,10.066666666666666,61.0,72.0,0.5,30.0,50.0,5.0,50.0,735.75,0.0250000006879996,267708.0,275.85699981689453,60.00733599090576,714.5
3,12,2,2018,31.0,10.8,59.0,68.0,0.6,35.0,42.0,6.0,50.0,737.3125,0.0250000006910003,267624.0,275.8982000732421,60.007903991699216,816.0
4,12,2,2018,38.0,11.766666666666667,59.0,68.0,0.7,46.0,29.0,6.0,50.0,737.3125,0.0250000006910003,267624.0,275.8982000732421,60.007903991699216,816.0
5,12,2,2018,38.0,12.6,61.0,71.0,0.9,63.0,12.0,5.0,50.0,737.3125,0.0250000006910003,267624.0,275.8982000732421,60.007903991699216,816.0
6,12,2,2018,24.5,12.883333333333333,61.0,71.0,0.65,48.0,30.5,3.5,50.0,740.1875,0.0250000006409995,266904.0,275.9297998046875,60.00750799560547,813.8125
7,12,2,2018,11.0,12.583333333333334,61.0,71.0,0.4,33.0,49.0,2.0,50.0,740.1875,0.0250000006409995,266904.0,275.9297998046875,60.00750799560547,813.8125
8,12,2,2018,23.0,12.983333333333333,63.0,75.0,1.0,59.0,22.0,5.0,50.0,740.1875,0.0250000006409995,266904.0,275.9297998046875,60.00750799560547,813.8125
9,12,2,2018,40.0,13.983333333333333,77.0,103.0,1.0,56.0,24.0,7.0,50.0,741.5,0.0250000006450004,266740.0,275.93220001220703,60.00594799804689,699.25
10,12,2,2018,40.0,14.983333333333333,77.0,103.0,0.7,29.0,53.0,8.0,50.0,741.5,0.0250000006450004,266740.0,275.93220001220703,60.00594799804689,699.25
11,12,2,2018,23.0,15.316666666666666,71.0,91.0,0.4,15.0,72.0,4.0,50.0,741.5,0.0250000006450004,266740.0,275.93220001220703,60.00594799804689,699.25
12,12,2,2018,12.0,15.483333333333333,59.0,67.0,0.3,11.0,82.0,3.0,50.0,739.0625,0.0250000005990006,266560.0,275.90419982910146,60.00285199737549,685.0
13,12,2,2018,21.0,15.916666666666666,59.0,67.0,0.3,13.0,85.0,3.0,50.0,739.0625,0.0250000005990006,266560.0,275.90419982910146,60.00285199737549,685.0
14,12,2,2018,23.0,16.516666666666666,56.0,62.0,0.3,15.0,84.0,3.0,50.0,739.0625,0.0250000005990006,266560.0,275.90419982910146,60.00285199737549,685.0
15,12,2,2018,15.0,16.783333333333335,50.0,50.0,0.3,12.0,88.0,3.0,50.0,737.6875,0.0250000006460007,266540.0,275.8838000488281,60.0034759979248,685.0
16,12,2,2018,12.0,17.05,51.0,51.0,0.2,12.0,89.0,3.0,50.0,737.6875,0.0250000006460007,266540.0,275.8838000488281,60.0034759979248,685.0
17,12,2,2018,12.0,17.083333333333332,41.0,41.0,0.2,11.0,90.0,2.0,50.0,737.6875,0.0250000006460007,266540.0,275.8838000488281,60.0034759979248,685.0
18,12,2,2018,10.0,17.138888888888893,41.0,41.0,0.2,15.0,84.0,2.0,50.0,734.875,0.0250000007610004,266116.0,275.8425,60.00215199279785,685.0
19,12,2,2018,18.0,17.55,47.0,47.0,0.3,28.0,68.0,3.0,50.0,734.875,0.0250000007610004,266116.0,275.8425,60.00215199279785,685.0
20,12,2,2018,20.0,18.116666666666667,55.0,59.0,0.5,42.0,49.0,5.0,50.0,734.875,0.0250000007610004,266116.0,275.8425,60.00215199279785,685.0
21,12,2,2018,43.0,19.25,65.0,79.0,0.6,44.0,41.0,8.0,50.0,734.875,0.0250000008880011,266044.0,275.8382000732421,60.00153199768066,685.0
22,12,2,2018,44.66666666666666,20.538888888888888,43.0,42.5,0.7,42.5,37.5,11.0,50.0,734.875,0.0250000008880011,266044.0,275.8382000732421,60.00153199768066,685.0
23,12,2,2018,46.33333333333334,21.78333333333333,21.0,6.0,0.8,41.0,34.0,14.0,50.0,734.875,0.0250000008880011,266044.0,275.8382000732421,60.00153199768066,685.0
0,13,2,2018,48.0,23.25,75.0,99.0,0.9,52.0,22.0,17.0,50.0,735.3125,0.0250000008610002,265632.0,275.83769989013666,60.00290399169922,714.625
1,13,2,2018,72.0,25.383333333333333,96.0,106.0,1.0,67.0,6.0,17.0,50.0,735.3125,0.0250000008610002,265632.0,275.83769989013666,60.00290399169922,714.625
2,13,2,2018,60.0,27.183333333333334,81.0,92.0,1.8,66.0,2.0,11.0,50.0,735.3125,0.0250000008610002,265632.0,275.83769989013666,60.00290399169922,714.625
3,13,2,2018,48.0,28.58333333333333,66.0,75.0,1.0,68.0,2.0,10.0,50.0,739.0625,0.0250000008260011,265156.0,275.9160998535156,60.003455993652345,816.5625
4,13,2,2018,50.0,29.95,69.0,74.0,1.0,70.0,4.0,10.0,50.0,739.0625,0.0250000008260011,265156.0,275.9160998535156,60.003455993652345,816.5625
5,13,2,2018,34.0,30.65,52.0,54.0,1.0,67.0,6.0,9.0,50.0,739.0625,0.0250000008260011,265156.0,275.9160998535156,60.003455993652345,816.5625
6,13,2,2018,26.0,31.116666666666667,49.0,49.0,0.8,63.0,12.0,8.0,50.0,743.9375,0.025000000767,264908.0,275.9533999633789,60.00308399200439,808.1875
7,13,2,2018,21.0,31.05,44.0,44.0,0.7,68.0,11.0,7.0,50.0,743.9375,0.025000000767,264908.0,275.9533999633789,60.00308399200439,808.1875
8,13,2,2018,23.0,30.916666666666668,51.0,52.0,0.8,69.0,10.0,7.0,50.0,743.9375,0.025000000767,264908.0,275.9533999633789,60.00308399200439,808.1875
9,13,2,2018,23.0,30.65,52.0,54.0,0.8,62.0,20.0,7.0,50.0,745.4375,0.0250000006969999,264908.0,275.97019989013666,60.00371999359131,699.375
10,13,2,2018,27.0,30.28333333333333,52.0,54.0,0.8,58.0,29.0,17.0,50.0,745.4375,0.0250000006969999,264908.0,275.97019989013666,60.00371999359131,699.375
11,13,2,2018,43.0,30.45,63.0,76.0,1.0,59.0,33.0,17.0,50.0,745.4375,0.0250000006969999,264908.0,275.97019989013666,60.00371999359131,699.375
12,13,2,2018,57.0,31.53333333333333,78.0,90.0,1.0,59.0,42.0,15.0,50.0,740.1875,0.0250000008810013,264908.0,275.8998999023437,60.00406399536133,685.0
13,13,2,2018,96.0,34.36666666666667,126.0,86.0,0.9,54.0,55.0,15.0,50.0,740.1875,0.0250000008810013,264908.0,275.8998999023437,60.00406399536133,685.0
14,13,2,2018,75.0,36.1,100.0,82.0,0.8,51.0,63.0,13.0,50.0,740.1875,0.0250000008810013,264908.0,275.8998999023437,60.00406399536133,685.0
15,13,2,2018,70.0,37.1,94.0,91.0,0.8,48.0,69.0,14.0,50.0,738.6875,0.0250000010180007,264908.0,275.87709991455074,60.00483999633789,685.0
16,13,2,2018,78.0,38.36666666666667,104.0,91.0,0.7,43.0,77.0,15.0,50.0,738.6875,0.0250000010180007,264908.0,275.87709991455074,60.00483999633789,685.0
17,13,2,2018,63.0,39.7,85.0,86.0,0.8,55.0,67.0,14.0,50.0,738.6875,0.0250000010180007,264908.0,275.87709991455074,60.00483999633789,685.0
18,13,2,2018,72.0,41.7,96.0,96.0,0.9,74.0,47.0,14.0,50.0,741.25,0.025000000965001,265224.0,275.9107998657226,60.0050239944458,685.0
19,13,2,2018,84.0,43.8,111.0,119.0,1.1,103.0,8.0,15.0,50.0,741.25,0.025000000965001,265224.0,275.9107998657226,60.0050239944458,685.0
20,13,2,2018,89.0,46.0,118.0,121.0,1.3,103.0,4.0,14.0,50.0,741.25,0.025000000965001,265224.0,275.9107998657226,60.0050239944458,685.0
21,13,2,2018,101.0,48.86666666666667,133.0,136.0,1.5,101.0,4.0,17.0,50.0,740.8125,0.0250000009359996,265912.0,275.9057998657226,60.00911199188232,685.0
22,13,2,2018,87.0,51.36666666666667,115.0,119.0,1.2,97.0,7.0,13.0,50.0,740.8125,0.0250000009359996,265912.0,275.9057998657226,60.00911199188232,685.0
23,13,2,2018,72.0,53.36666666666667,96.0,114.0,1.0,72.0,23.0,9.0,50.0,740.8125,0.0250000009359996,265912.0,275.9057998657226,60.00911199188232,685.0
0,14,2,2018,14.0,53.5,71.0,91.0,0.2,16.0,72.0,2.0,50.0,748.0625,0.0250000008810013,266724.0,275.89119995117187,60.00500799560547,715.0
1,14,2,2018,9.0,53.2,59.0,67.0,0.1,9.0,78.0,2.0,50.0,748.0625,0.0250000008810013,266724.0,275.89119995117187,60.00500799560547,715.0
2,14,2,2018,8.0,52.8,61.0,71.0,0.1,8.0,79.0,2.0,50.0,748.0625,0.0250000008810013,266724.0,275.89119995117187,60.00500799560547,715.0
3,14,2,2018,8.0,51.63333333333333,60.0,69.0,0.1,8.0,82.0,2.0,50.0,749.5625,0.0250000008889995,267080.0,275.9150997924804,60.00782399749756,769.6875
4,14,2,2018,9.0,50.44444444444445,63.0,76.0,0.1,6.0,84.0,2.0,50.0,749.5625,0.0250000008889995,267080.0,275.9150997924804,60.00782399749756,769.6875
5,14,2,2018,6.0,49.1,55.0,59.0,0.1,6.0,87.0,2.0,50.0,749.5625,0.0250000008889995,267080.0,275.9150997924804,60.00782399749756,769.6875
6,14,2,2018,5.0,47.66666666666666,37.0,37.0,0.1,8.0,86.0,2.0,50.0,752.5625,0.0250000008579995,266760.0,275.9254000854492,60.008031997680646,760.125
7,14,2,2018,4.0,45.4,28.0,23.0,0.1,9.0,88.0,2.0,50.0,752.5625,0.0250000008579995,266760.0,275.9254000854492,60.008031997680646,760.125
8,14,2,2018,4.0,43.53333333333333,27.0,27.0,0.1,13.0,85.0,2.0,50.0,752.5625,0.0250000008579995,266760.0,275.9254000854492,60.008031997680646,760.125
9,14,2,2018,3.0,42.03333333333333,29.0,29.0,0.2,14.0,83.0,2.0,50.0,750.5,0.0250000008140001,267104.0,275.9188998413086,60.006455993652345,695.1875
10,14,2,2018,3.0,40.46666666666667,26.0,22.0,0.1,12.0,84.0,2.0,50.0,750.5,0.0250000008140001,267104.0,275.9188998413086,60.006455993652345,695.1875
11,14,2,2018,5.0,39.5,27.0,26.0,0.1,11.0,86.0,2.0,50.0,750.5,0.0250000008140001,267104.0,275.9188998413086,60.006455993652345,695.1875
12,14,2,2018,6.0,38.833333333333336,26.0,24.0,0.2,16.0,82.0,2.0,50.0,746.0,0.0250000007889997,267548.0,275.8702999877929,60.00127199554444,685.0
13,14,2,2018,10.0,38.46666666666667,27.0,27.0,0.2,19.0,78.0,2.0,50.0,746.0,0.0250000007889997,267548.0,275.8702999877929,60.00127199554444,685.0
14,14,2,2018,9.0,38.0,25.0,20.0,0.2,17.0,81.0,2.0,50.0,746.0,0.0250000007889997,267548.0,275.8702999877929,60.00127199554444,685.0
15,14,2,2018,5.0,37.4,29.0,27.0,0.1,10.0,92.0,2.0,50.0,744.8125,0.0250000008650012,267532.0,275.8552999877929,60.00117599487304,685.0
16,14,2,2018,8.0,36.766666666666666,29.0,29.0,0.2,10.0,92.0,2.0,50.0,744.8125,0.0250000008650012,267532.0,275.8552999877929,60.00117599487304,685.0
17,14,2,2018,6.0,35.53333333333333,28.0,24.0,0.1,12.0,91.0,2.0,50.0,744.8125,0.0250000008650012,267532.0,275.8552999877929,60.00117599487304,685.0
18,14,2,2018,10.0,33.96666666666667,28.0,28.0,0.2,18.0,83.0,2.0,50.0,743.1875,0.025000000519,267952.0,275.8441998291015,60.00334399414061,685.0
19,14,2,2018,11.0,31.133333333333333,49.0,49.0,0.3,28.0,66.0,3.0,50.0,743.1875,0.025000000519,267952.0,275.8441998291015,60.00334399414061,685.0
20,14,2,2018,20.0,29.3,49.0,49.0,0.4,26.0,62.0,4.0,50.0,743.1875,0.025000000519,267952.0,275.8441998291015,60.00334399414061,685.0
21,14,2,2018,29.0,27.933333333333334,59.0,67.0,0.7,68.0,22.0,5.0,50.0,742.625,0.0250000010850001,268008.0,275.826199951172,60.00183999633789,685.0
22,14,2,2018,37.0,26.566666666666663,59.0,68.0,1.1,86.0,5.0,6.0,50.0,742.625,0.0250000010850001,268008.0,275.826199951172,60.00183999633789,685.0
23,14,2,2018,30.0,25.466666666666665,56.0,62.0,0.6,69.0,17.0,5.0,50.0,742.625,0.0250000010850001,268008.0,275.826199951172,60.00183999633789,685.0
0,15,2,2018,14.0,23.53333333333333,29.0,29.0,0.4,36.0,54.0,3.0,50.0,733.6875,0.025000000996001,268048.0,275.82139984130856,60.00165999603272,715.5
1,15,2,2018,11.0,21.1,18.0,16.0,0.3,31.0,59.0,3.0,50.0,733.6875,0.025000000996001,268048.0,275.82139984130856,60.00165999603272,715.5
2,15,2,2018,7.0,18.366666666666667,22.0,12.0,0.3,19.0,71.0,3.0,50.0,733.6875,0.025000000996001,268048.0,275.82139984130856,60.00165999603272,715.5
3,15,2,2018,9.0,15.3,20.0,14.0,0.3,25.0,65.0,3.0,50.0,738.375,0.0250000011490006,267844.0,275.89209991455084,60.00237199401855,815.1875
4,15,2,2018,7.0,12.633333333333333,15.0,15.0,0.3,29.0,58.5,14.0,50.0,738.375,0.0250000011490006,267844.0,275.89209991455084,60.00237199401855,815.1875
5,15,2,2018,5.0,10.4,16.0,15.0,0.3,35.0,52.0,14.0,50.0,738.375,0.0250000011490006,267844.0,275.89209991455084,60.00237199401855,815.1875
6,15,2,2018,12.0,10.333333333333334,27.0,27.0,0.4,41.0,36.0,4.0,50.0,743.875,0.0250000016350001,266960.0,275.92259979248047,60.00541999816897,803.8125
7,15,2,2018,12.0,10.433333333333334,25.0,25.0,0.6,41.0,34.0,4.0,50.0,743.875,0.0250000016350001,266960.0,275.92259979248047,60.00541999816897,803.8125
8,15,2,2018,10.0,10.5,20.0,20.0,0.4,35.0,43.0,3.0,50.0,743.875,0.0250000016350001,266960.0,275.92259979248047,60.00541999816897,803.8125
9,15,2,2018,9.0,10.533333333333331,24.0,24.0,0.4,31.0,49.0,3.0,50.0,741.6875,0.0250000008390005,266704.0,275.93029998779286,60.00711599731445,712.5
10,15,2,2018,12.0,10.633333333333333,23.0,23.0,0.3,24.0,61.0,4.0,50.0,741.6875,0.0250000008390005,266704.0,275.93029998779286,60.00711599731445,712.5
11,15,2,2018,8.0,10.7,23.0,13.0,0.3,18.0,73.0,3.0,50.0,741.6875,0.0250000008390005,266704.0,275.93029998779286,60.00711599731445,712.5
12,15,2,2018,11.0,10.9,25.0,14.0,0.2,15.0,80.0,4.0,50.0,738.4375,0.025000000926001,266552.0,275.8866998291016,60.00357599639893,685.0
13,15,2,2018,22.0,11.5,31.0,24.0,0.3,14.0,85.0,6.0,50.0,738.4375,0.025000000926001,266552.0,275.8866998291016,60.00357599639893,685.0
14,15,2,2018,54.0,13.166666666666666,74.0,68.0,0.4,15.0,98.0,11.0,50.0,738.4375,0.025000000926001,266552.0,275.8866998291016,60.00357599639893,685.0
15,15,2,2018,55.0,14.9,75.0,74.0,0.4,15.0,101.0,10.0,50.0,736.8125,0.0250000009819995,266408.0,275.86380004882807,60.00101199340821,685.0
16,15,2,2018,53.0,16.566666666666666,73.0,78.0,0.4,16.0,101.0,10.0,50.0,736.8125,0.0250000009819995,266408.0,275.86380004882807,60.00101199340821,685.0
17,15,2,2018,56.0,18.266666666666666,76.0,79.0,0.5,17.0,103.0,12.0,50.0,736.8125,0.0250000009819995,266408.0,275.86380004882807,60.00101199340821,685.0
18,15,2,2018,64.0,20.2,86.0,89.0,0.6,21.0,99.0,13.0,50.0,736.0625,0.0250000010430011,266240.0,275.851600036621,60.0010719909668,685.0
19,15,2,2018,78.0,22.466666666666665,104.0,106.0,0.7,35.0,80.0,16.0,50.0,736.0625,0.0250000010430011,266240.0,275.851600036621,60.0010719909668,685.0
20,15,2,2018,147.0,27.066666666666663,196.0,181.0,0.9,38.0,75.0,17.0,50.0,736.0625,0.0250000010430011,266240.0,275.851600036621,60.0010719909668,685.0
21,15,2,2018,165.0,34.833333333333336,224.0,234.9499999999989,1.2,43.0,69.0,17.0,50.0,735.625,0.0250000010740012,266560.0,275.8447998046874,60.00634399414061,685.0
22,15,2,2018,165.0,46.766666666666666,224.0,234.9499999999989,1.5,54.0,55.0,17.0,50.0,735.625,0.0250000010740012,266560.0,275.8447998046874,60.00634399414061,685.0
23,15,2,2018,165.0,60.833333333333336,224.0,234.9499999999989,1.6,59.0,45.0,17.0,50.0,735.625,0.0250000010740012,266560.0,275.8447998046874,60.00634399414061,685.0
0,16,2,2018,165.0,74.93333333333334,224.0,234.9499999999989,1.7,61.0,33.0,17.0,50.0,739.5625,0.0250000008470006,266728.0,275.89410003662107,60.00756799316406,717.0625
1,16,2,2018,165.0,89.53333333333333,224.0,234.9499999999989,1.7,70.0,19.0,17.0,50.0,739.5625,0.0250000008470006,266728.0,275.89410003662107,60.00756799316406,717.0625
2,16,2,2018,165.0,106.06666666666666,224.0,234.9499999999989,1.3,76.0,9.0,17.0,50.0,739.5625,0.0250000008470006,266728.0,275.89410003662107,60.00756799316406,717.0625
3,16,2,2018,165.0,113.63333333333334,224.0,234.9499999999989,1.0,52.0,30.0,17.0,50.0,739.75,0.025000000705,267084.0,275.9297998046875,60.00564399719238,821.6875
4,16,2,2018,155.0,117.56666666666666,205.0,199.0,1.0,47.0,37.0,17.0,50.0,739.75,0.025000000705,267084.0,275.9297998046875,60.00564399719238,821.6875
5,16,2,2018,165.0,123.26666666666668,224.0,223.0,1.0,53.0,25.0,17.0,50.0,739.75,0.025000000705,267084.0,275.9297998046875,60.00564399719238,821.6875
6,16,2,2018,162.0,128.2,212.0,214.0,1.5,47.0,33.0,17.0,50.0,743.625,0.0250000005940012,266724.0,275.9555999755859,60.00839999389648,813.0625
7,16,2,2018,17.0,128.4,70.0,89.0,0.2,7.0,82.0,3.0,50.0,743.625,0.0250000005940012,266724.0,275.9555999755859,60.00839999389648,813.0625
8,16,2,2018,18.0,128.76666666666668,110.0,169.0,0.2,5.0,88.0,3.0,50.0,743.625,0.0250000005940012,266724.0,275.9555999755859,60.00839999389648,813.0625
9,16,2,2018,19.0,129.1,65.0,79.0,0.1,5.0,90.0,4.0,50.0,745.0625,0.0250000009330008,266948.0,275.9580999755859,60.00765199279786,701.625
10,16,2,2018,16.0,129.4,59.0,68.0,0.1,5.0,95.0,2.0,50.0,745.0625,0.0250000009330008,266948.0,275.9580999755859,60.00765199279786,701.625
11,16,2,2018,165.0,135.73333333333332,224.0,44.5,0.1,5.0,97.0,2.0,50.0,745.0625,0.0250000009330008,266948.0,275.9580999755859,60.00765199279786,701.625
12,16,2,2018,20.0,136.0,32.0,21.0,0.1,6.0,101.0,2.0,50.0,740.25,0.0250000011670012,266976.0,275.89279998779296,60.00186799621582,685.0
13,16,2,2018,15.0,136.1,36.0,36.0,0.1,5.0,104.0,2.0,50.0,740.25,0.0250000011670012,266976.0,275.89279998779296,60.00186799621582,685.0
14,16,2,2018,14.0,136.23333333333332,33.0,29.0,0.1,6.0,104.0,2.0,50.0,740.25,0.0250000011670012,266976.0,275.89279998779296,60.00186799621582,685.0
15,16,2,2018,26.0,136.8,37.0,32.0,0.1,6.0,104.0,2.0,50.0,738.125,0.0250000012880004,267068.0,275.8629000854492,60.00112799072266,685.0
16,16,2,2018,19.0,137.03333333333333,35.0,35.0,0.2,9.0,106.0,4.0,50.0,738.125,0.0250000012880004,267068.0,275.8629000854492,60.00112799072266,685.0
17,16,2,2018,18.0,137.36666666666667,35.0,35.0,0.2,8.0,105.0,3.0,50.0,738.125,0.0250000012880004,267068.0,275.8629000854492,60.00112799072266,685.0
18,16,2,2018,19.0,137.63333333333333,38.0,38.0,0.2,13.0,98.0,3.0,50.0,738.625,0.0250000021940004,267340.0,275.8479998779297,60.00323999786377,685.0
19,16,2,2018,19.0,137.53333333333333,40.0,40.0,0.3,14.0,90.0,3.0,50.0,738.625,0.0250000021940004,267340.0,275.8479998779297,60.00323999786377,685.0
20,16,2,2018,28.0,136.66666666666666,43.0,43.0,0.3,19.0,81.0,5.0,50.0,738.625,0.0250000021940004,267340.0,275.8479998779297,60.00323999786377,685.0
21,16,2,2018,75.0,137.33333333333334,100.0,62.0,0.3,25.0,73.0,7.0,50.0,737.0625,0.0250000021560005,267420.0,275.82899993896484,60.00325999450683,685.0
22,16,2,2018,62.0,137.63333333333333,84.0,81.0,0.5,39.0,56.0,11.0,50.0,737.0625,0.0250000021560005,267420.0,275.82899993896484,60.00325999450683,685.0
23,16,2,2018,75.0,138.26666666666668,100.0,104.0,0.6,28.0,64.0,13.0,50.0,737.0625,0.0250000021560005,267420.0,275.82899993896484,60.00325999450683,685.0
0,17,2,2018,64.0,138.26666666666668,86.0,91.0,0.6,26.0,64.0,12.0,50.000056257247934,748.75,0.0250000018809996,267508.0,275.84269989013666,60.00492399597168,703.3125
1,17,2,2018,83.0,138.43333333333334,110.0,102.0,0.8,23.0,68.0,14.0,50.000056257247934,748.75,0.0250000018809996,267508.0,275.84269989013666,60.00492399597168,703.3125
2,17,2,2018,95.0,136.7,125.0,117.0,0.9666666666666668,25.0,64.0,16.0,50.000056257247934,748.75,0.0250000018809996,267508.0,275.84269989013666,60.00492399597168,703.3125
3,17,2,2018,105.0,132.26666666666668,138.0,126.0,1.1333333333333333,31.0,57.0,17.0,50.0,749.3125,0.0250000018370002,267472.0,275.8701998901367,60.0055719909668,754.75
4,17,2,2018,108.0,123.66666666666669,141.0,139.0,1.3,36.0,40.5,7.0,50.0,749.3125,0.0250000018370002,267472.0,275.8701998901367,60.0055719909668,754.75
5,17,2,2018,87.0,112.3,115.0,135.0,1.2,38.5,24.0,2.0,50.0,749.3125,0.0250000018370002,267472.0,275.8701998901367,60.0055719909668,754.75
6,17,2,2018,83.0,100.63333333333334,110.0,109.0,1.0,41.0,22.0,2.0,50.0,755.125,0.0250000016959998,266940.0,275.8932998657225,60.005799995422365,736.6875
7,17,2,2018,77.0,88.23333333333333,103.0,99.0,1.1,44.0,19.0,2.0,50.0,755.125,0.0250000016959998,266940.0,275.8932998657225,60.005799995422365,736.6875
8,17,2,2018,70.0,73.36666666666666,94.0,95.0,1.3,45.0,19.0,2.0,50.0,755.125,0.0250000016959998,266940.0,275.8932998657225,60.005799995422365,736.6875
9,17,2,2018,77.0,67.4,103.0,100.0,1.3,47.0,19.0,2.0,50.00016875267029,754.375,0.0250000017930008,266888.0,275.9007998657226,60.00262799072266,692.5
10,17,2,2018,104.0,65.7,136.0,121.0,1.5,42.0,24.0,5.0,50.00016875267029,754.375,0.0250000017930008,266888.0,275.9007998657226,60.00262799072266,692.5
11,17,2,2018,122.0,63.06666666666667,160.0,134.0,1.7,39.0,32.0,10.0,50.00016875267029,754.375,0.0250000017930008,266888.0,275.9007998657226,60.00262799072266,692.5
12,17,2,2018,109.0,61.3,143.0,117.0,1.6,35.0,45.0,13.0,50.0,753.0,0.0250000020410008,267048.0,275.8847998046875,60.00150399780274,685.0
13,17,2,2018,100.0,64.06666666666666,131.0,108.0,1.5,35.0,51.0,17.0,50.0,753.0,0.0250000020410008,267048.0,275.8847998046875,60.00150399780274,685.0
14,17,2,2018,106.0,67.0,139.0,110.0,1.4,42.0,44.0,17.0,50.0,753.0,0.0250000020410008,267048.0,275.8847998046875,60.00150399780274,685.0
15,17,2,2018,97.0,69.6,128.0,110.0,1.4,45.0,44.0,17.0,50.0,750.375,0.0250000021170005,267232.0,275.8577999877929,60.0017919921875,685.0
16,17,2,2018,96.0,72.26666666666667,126.0,97.0,1.5,36.0,64.0,17.0,50.0,750.375,0.0250000021170005,267232.0,275.8577999877929,60.0017919921875,685.0
17,17,2,2018,86.0,68.63333333333334,114.0,99.0,1.5,37.0,64.0,17.0,50.0,750.375,0.0250000021170005,267232.0,275.8577999877929,60.0017919921875,685.0
18,17,2,2018,87.0,70.86666666666666,115.0,99.0,1.5,43.0,56.0,17.0,50.0,749.125,0.0250000020410008,267276.0,275.8452999877929,60.0019759979248,685.0
19,17,2,2018,101.0,73.73333333333333,133.0,116.0,1.4,57.0,32.0,14.0,50.0,749.125,0.0250000020410008,267276.0,275.8452999877929,60.0019759979248,685.0
20,17,2,2018,102.0,76.66666666666667,134.0,113.0,1.4,57.0,30.0,14.0,50.0,749.125,0.0250000020410008,267276.0,275.8452999877929,60.0019759979248,685.0
21,17,2,2018,114.0,79.6,149.0,122.0,1.5,58.0,26.0,14.0,50.0,747.125,0.0250000019049998,267316.0,275.82529998779296,60.00222399139404,685.0
22,17,2,2018,115.0,82.8,150.0,132.0,1.5,60.0,19.0,11.0,50.0,747.125,0.0250000019049998,267316.0,275.82529998779296,60.00222399139404,685.0
23,17,2,2018,109.0,85.83333333333333,143.0,122.0,1.5,60.0,17.0,9.0,50.0,747.125,0.0250000019049998,267316.0,275.82529998779296,60.00222399139404,685.0
0,18,2,2018,117.0,89.1,153.0,126.0,1.5,56.0,19.0,9.0,50.0,739.5,0.0250000022139996,267448.0,275.8482998657226,60.00099199676514,707.5625
1,18,2,2018,114.0,92.26666666666668,149.0,118.0,1.4,45.0,25.0,8.0,50.0,739.5,0.0250000022139996,267448.0,275.8482998657226,60.00099199676514,707.5625
2,18,2,2018,110.0,95.0,144.0,116.0,1.5,50.0,20.0,7.0,50.0,739.5,0.0250000022139996,267448.0,275.8482998657226,60.00099199676514,707.5625
3,18,2,2018,110.0,96.16666666666669,144.0,112.0,1.5,53.0,16.0,7.0,50.0,742.1875,0.0250000021310001,267416.0,275.9057998657226,60.00191999816894,811.4375
4,18,2,2018,108.0,97.7,141.0,108.0,1.6,52.0,18.0,7.0,50.0,742.1875,0.0250000021310001,267416.0,275.9057998657226,60.00191999816894,811.4375
5,18,2,2018,111.0,98.9,145.0,109.6,1.7,54.0,16.0,7.0,50.0,742.1875,0.0250000021310001,267416.0,275.9057998657226,60.00191999816894,811.4375
6,18,2,2018,114.0,100.56666666666666,149.0,111.2,1.7,54.0,13.0,7.0,50.0,746.375,0.025000001941001,266936.0,275.9504000854492,60.00496799468994,809.1875
7,18,2,2018,114.0,101.6,149.0,112.8,1.6,60.0,8.0,7.0,50.0,746.375,0.025000001941001,266936.0,275.9504000854492,60.00496799468994,809.1875
8,18,2,2018,114.0,102.23333333333332,149.0,114.4,1.6,58.0,7.0,6.0,50.0,746.375,0.025000001941001,266936.0,275.9504000854492,60.00496799468994,809.1875
9,18,2,2018,110.0,102.4,144.0,116.0,1.6,47.0,19.0,12.0,50.0,748.125,0.0250000018899999,267012.0,275.9558999633789,60.00278399658203,702.125
10,18,2,2018,126.0,103.0,166.0,133.0,1.6,39.0,36.0,17.0,50.0,748.125,0.0250000018899999,267012.0,275.9558999633789,60.00278399658203,702.125
11,18,2,2018,128.0,104.36666666666666,169.0,128.0,1.6,40.0,52.0,17.0,50.0,748.125,0.0250000018899999,267012.0,275.9558999633789,60.00278399658203,702.125
12,18,2,2018,131.0,105.96666666666668,173.0,128.57142857142858,1.6,37.0,71.0,17.0,50.0,743.0625,0.0250000018520001,267272.0,275.89869995117186,60.001427993774406,685.0
13,18,2,2018,137.0,107.96666666666668,181.0,129.14285714285714,1.7,47.0,72.0,17.0,50.0,743.0625,0.0250000018520001,267272.0,275.89869995117186,60.001427993774406,685.0
14,18,2,2018,134.0,110.1,177.0,129.71428571428572,1.7,51.0,77.0,17.0,50.0,743.0625,0.0250000018520001,267272.0,275.89869995117186,60.001427993774406,685.0
15,18,2,2018,133.0,111.96666666666668,176.0,130.28571428571428,1.5,45.0,95.0,17.0,50.0,743.375,0.0250000022870004,267644.0,275.8933999633789,60.00351999664306,685.0
16,18,2,2018,125.0,112.66666666666669,164.0,130.85714285714286,1.5,35.0,110.0,17.0,50.0,743.375,0.0250000022870004,267644.0,275.8933999633789,60.00351999664306,685.0
17,18,2,2018,127.0,112.83333333333331,167.0,131.42857142857142,1.5,32.0,115.0,17.0,50.0,743.375,0.0250000022870004,267644.0,275.8933999633789,60.00351999664306,685.0
18,18,2,2018,127.0,113.43333333333334,167.0,132.0,1.6,36.0,109.0,17.0,50.0,740.9375,0.0250000023350007,267764.0,275.8641000366211,60.00367999267578,685.0
19,18,2,2018,134.0,114.56666666666666,177.0,142.0,1.7,45.0,96.0,17.0,50.0,740.9375,0.0250000023350007,267764.0,275.8641000366211,60.00367999267578,685.0
20,18,2,2018,165.0,117.3,224.0,201.0,1.8,68.0,86.0,17.0,50.0,740.9375,0.0250000023350007,267764.0,275.8641000366211,60.00367999267578,685.0
21,18,2,2018,165.0,122.56666666666666,224.0,234.9499999999989,1.8,82.0,75.0,17.0,50.0,740.4375,0.0250000022650007,267744.0,275.8589999389648,60.00380799102784,685.0
22,18,2,2018,165.0,127.53333333333332,224.0,234.9499999999989,1.8,85.0,61.0,17.0,50.0,740.4375,0.0250000022650007,267744.0,275.8589999389648,60.00380799102784,685.0
23,18,2,2018,165.0,132.1,224.0,230.0,1.8,72.0,57.0,15.0,50.0,740.4375,0.0250000022650007,267744.0,275.8589999389648,60.00380799102784,685.0
0,19,2,2018,165.0,135.76666666666668,224.0,205.0,1.8,75.0,44.0,15.0,50.0,745.1875,0.0250000019850004,267836.0,275.8595999145508,60.00250399780274,704.75
1,19,2,2018,165.0,138.7,224.0,180.5,1.8,58.0,39.0,11.0,50.0,745.1875,0.0250000019850004,267836.0,275.8595999145508,60.00250399780274,704.75
2,19,2,2018,148.0,140.23333333333332,197.0,156.0,1.8,51.0,25.0,7.0,50.0,745.1875,0.0250000019850004,267836.0,275.8595999145508,60.00250399780274,704.75
3,19,2,2018,118.0,140.36666666666667,154.0,144.33333333333334,1.6,46.0,22.0,3.0,50.0,752.9375,0.0250000023159999,267848.0,275.89940002441404,60.00158799743652,754.125
4,19,2,2018,110.0,140.2,144.0,132.66666666666666,1.2,49.0,29.5,3.0,50.0,752.9375,0.0250000023159999,267848.0,275.89940002441404,60.00158799743652,754.125
5,19,2,2018,102.0,139.96666666666667,134.0,121.0,1.0,39.5,37.0,3.0,50.0,752.9375,0.0250000023159999,267848.0,275.89940002441404,60.00158799743652,754.125
6,19,2,2018,86.0,138.93333333333334,114.0,109.33333333333334,0.8,30.0,49.0,2.0,50.0,747.3125,0.0250000022599995,267120.0,275.92679992675784,60.005567993164064,796.75
7,19,2,2018,80.0,137.8,106.0,97.66666666666669,0.9,34.0,45.0,2.0,50.0,747.3125,0.0250000022599995,267120.0,275.92679992675784,60.005567993164064,796.75
8,19,2,2018,84.0,136.93333333333334,111.0,86.0,1.0,44.0,35.0,3.0,50.0,747.3125,0.0250000022599995,267120.0,275.92679992675784,60.005567993164064,796.75
9,19,2,2018,89.0,136.23333333333332,118.0,91.0,1.1,33.0,48.0,5.0,50.0,751.875,0.0250000024340003,267068.0,275.9257000732422,60.00381199645996,705.5625
10,19,2,2018,115.0,136.46666666666667,150.0,102.75,1.6,33.0,52.0,12.0,50.0,751.875,0.0250000024340003,267068.0,275.9257000732422,60.00381199645996,705.5625
11,19,2,2018,159.0,138.06666666666666,209.0,114.5,1.8,37.0,54.0,17.0,50.0,751.875,0.0250000024340003,267068.0,275.9257000732422,60.00381199645996,705.5625
12,19,2,2018,165.0,140.26666666666668,224.0,126.25,1.8,32.0,66.0,17.0,50.0,750.0,0.0250000028039999,267396.0,275.90149993896483,60.00231199645996,685.0
13,19,2,2018,165.0,141.96666666666667,215.0,138.0,1.8,32.0,74.0,17.0,50.0,750.0,0.0250000028039999,267396.0,275.90149993896483,60.00231199645996,685.0
14,19,2,2018,147.0,143.06666666666666,196.0,149.75,1.8,40.0,81.0,17.0,50.0,750.0,0.0250000028039999,267396.0,275.90149993896483,60.00231199645996,685.0
15,19,2,2018,165.0,144.518333333333,217.0,161.5,1.8,47.0,90.0,17.0,50.0,748.9375,0.0250000027179997,267716.0,275.8908999633789,60.00237199401855,685.0
16,19,2,2018,165.0,144.518333333333,224.0,173.25,1.8,49.0,92.0,17.0,50.0,748.9375,0.0250000027179997,267716.0,275.8908999633789,60.00237199401855,685.0
17,19,2,2018,165.0,144.518333333333,224.0,185.0,1.8,44.0,96.0,17.0,50.0,748.9375,0.0250000027179997,267716.0,275.8908999633789,60.00237199401855,685.0
18,19,2,2018,165.0,144.518333333333,224.0,196.0,1.8,48.0,89.0,17.0,50.0,748.4375,0.0250000027460008,267812.0,275.8851998901367,60.003707992553714,685.0
19,19,2,2018,165.0,144.518333333333,224.0,207.0,1.8,52.0,74.0,17.0,50.0,748.4375,0.0250000027460008,267812.0,275.8851998901367,60.003707992553714,685.0
20,19,2,2018,165.0,144.518333333333,218.0,174.0,1.8,55.0,52.0,12.0,50.0,748.4375,0.0250000027460008,267812.0,275.8851998901367,60.003707992553714,685.0
21,19,2,2018,149.0,144.518333333333,199.0,160.0,1.7,46.0,50.0,7.0,50.0,748.75,0.0250000017109997,267980.0,275.9027999877929,60.002611991882326,685.0
22,19,2,2018,160.0,144.518333333333,210.0,146.0,1.6,43.0,46.0,7.0,50.0,748.75,0.0250000017109997,267980.0,275.9027999877929,60.002611991882326,685.0
23,19,2,2018,164.0,144.518333333333,214.0,132.0,1.8,48.0,36.0,7.0,50.0,748.75,0.0250000017109997,267980.0,275.9027999877929,60.002611991882326,685.0
0,20,2,2018,165.0,144.518333333333,218.0,118.0,1.7,42.0,37.0,6.0,50.0,746.1875,0.0250000012710001,268296.0,275.89419982910147,60.00519999694824,711.6875
1,20,2,2018,165.0,144.518333333333,215.0,104.0,1.7,46.0,30.0,6.0,50.0,746.1875,0.0250000012710001,268296.0,275.89419982910147,60.00519999694824,711.6875
2,20,2,2018,165.0,144.518333333333,219.0,90.0,1.8,56.0,23.0,7.0,50.0,746.1875,0.0250000012710001,268296.0,275.89419982910147,60.00519999694824,711.6875
3,20,2,2018,118.0,144.518333333333,154.0,76.0,1.4,44.0,46.0,15.0,50.0,748.0625,0.0250000008450001,268340.0,275.919700012207,60.00901999664307,784.125
4,20,2,2018,43.0,144.518333333333,60.0,62.0,0.7,23.0,70.0,5.0,50.0,748.0625,0.0250000008450001,268340.0,275.919700012207,60.00901999664307,784.125
5,20,2,2018,14.0,140.5,25.0,48.0,0.3,15.0,80.0,2.0,50.0,748.0625,0.0250000008450001,268340.0,275.919700012207,60.00901999664307,784.125
6,20,2,2018,9.0,134.23333333333332,25.0,34.0,0.3,13.0,81.0,2.0,50.0,747.0,0.0250000007070004,267704.0,275.9401998901367,60.0045119934082,797.1875
7,20,2,2018,8.0,128.2,24.0,20.0,0.3,17.0,77.0,2.0,50.0,747.0,0.0250000007070004,267704.0,275.9401998901367,60.0045119934082,797.1875
8,20,2,2018,4.0,123.4,22.0,6.0,0.3,22.0,70.0,2.0,50.0,747.0,0.0250000007070004,267704.0,275.9401998901367,60.0045119934082,797.1875
9,20,2,2018,78.0,122.06666666666666,104.0,97.0,1.0,44.0,36.0,8.0,50.0,750.375,0.0250000013030003,267652.0,275.9392999267577,60.0068039932251,699.8125
10,20,2,2018,11.0,118.76666666666668,23.0,91.66666666666669,0.3,24.0,73.0,3.0,50.0,750.375,0.0250000013030003,267652.0,275.9392999267577,60.0068039932251,699.8125
11,20,2,2018,7.0,115.6,29.0,86.33333333333331,0.2,13.0,92.0,2.0,50.0,750.375,0.0250000013030003,267652.0,275.9392999267577,60.0068039932251,699.8125
12,20,2,2018,52.0,114.46666666666668,71.0,81.0,0.2,10.0,100.0,2.0,50.0,748.0625,0.0250000013980008,267868.0,275.9125,60.00488799285888,685.0
13,20,2,2018,93.0,114.9,123.0,75.66666666666667,0.3,14.0,95.0,2.0,50.0,748.0625,0.0250000013980008,267868.0,275.9125,60.00488799285888,685.0
14,20,2,2018,86.0,114.96666666666668,114.0,70.33333333333334,0.4,15.0,99.0,2.0,50.0,748.0625,0.0250000013980008,267868.0,275.9125,60.00488799285888,685.0
15,20,2,2018,62.0,114.06666666666666,84.0,65.0,0.5,18.0,106.0,3.0,50.0,747.0,0.025000001751,268008.0,275.894700012207,60.003203994750976,685.0
16,20,2,2018,47.0,111.8,65.0,61.0,0.5,18.0,111.0,3.0,50.0,747.0,0.025000001751,268008.0,275.894700012207,60.003203994750976,685.0
17,20,2,2018,48.0,108.1,66.0,58.0,0.5,19.0,108.0,3.0,50.0,747.0,0.025000001751,268008.0,275.894700012207,60.003203994750976,685.0
18,20,2,2018,54.0,103.9,74.0,68.0,0.6,32.0,91.0,5.0,50.00001250267029,744.3125,0.0250000016830004,267972.0,275.8655999755859,60.00211599731446,685.0
19,20,2,2018,63.0,100.5,85.0,75.0,0.7,36.0,81.0,5.0,50.00001250267029,744.3125,0.0250000016830004,267972.0,275.8655999755859,60.00211599731446,685.0
20,20,2,2018,67.0,97.83333333333331,90.0,89.0,0.7,35.0,77.0,8.0,50.00001250267029,744.3125,0.0250000016830004,267972.0,275.8655999755859,60.00211599731446,685.0
21,20,2,2018,91.0,95.3,120.0,119.0,0.8,42.0,65.0,9.0,50.0,742.375,0.0250000011839997,267928.0,275.85239990234373,60.00173999786377,685.0
22,20,2,2018,139.0,93.63333333333334,184.0,109.2,0.9,32.0,73.0,9.0,50.0,742.375,0.0250000011839997,267928.0,275.85239990234373,60.00173999786377,685.0
23,20,2,2018,123.0,91.73333333333332,161.0,99.4,1.0,37.0,64.0,7.0,50.0,742.375,0.0250000011839997,267928.0,275.85239990234373,60.00173999786377,685.0
0,21,2,2018,138.0,89.9,183.0,89.6,1.1,34.0,65.0,8.0,50.0,739.1875,0.0250000014430005,267840.0,275.8488998413086,60.00224799346924,718.3125
1,21,2,2018,99.0,86.56666666666666,130.0,79.8,1.0,33.0,62.0,7.0,50.0,739.1875,0.0250000014430005,267840.0,275.8488998413086,60.00224799346924,718.3125
2,21,2,2018,68.0,83.23333333333333,91.0,70.0,1.0333333333333334,47.0,41.0,6.0,50.0,739.1875,0.0250000014430005,267840.0,275.8488998413086,60.00224799346924,718.3125
3,21,2,2018,62.0,80.33333333333333,84.0,85.0,1.0666666666666669,59.0,28.0,5.0,50.0,742.6875,0.0250000009289998,267548.0,275.93179992675783,60.00375999450686,816.9375
4,21,2,2018,85.0,77.83333333333333,113.0,100.0,1.1,69.0,16.0,4.0,50.0,742.6875,0.0250000009289998,267548.0,275.93179992675783,60.00375999450686,816.9375
5,21,2,2018,113.0,76.13333333333334,148.0,122.0,1.4,68.5,4.0,4.0,50.0,742.6875,0.0250000009289998,267548.0,275.93179992675783,60.00375999450686,816.9375
6,21,2,2018,105.0,74.03333333333333,138.0,110.0,1.8,68.0,7.0,3.0,50.0,750.0,0.025000001484001,266564.0,275.9692999267578,60.008979995727536,801.25
7,21,2,2018,70.0,70.86666666666666,94.0,96.75,1.1,56.0,16.0,4.0,50.0,750.0,0.025000001484001,266564.0,275.9692999267578,60.008979995727536,801.25
8,21,2,2018,44.0,66.7,61.0,83.5,0.7,45.0,29.0,4.0,50.0,750.0,0.025000001484001,266564.0,275.9692999267578,60.008979995727536,801.25
9,21,2,2018,27.0,63.66666666666666,39.0,70.25,0.6,47.0,33.0,3.0,50.0,748.1875,0.0250000012170001,266304.0,275.9604000854492,60.00549199676514,702.1875
10,21,2,2018,41.0,63.6,58.0,57.0,0.7,41.0,49.0,5.0,50.0,748.1875,0.0250000012170001,266304.0,275.9604000854492,60.00549199676514,702.1875
11,21,2,2018,165.0,69.23333333333333,224.0,52.66666666666666,0.8,30.0,74.0,8.0,50.0,748.1875,0.0250000012170001,266304.0,275.9604000854492,60.00549199676514,702.1875
12,21,2,2018,165.0,75.96666666666667,224.0,48.33333333333334,1.0,22.0,102.0,10.0,50.0,743.1875,0.0250000013300012,266552.0,275.9004000854492,60.003627990722656,685.0
13,21,2,2018,162.0,81.1,212.0,44.0,0.8,17.0,111.0,6.0,50.0,743.1875,0.0250000013300012,266552.0,275.9004000854492,60.003627990722656,685.0
14,21,2,2018,59.0,82.93333333333334,80.0,39.66666666666667,0.5,15.0,110.0,4.0,50.0,743.1875,0.0250000013300012,266552.0,275.9004000854492,60.003627990722656,685.0
15,21,2,2018,34.0,81.46666666666667,49.0,35.333333333333336,0.3,13.0,105.0,4.0,50.0,741.875,0.0250000011100005,266692.0,275.889700012207,60.00260399627685,685.0
16,21,2,2018,26.0,81.96666666666667,37.0,31.0,0.3,11.0,107.0,4.0,50.0,741.875,0.0250000011100005,266692.0,275.889700012207,60.00260399627685,685.0
17,21,2,2018,25.0,82.56666666666666,37.0,37.0,0.3,14.0,102.0,4.0,50.0,741.875,0.0250000011100005,266692.0,275.889700012207,60.00260399627685,685.0
18,21,2,2018,24.0,81.63333333333334,42.0,42.0,0.3,20.0,93.0,4.0,50.0,742.9375,0.0250000009480007,266500.0,275.9075997924804,60.00182399749756,685.0
19,21,2,2018,27.0,79.43333333333334,51.0,51.0,0.4,33.0,76.0,4.0,50.0,742.9375,0.0250000009480007,266500.0,275.9075997924804,60.00182399749756,685.0
20,21,2,2018,24.0,77.36666666666666,43.0,43.0,0.3,33.0,70.0,3.0,50.0,742.9375,0.0250000009480007,266500.0,275.9075997924804,60.00182399749756,685.0
21,21,2,2018,12.0,75.7,41.0,41.0,0.3,24.0,76.0,2.0,50.0,739.4375,0.025000001627,266220.0,275.8482000732421,60.0012679977417,685.0
22,21,2,2018,10.0,74.46666666666667,36.0,36.0,0.3,32.0,66.0,2.0,50.0,739.4375,0.025000001627,266220.0,275.8482000732421,60.0012679977417,685.0
23,21,2,2018,7.0,73.1,35.0,35.0,0.2,15.0,83.0,2.0,50.0,739.4375,0.025000001627,266220.0,275.8482000732421,60.0012679977417,685.0
0,22,2,2018,7.0,71.53333333333333,46.0,46.0,0.2,14.0,83.0,2.0,50.0,738.625,0.0250000018090009,266148.0,275.86,60.0010239944458,719.875
1,22,2,2018,8.0,69.7,40.0,40.0,0.2,11.0,84.0,2.0,50.0,738.625,0.0250000018090009,266148.0,275.86,60.0010239944458,719.875
2,22,2,2018,7.0,67.7,33.0,33.0,0.2,13.0,79.0,2.0,50.0,738.625,0.0250000018090009,266148.0,275.86,60.0010239944458,719.875
3,22,2,2018,5.0,64.83333333333333,35.0,35.0,0.3,32.0,57.0,2.0,50.0,740.6875,0.0250000005090013,265988.0,275.9510998535156,60.00336799621582,832.625
4,22,2,2018,14.0,60.66666666666666,44.0,44.0,0.4,31.0,53.0,4.0,50.0,740.6875,0.0250000005090013,265988.0,275.9510998535156,60.00336799621582,832.625
5,22,2,2018,23.0,57.333333333333336,48.0,48.0,0.5,26.0,56.0,3.0,50.0,740.6875,0.0250000005090013,265988.0,275.9510998535156,60.00336799621582,832.625
6,22,2,2018,9.0,53.03333333333333,31.0,31.0,0.7,23.0,54.0,2.0,50.0,744.5625,0.0250000005970001,265300.0,275.9713998413086,60.00525999450686,822.8125
7,22,2,2018,6.0,49.93333333333333,34.0,34.0,1.1,48.0,30.0,2.0,50.0,744.5625,0.0250000005970001,265300.0,275.9713998413086,60.00525999450686,822.8125
8,22,2,2018,4.0,47.8,35.0,35.0,0.5,55.0,22.0,2.0,50.0,744.5625,0.0250000005970001,265300.0,275.9713998413086,60.00525999450686,822.8125
9,22,2,2018,9.0,46.03333333333333,44.0,44.0,0.7,56.0,26.0,2.0,50.0,744.875,0.0250000006300006,265320.0,275.971900024414,60.00367199707031,708.0625
10,22,2,2018,20.0,43.86666666666667,48.0,48.0,0.6,47.0,44.0,3.0,50.0,744.875,0.0250000006300006,265320.0,275.971900024414,60.00367199707031,708.0625
11,22,2,2018,37.0,41.333333333333336,62.0,74.0,0.6,26.0,77.0,11.0,50.0,744.875,0.0250000006300006,265320.0,275.971900024414,60.00367199707031,708.0625
12,22,2,2018,37.0,39.06666666666667,63.0,76.0,0.5,15.0,93.0,8.0,50.0,741.375,0.0250000016010012,265524.0,275.8992999267578,60.00193599700928,685.0
13,22,2,2018,29.0,37.7,52.0,53.0,0.3,14.0,96.0,5.0,50.0,741.375,0.0250000016010012,265524.0,275.8992999267578,60.00193599700928,685.0
14,22,2,2018,24.0,37.03333333333333,44.0,44.0,0.3,13.0,100.0,4.0,50.0,741.375,0.0250000016010012,265524.0,275.8992999267578,60.00193599700928,685.0
15,22,2,2018,18.0,36.73333333333333,48.0,48.0,0.2,12.0,98.0,3.0,50.0,738.5625,0.0250000014779996,265772.0,275.86739990234366,60.00095599365234,685.0
16,22,2,2018,24.0,36.16666666666666,48.0,48.0,0.3,17.0,91.0,3.0,50.0,738.5625,0.0250000014779996,265772.0,275.86739990234366,60.00095599365234,685.0
17,22,2,2018,17.0,30.633333333333333,48.0,48.0,0.3,13.0,93.0,4.0,50.0,738.5625,0.0250000014779996,265772.0,275.86739990234366,60.00095599365234,685.0
18,22,2,2018,15.0,24.1,51.0,52.0,0.3,24.0,82.0,4.0,50.0,735.875,0.0250000010170005,265640.0,275.84600006103506,60.00222799682617,685.0
19,22,2,2018,20.0,19.366666666666667,57.0,63.0,0.4,25.0,77.0,4.0,50.0,735.875,0.0250000010170005,265640.0,275.84600006103506,60.00222799682617,685.0
20,22,2,2018,26.0,18.266666666666666,59.0,67.0,0.6,56.0,45.0,5.0,50.0,735.875,0.0250000010170005,265640.0,275.84600006103506,60.00222799682617,685.0
21,22,2,2018,30.0,18.133333333333333,63.0,76.0,0.8,98.0,5.0,6.0,50.0,736.3125,0.025000000965001,265620.0,275.85339996337893,60.002207992553714,685.0
22,22,2,2018,39.0,18.566666666666663,68.0,86.0,0.9,82.0,10.0,9.0,50.0,736.3125,0.025000000965001,265620.0,275.85339996337893,60.002207992553714,685.0
23,22,2,2018,32.0,18.8,60.0,69.0,0.9,56.0,26.0,8.0,50.0,736.3125,0.025000000965001,265620.0,275.85339996337893,60.002207992553714,685.0
0,23,2,2018,27.0,18.9,58.0,65.0,0.7,50.0,32.0,6.0,50.0,741.3125,0.0250000011130012,265796.0,275.8660998535156,60.00149199676514,722.25
1,23,2,2018,24.0,18.8,55.0,60.0,0.6,41.0,40.0,5.0,50.0,741.3125,0.0250000011130012,265796.0,275.8660998535156,60.00149199676514,722.25
2,23,2,2018,24.0,18.8,56.0,62.0,0.6,44.0,36.0,5.0,50.0,741.3125,0.0250000011130012,265796.0,275.8660998535156,60.00149199676514,722.25
3,23,2,2018,19.0,19.03333333333333,51.0,51.0,0.5,31.0,51.0,4.0,50.0,742.1875,0.0250000011420007,266052.0,275.94369995117194,60.00557999420166,828.5
4,23,2,2018,22.0,19.433333333333334,51.0,51.0,0.6,47.0,49.5,3.0,50.0,742.1875,0.0250000011420007,266052.0,275.94369995117194,60.00557999420166,828.5
5,23,2,2018,11.0,19.566666666666663,41.0,41.0,0.4,29.0,48.0,2.0,50.0,742.1875,0.0250000011420007,266052.0,275.94369995117194,60.00557999420166,828.5
6,23,2,2018,11.0,19.7,45.0,45.0,0.4,36.0,43.0,3.0,50.0,756.5,0.0250000009979996,265864.0,275.9888998413086,60.00410799407959,779.5
7,23,2,2018,10.0,19.766666666666666,46.0,46.0,0.4,51.0,27.0,3.0,50.0,756.5,0.0250000009979996,265864.0,275.9888998413086,60.00410799407959,779.5
8,23,2,2018,20.0,20.2,56.0,62.0,0.6,66.0,12.0,3.0,50.0,756.5,0.0250000009979996,265864.0,275.9888998413086,60.00410799407959,779.5
9,23,2,2018,22.0,20.766666666666666,60.0,69.0,0.8,58.0,23.0,4.0,50.0,752.0,0.0250000011860001,266260.0,275.9847998046875,60.006167991638186,699.125
10,23,2,2018,28.0,21.23333333333333,61.0,71.0,0.8,58.0,31.0,6.0,50.0,752.0,0.0250000011860001,266260.0,275.9847998046875,60.006167991638186,699.125
11,23,2,2018,23.0,21.23333333333333,57.0,64.0,0.7,54.0,41.0,5.0,50.0,752.0,0.0250000011860001,266260.0,275.9847998046875,60.006167991638186,699.125
12,23,2,2018,24.0,21.73333333333333,64.0,77.0,0.7,55.0,46.0,5.0,50.00001250267029,749.625,0.0250000010139998,267128.0,275.9635998535156,60.00373999786377,685.0
13,23,2,2018,29.0,22.5,53.0,56.0,0.6,41.0,66.0,13.0,50.00001250267029,749.625,0.0250000010139998,267128.0,275.9635998535156,60.00373999786377,685.0
14,23,2,2018,27.0,23.266666666666666,48.0,48.0,0.4,31.0,76.0,8.0,50.00001250267029,749.625,0.0250000010139998,267128.0,275.9635998535156,60.00373999786377,685.0
15,23,2,2018,15.0,23.466666666666665,46.0,46.0,0.3,19.0,89.0,5.0,50.00010624885559,745.8125,0.0250000016510002,267156.0,275.906900024414,60.00517599487305,685.0
17,23,2,2018,23.0,23.566666666666663,57.0,63.0,0.3,20.0,96.0,5.0,50.00010624885559,745.8125,0.0250000016510002,267156.0,275.906900024414,60.00517599487305,685.0
21,23,2,2018,5.0,22.5,25.0,25.0,0.2,20.0,78.0,2.0,50.0,741.0,0.0250000012469999,269312.0,275.8589999389648,60.00373599243164,685.0
22,23,2,2018,5.0,21.433333333333334,41.0,41.0,0.1,16.0,82.0,2.0,50.0,741.0,0.0250000012469999,269312.0,275.8589999389648,60.00373599243164,685.0
23,23,2,2018,72.0,22.866666666666667,171.0,234.9499999999989,1.0,29.0,68.0,8.0,50.0,741.0,0.0250000012469999,269312.0,275.8589999389648,60.00373599243164,685.0
0,24,2,2018,77.0,24.633333333333333,118.0,185.0,1.0,28.0,62.0,8.0,50.0,738.875,0.0250000009490009,269596.0,275.86259979248047,60.00265599822998,723.4375
1,24,2,2018,67.0,26.266666666666666,109.0,167.0,0.9,33.0,51.0,8.0,50.0,738.875,0.0250000009490009,269596.0,275.86259979248047,60.00265599822998,723.4375
2,24,2,2018,44.0,26.933333333333334,111.0,172.0,0.5,23.0,57.0,7.0,50.0,738.875,0.0250000009490009,269596.0,275.86259979248047,60.00265599822998,723.4375
3,24,2,2018,33.0,27.466666666666665,112.0,173.0,0.7,23.0,55.0,11.0,50.0,738.375,0.0250000007320009,269492.0,275.88639984130856,60.00369599151611,822.625
4,24,2,2018,29.0,27.933333333333334,104.0,157.0,0.7,29.0,47.0,11.0,50.0,738.375,0.0250000007320009,269492.0,275.88639984130856,60.00369599151611,822.625
5,24,2,2018,30.0,28.266666666666666,94.0,137.0,0.7,23.0,49.0,11.0,50.0,738.375,0.0250000007320009,269492.0,275.88639984130856,60.00369599151611,822.625
6,24,2,2018,23.0,28.166666666666668,72.0,93.0,0.9,28.0,46.0,14.0,50.0,742.1875,0.0250000007710009,268924.0,275.90619995117186,60.00589999389649,811.0
7,24,2,2018,24.0,27.966666666666665,63.0,76.0,0.9,36.0,37.0,14.0,50.0,742.1875,0.0250000007710009,268924.0,275.90619995117186,60.00589999389649,811.0
8,24,2,2018,22.0,27.4,58.0,65.0,0.9,40.0,37.0,15.0,50.0,742.1875,0.0250000007710009,268924.0,275.90619995117186,60.00589999389649,811.0
9,24,2,2018,19.0,26.966666666666665,54.0,58.0,0.6,21.0,59.0,9.0,50.0,743.0625,0.0250000010679997,268592.0,275.91,60.00589599609375,703.75
10,24,2,2018,18.0,26.666666666666668,39.0,39.0,0.4,11.0,76.0,7.0,50.0,743.0625,0.0250000010679997,268592.0,275.91,60.00589599609375,703.75
11,24,2,2018,13.0,26.3,31.0,31.0,0.3,9.0,81.0,5.0,50.0,743.0625,0.0250000010679997,268592.0,275.91,60.00589599609375,703.75
12,24,2,2018,13.0,25.933333333333334,34.0,34.0,0.3,10.0,83.0,4.0,50.0,740.5625,0.0250000011219996,268644.0,275.87889984130857,60.00565199279785,685.0
13,24,2,2018,16.0,25.83333333333333,51.0,52.0,0.4,12.0,80.0,5.0,50.0,740.5625,0.0250000011219996,268644.0,275.87889984130857,60.00565199279785,685.0
14,24,2,2018,18.0,25.7,58.0,65.0,0.4,13.0,82.0,6.0,50.0,740.5625,0.0250000011219996,268644.0,275.87889984130857,60.00565199279785,685.0
15,24,2,2018,24.0,26.133333333333333,61.0,72.0,0.4,15.0,85.0,7.0,50.0,738.5,0.0250000012929998,268620.0,275.8482998657226,60.00305199432373,685.0
16,24,2,2018,30.0,26.766666666666666,62.0,73.0,0.4,15.0,85.0,6.0,50.0,738.5,0.0250000012929998,268620.0,275.8482998657226,60.00305199432373,685.0
17,24,2,2018,31.0,27.466666666666665,64.0,78.0,0.4,18.0,84.0,7.0,50.0,738.5,0.0250000012929998,268620.0,275.8482998657226,60.00305199432373,685.0
18,24,2,2018,29.0,27.766666666666666,68.0,85.0,0.5,20.0,81.0,7.0,50.0,737.8125,0.025000001422001,268348.0,275.83649993896483,60.00341199493408,685.0
19,24,2,2018,35.0,28.2,66.0,81.0,0.5,20.0,82.0,7.0,50.0,737.8125,0.025000001422001,268348.0,275.83649993896483,60.00341199493408,685.0
20,24,2,2018,35.0,28.433333333333334,64.0,78.0,0.5,24.0,72.0,6.0,50.0,737.8125,0.025000001422001,268348.0,275.83649993896483,60.00341199493408,685.0
21,24,2,2018,30.0,28.666666666666668,58.0,66.0,0.5,21.0,64.0,6.0,50.0,736.375,0.025000001511,268120.0,275.8161999511718,60.00177599334717,685.0
22,24,2,2018,24.0,28.666666666666668,52.0,54.0,0.5,22.0,58.0,5.0,50.0,736.375,0.025000001511,268120.0,275.8161999511718,60.00177599334717,685.0
23,24,2,2018,19.0,28.33333333333333,41.0,41.0,0.5,20.0,59.0,4.0,50.0,736.375,0.025000001511,268120.0,275.8161999511718,60.00177599334717,685.0
0,25,2,2018,22.0,28.166666666666668,36.0,36.0,0.4,20.0,57.0,4.0,50.0,737.75,0.0250000015900004,267988.0,275.83350006103507,60.001667991638186,722.5
1,25,2,2018,22.0,28.4,39.0,39.0,0.4,23.0,50.0,3.0,50.0,737.75,0.0250000015900004,267988.0,275.83350006103507,60.001667991638186,722.5
2,25,2,2018,25.0,28.466666666666665,38.0,38.0,0.5,25.0,44.0,6.0,50.0,737.75,0.0250000015900004,267988.0,275.83350006103507,60.001667991638186,722.5
3,25,2,2018,29.0,29.266666666666666,41.0,39.0,0.5,28.0,38.0,6.0,50.0,740.1875,0.0250000015220008,267656.0,275.8932998657225,60.00409599304199,822.1875
4,25,2,2018,30.0,30.1,43.0,43.0,0.6,28.0,31.0,6.0,50.0,740.1875,0.0250000015220008,267656.0,275.8932998657225,60.00409599304199,822.1875
5,25,2,2018,37.0,28.933333333333334,53.0,48.0,0.6,37.0,24.0,7.0,50.0,740.1875,0.0250000015220008,267656.0,275.8932998657225,60.00409599304199,822.1875
6,25,2,2018,40.0,27.7,56.0,52.0,0.7,46.0,14.0,6.0,50.0,745.625,0.0250000016470011,266932.0,275.93529998779303,60.00642399597168,812.9375
7,25,2,2018,42.0,26.866666666666667,59.0,46.0,0.7,52.0,6.0,5.0,50.0,745.625,0.0250000016470011,266932.0,275.93529998779303,60.00642399597168,812.9375
8,25,2,2018,39.0,26.7,55.0,52.0,0.8,49.0,10.0,5.0,50.0,745.625,0.0250000016470011,266932.0,275.93529998779303,60.00642399597168,812.9375
9,25,2,2018,44.0,27.066666666666663,61.0,55.0,0.8,47.0,17.0,9.0,50.0,746.625,0.0250000015639998,266704.0,275.9404998779296,60.00340799713135,697.0625
10,25,2,2018,58.0,28.03333333333333,79.0,60.0,0.7,43.0,29.0,12.0,50.0,746.625,0.0250000015639998,266704.0,275.9404998779296,60.00340799713135,697.0625
11,25,2,2018,129.0,31.33333333333333,170.0,65.0,0.6,34.0,46.0,12.0,50.0,746.625,0.0250000015639998,266704.0,275.9404998779296,60.00340799713135,697.0625
12,25,2,2018,85.0,33.4,113.0,70.0,0.6,31.0,59.0,13.0,50.0,742.9375,0.0250000016510002,266620.0,275.8963000488281,60.00249599456787,685.0
13,25,2,2018,66.0,34.8,89.0,75.0,0.7,29.0,76.0,15.0,50.0,742.9375,0.0250000016510002,266620.0,275.8963000488281,60.00249599456787,685.0
14,25,2,2018,74.0,36.53333333333333,99.0,94.0,0.7,29.0,93.0,17.0,50.0,742.9375,0.0250000016510002,266620.0,275.8963000488281,60.00249599456787,685.0
15,25,2,2018,90.0,38.9,119.0,120.0,0.8,32.0,100.0,17.0,50.0,743.25,0.0250000019579995,266616.0,275.8933999633789,60.00325999450683,685.0
16,25,2,2018,94.0,41.43333333333333,124.0,129.0,0.8,34.0,102.0,17.0,50.0,743.25,0.0250000019579995,266616.0,275.8933999633789,60.00325999450683,685.0
17,25,2,2018,101.0,44.36666666666667,133.0,141.0,0.9,37.0,104.0,17.0,50.0,743.25,0.0250000019579995,266616.0,275.8933999633789,60.00325999450683,685.0
18,25,2,2018,113.0,47.7,148.0,148.0,1.0,45.0,95.0,17.0,50.0,741.3125,0.0250000019480008,266400.0,275.8704000854492,60.00397599792481,685.0
19,25,2,2018,119.0,51.13333333333333,156.0,157.0,1.0,53.0,82.0,17.0,50.0,741.3125,0.0250000019480008,266400.0,275.8704000854492,60.00397599792481,685.0
20,25,2,2018,123.0,54.63333333333333,161.0,160.0,1.1,56.0,74.0,17.0,50.0,741.3125,0.0250000019480008,266400.0,275.8704000854492,60.00397599792481,685.0
21,25,2,2018,122.0,57.9,160.0,168.0,1.2,76.0,49.0,17.0,50.0,740.375,0.0250000019049998,266288.0,275.85989990234367,60.00269599151611,685.0
22,25,2,2018,129.0,61.2,170.0,166.0,1.3,99.0,24.0,16.0,50.0,740.375,0.0250000019049998,266288.0,275.85989990234367,60.00269599151611,685.0
23,25,2,2018,138.0,64.76666666666667,183.0,184.0,1.6,103.0,2.0,14.0,50.0,740.375,0.0250000019049998,266288.0,275.85989990234367,60.00269599151611,685.0
0,26,2,2018,130.0,68.13333333333334,171.0,162.0,1.5,88.0,11.0,14.0,50.0,740.0625,0.0250000021960008,266368.0,275.8629000854492,60.0033999938965,722.6875
1,26,2,2018,133.0,71.4,176.0,166.0,1.5,101.0,2.0,11.0,50.0,740.0625,0.0250000021960008,266368.0,275.8629000854492,60.0033999938965,722.6875
2,26,2,2018,131.0,74.6,173.0,165.0,1.6,103.0,2.0,12.0,50.0,740.0625,0.0250000021960008,266368.0,275.8629000854492,60.0033999938965,722.6875
3,26,2,2018,120.0,77.6,157.0,142.0,1.6,97.0,2.0,16.0,50.0,743.875,0.0250000022890009,266244.0,275.9269000244141,60.006167991638186,824.25
4,26,2,2018,109.0,80.43333333333334,143.0,127.0,1.8,98.0,2.0,17.0,50.0,743.875,0.0250000022890009,266244.0,275.9269000244141,60.006167991638186,824.25
5,26,2,2018,103.0,83.23333333333333,135.0,104.0,1.8,96.0,2.0,16.0,50.0,743.875,0.0250000022890009,266244.0,275.9269000244141,60.006167991638186,824.25
6,26,2,2018,113.0,86.26666666666667,148.0,133.0,1.7,92.0,2.0,13.0,50.0,750.3125,0.0250000020180009,265668.0,275.9826998901367,60.00539599609375,814.9375
7,26,2,2018,107.0,89.1,140.0,123.0,1.7,91.0,2.0,13.0,50.0,750.3125,0.0250000020180009,265668.0,275.9826998901367,60.00539599609375,814.9375
8,26,2,2018,107.0,91.83333333333331,140.0,118.0,1.6,85.0,4.0,14.0,50.0,750.3125,0.0250000020180009,265668.0,275.9826998901367,60.00539599609375,814.9375
9,26,2,2018,112.0,94.6,146.0,123.0,1.6,74.0,15.0,17.0,50.0,750.8125,0.0250000022050011,265720.0,275.98589996337887,60.00517999267578,707.6875
10,26,2,2018,126.0,97.8,166.0,130.0,1.6,65.0,33.0,17.0,50.0,750.8125,0.0250000022050011,265720.0,275.98589996337887,60.00517999267578,707.6875
11,26,2,2018,152.0,101.63333333333334,202.0,134.875,1.5,62.0,50.0,17.0,50.0,750.8125,0.0250000022050011,265720.0,275.98589996337887,60.00517999267578,707.6875
12,26,2,2018,165.0,105.83333333333331,216.0,139.75,1.5,61.0,66.0,17.0,50.0,745.6875,0.0250000022400002,266096.0,275.9282000732422,60.00116399383545,685.0
13,26,2,2018,165.0,110.53333333333332,224.0,144.625,1.4,60.0,83.0,17.0,50.0,745.6875,0.0250000022400002,266096.0,275.9282000732422,60.00116399383545,685.0
14,26,2,2018,165.0,115.3,224.0,149.5,1.4,56.0,100.0,17.0,50.0,745.6875,0.0250000022400002,266096.0,275.9282000732422,60.00116399383545,685.0
15,26,2,2018,165.0,120.1,224.0,154.375,1.5,54.0,110.0,17.0,50.0,743.5625,0.0250000023420006,266344.0,275.90149993896483,60.00112799072266,685.0
16,26,2,2018,165.0,124.36666666666666,224.0,159.25,1.4,53.0,126.0,17.0,50.0,743.5625,0.0250000023420006,266344.0,275.90149993896483,60.00112799072266,685.0
17,26,2,2018,165.0,126.03333333333332,224.0,164.125,1.4,50.0,125.0,17.0,50.0,743.5625,0.0250000023420006,266344.0,275.90149993896483,60.00112799072266,685.0
18,26,2,2018,165.0,128.76666666666668,217.0,169.0,1.4,54.0,116.0,17.0,50.0,744.5625,0.025000002638001,266528.0,275.9075997924804,60.00319599151612,685.0
19,26,2,2018,165.0,132.3,222.0,186.0,1.6,66.0,94.0,17.0,50.0,744.5625,0.025000002638001,266528.0,275.9075997924804,60.00319599151612,685.0
20,26,2,2018,165.0,135.6,223.0,193.0,1.7,86.0,65.0,17.0,50.0,744.5625,0.025000002638001,266528.0,275.9075997924804,60.00319599151612,685.0
21,26,2,2018,165.0,138.56666666666666,224.0,190.0,1.8,103.0,20.0,17.0,50.0,744.9375,0.0250000032529998,266812.0,275.9013998413085,60.0023159942627,685.0
22,26,2,2018,165.0,141.33333333333334,224.0,221.0,1.8,103.0,2.0,16.0,50.0,744.9375,0.0250000032529998,266812.0,275.9013998413085,60.0023159942627,685.0
23,26,2,2018,165.0,143.56666666666666,218.0,192.0,1.8,103.0,15.0,16.0,50.0,744.9375,0.0250000032529998,266812.0,275.9013998413085,60.0023159942627,685.0
0,27,2,2018,165.0,144.518333333333,218.0,173.0,1.8,103.0,2.0,15.0,50.0,757.75,0.0250000032069999,267424.0,275.89070007324216,60.00346799468994,697.875
1,27,2,2018,158.0,144.518333333333,208.0,167.0,1.8,103.0,3.0,17.0,50.0,757.75,0.0250000032069999,267424.0,275.89070007324216,60.00346799468994,697.875
2,27,2,2018,163.0,144.518333333333,213.0,166.0,1.8,103.0,2.0,13.0,50.0,757.75,0.0250000032069999,267424.0,275.89070007324216,60.00346799468994,697.875
3,27,2,2018,157.0,144.518333333333,207.0,161.0,1.7,101.0,13.0,14.0,50.0,761.1875,0.0250000029830001,267404.0,275.916600036621,60.00666799163818,724.6875
4,27,2,2018,159.0,144.518333333333,209.0,160.0,1.8,103.0,7.5,14.0,50.0,761.1875,0.0250000029830001,267404.0,275.916600036621,60.00666799163818,724.6875
5,27,2,2018,165.0,144.518333333333,224.0,224.0,1.8,103.0,2.0,9.0,50.0,761.1875,0.0250000029830001,267404.0,275.916600036621,60.00666799163818,724.6875
6,27,2,2018,165.0,144.518333333333,224.0,234.9499999999989,1.8,97.0,2.0,6.0,50.0,762.5,0.0250000027780011,266840.0,275.92850006103515,60.00407999420166,724.125
7,27,2,2018,165.0,144.518333333333,224.0,234.9499999999989,1.8,91.0,2.0,8.0,50.0,762.5,0.0250000027780011,266840.0,275.92850006103515,60.00407999420166,724.125
8,27,2,2018,165.0,144.518333333333,224.0,234.9499999999989,1.8,79.0,2.0,9.0,50.0,762.5,0.0250000027780011,266840.0,275.92850006103515,60.00407999420166,724.125
9,27,2,2018,165.0,144.518333333333,224.0,196.0,1.8,58.0,4.0,5.0,50.0,761.8125,0.0250000025600008,266576.0,275.9313998413086,60.00441199493408,705.1875
10,27,2,2018,165.0,144.518333333333,223.0,189.5,1.5,47.0,10.0,3.0,50.0,761.8125,0.0250000025600008,266576.0,275.9313998413086,60.00441199493408,705.1875
11,27,2,2018,165.0,144.518333333333,224.0,183.0,1.3,46.0,15.0,3.0,50.0,761.8125,0.0250000025600008,266576.0,275.9313998413086,60.00441199493408,705.1875
12,27,2,2018,164.0,144.518333333333,214.0,180.28571428571428,1.1,33.0,43.0,6.0,50.0,760.5625,0.0250000024570003,266604.0,275.9205999755859,60.00449999237061,685.0
13,27,2,2018,164.0,144.518333333333,214.0,177.5714285714286,1.1,26.0,61.0,14.0,50.0,760.5625,0.0250000024570003,266604.0,275.9205999755859,60.00449999237061,685.0
14,27,2,2018,157.0,144.518333333333,207.0,174.85714285714286,1.0,24.0,80.0,15.0,50.0,760.5625,0.0250000024570003,266604.0,275.9205999755859,60.00449999237061,685.0
15,27,2,2018,158.0,144.518333333333,208.0,172.14285714285714,1.0,25.0,87.0,12.0,50.0,758.9375,0.0250000022139996,266480.0,275.9066998291015,60.00258799743652,685.0
16,27,2,2018,163.0,144.518333333333,213.0,169.42857142857142,1.0,26.0,91.0,12.0,50.0,758.9375,0.0250000022139996,266480.0,275.9066998291015,60.00258799743652,685.0
17,27,2,2018,158.0,144.518333333333,208.0,166.71428571428572,1.1,28.0,95.0,13.0,50.0,758.9375,0.0250000022139996,266480.0,275.9066998291015,60.00258799743652,685.0
18,27,2,2018,155.0,144.518333333333,205.0,164.0,1.1,29.0,96.0,11.0,50.0,757.8125,0.0250000020819995,266000.0,275.8972998046874,60.00271199798584,685.0
19,27,2,2018,148.0,144.518333333333,197.0,186.0,1.0,29.0,98.0,9.0,50.0,757.8125,0.0250000020819995,266000.0,275.8972998046874,60.00271199798584,685.0
20,27,2,2018,149.0,144.518333333333,199.0,196.0,1.0,32.0,89.0,8.0,50.0,757.8125,0.0250000020819995,266000.0,275.8972998046874,60.00271199798584,685.0
21,27,2,2018,133.0,144.518333333333,176.0,184.0,1.1,33.0,86.0,8.0,50.0,756.8125,0.0250000022160001,265596.0,275.8867999267578,60.00172799682617,685.0
22,27,2,2018,123.0,144.518333333333,161.0,171.0,1.2,33.0,84.0,9.0,50.0,756.8125,0.0250000022160001,265596.0,275.8867999267578,60.00172799682617,685.0
23,27,2,2018,120.0,144.518333333333,157.0,161.0,1.1,30.0,84.0,8.0,50.0,756.8125,0.0250000022160001,265596.0,275.8867999267578,60.00172799682617,685.0
0,28,2,2018,93.0,144.518333333333,123.0,135.0,0.9,23.0,92.0,8.0,50.0,758.5,0.0250000019340012,264976.0,275.88829986572256,60.00123199462891,701.375
1,28,2,2018,79.0,144.518333333333,105.0,106.0,0.8,22.0,92.0,8.0,50.0,758.5,0.0250000019340012,264976.0,275.88829986572256,60.00123199462891,701.375
2,28,2,2018,83.0,144.518333333333,110.0,103.0,0.8,23.0,89.0,8.0,50.0,758.5,0.0250000019340012,264976.0,275.88829986572256,60.00123199462891,701.375
3,28,2,2018,89.0,144.518333333333,118.0,98.0,0.8,25.0,84.0,8.0,50.0,760.6875,0.0250000019850004,264908.0,275.8944998168945,60.00305199432373,712.375
4,28,2,2018,98.0,144.518333333333,129.0,101.0,0.8,26.0,82.0,8.0,50.0,760.6875,0.0250000019850004,264908.0,275.8944998168945,60.00305199432373,712.375
5,28,2,2018,98.0,144.518333333333,129.0,99.0,0.8,29.0,77.0,7.0,50.0,760.6875,0.0250000019850004,264908.0,275.8944998168945,60.00305199432373,712.375
6,28,2,2018,101.0,144.518333333333,133.0,97.0,0.8,30.0,76.0,7.0,50.0,761.5,0.0250000023280009,264908.0,275.924400024414,60.00771999359131,726.875
7,28,2,2018,90.0,144.518333333333,119.0,95.0,0.9,32.0,78.0,8.0,50.0,761.5,0.0250000023280009,264908.0,275.924400024414,60.00771999359131,726.875
8,28,2,2018,90.0,144.518333333333,119.0,93.0,1.0,38.0,72.0,10.0,50.0,761.5,0.0250000023280009,264908.0,275.924400024414,60.00771999359131,726.875
9,28,2,2018,94.0,144.518333333333,124.0,98.0,1.0,35.0,73.0,9.0,50.0,764.0,0.0250000022919997,264908.0,275.9366000366211,60.00250799560547,690.625
10,28,2,2018,98.0,142.63333333333333,129.0,99.0,1.0,33.0,76.0,10.0,50.0,764.0,0.0250000022919997,264908.0,275.9366000366211,60.00250799560547,690.625
11,28,2,2018,101.0,139.1,133.0,106.0,1.0,33.0,80.0,10.0,50.0,764.0,0.0250000022919997,264908.0,275.9366000366211,60.00250799560547,690.625
12,28,2,2018,102.0,134.06666666666666,134.0,111.0,1.0,35.0,84.0,11.0,50.0,766.0,0.0250000010989997,264908.0,275.9602999877929,60.00911199188232,685.0
13,28,2,2018,108.0,129.56666666666666,141.0,133.0,0.9,32.0,93.0,12.0,50.0,766.0,0.0250000010989997,264908.0,275.9602999877929,60.00911199188232,685.0
14,28,2,2018,123.0,126.03333333333332,161.0,158.0,1.1,36.0,95.0,13.0,50.0,766.0,0.0250000010989997,264908.0,275.9602999877929,60.00911199188232,685.0
15,28,2,2018,148.0,124.46666666666668,197.0,198.0,1.2,42.0,84.0,12.0,50.0,762.125,0.0250000008630007,265684.0,275.92749999999995,60.00911199188232,685.0
16,28,2,2018,158.0,123.96666666666668,208.0,214.0,1.3,50.0,79.0,10.0,50.0,762.125,0.0250000008630007,265684.0,275.92749999999995,60.00911199188232,685.0
17,28,2,2018,158.0,123.43333333333334,208.0,203.0,1.2,53.0,78.0,11.0,50.0,762.125,0.0250000008630007,265684.0,275.92749999999995,60.00911199188232,685.0
18,28,2,2018,148.0,122.9,197.0,192.0,1.2,58.0,75.0,9.0,50.0,759.5625,0.0250000007840003,266248.0,275.9044998168945,60.0039999923706,685.0
19,28,2,2018,93.0,120.53333333333332,190.0,234.9499999999989,0.4,23.0,84.0,2.0,50.0,759.5625,0.0250000007840003,266248.0,275.9044998168945,60.0039999923706,685.0
20,28,2,2018,15.0,115.8,140.0,229.0,0.2,10.0,95.0,2.0,50.0,759.5625,0.0250000007840003,266248.0,275.9044998168945,60.0039999923706,685.0
21,28,2,2018,22.0,111.26666666666668,109.0,168.0,0.2,10.0,93.0,2.0,50.0,757.0,0.0250000008080005,266696.0,275.88070007324217,60.00432799530029,685.0
22,28,2,2018,16.0,106.36666666666666,109.0,167.0,0.2,8.0,95.0,2.0,50.0,757.0,0.0250000008080005,266696.0,275.88070007324217,60.00432799530029,685.0
23,28,2,2018,6.0,101.3,66.0,81.0,0.2,7.0,95.0,2.0,50.0,757.0,0.0250000008080005,266696.0,275.88070007324217,60.00432799530029,685.0
0,1,3,2018,4.0,96.26666666666668,66.0,81.0,0.2,6.0,97.0,2.0,50.0,737.5,0.0250000007520001,266936.0,275.88429992675776,60.00133199310303,730.375
1,1,3,2018,12.0,91.73333333333332,71.0,91.0,0.2,7.0,95.0,2.0,50.0,737.5,0.0250000007520001,266936.0,275.88429992675776,60.00133199310303,730.375
2,1,3,2018,6.0,86.96666666666667,59.0,67.0,0.2,7.0,93.0,2.0,50.0,737.5,0.0250000007520001,266936.0,275.88429992675776,60.00133199310303,730.375
3,1,3,2018,6.0,82.73333333333333,51.0,51.0,0.1,7.0,94.0,2.0,50.0,739.875,0.0250000009350013,266968.0,275.9216998291016,60.006327995300296,842.1875
4,1,3,2018,7.0,78.86666666666666,36.0,36.0,0.1,7.0,94.0,2.0,50.0,739.875,0.0250000009350013,266968.0,275.9216998291016,60.006327995300296,842.1875
5,1,3,2018,4.0,75.0,37.0,37.0,0.1,6.0,94.0,2.0,50.0,739.875,0.0250000009350013,266968.0,275.9216998291016,60.006327995300296,842.1875
6,1,3,2018,6.0,72.1,43.0,43.0,0.1,7.0,94.0,2.0,50.0,743.0625,0.0250000009150002,266164.0,275.95869995117187,60.00911199188232,839.875
7,1,3,2018,7.0,69.7,51.0,52.0,0.2,14.0,84.0,2.0,50.0,743.0625,0.0250000009150002,266164.0,275.95869995117187,60.00911199188232,839.875
8,1,3,2018,4.0,67.06666666666666,56.0,61.0,0.2,17.0,80.0,2.0,50.0,743.0625,0.0250000009150002,266164.0,275.95869995117187,60.00911199188232,839.875
9,1,3,2018,5.0,64.26666666666667,56.0,61.0,0.2,15.0,82.0,2.0,50.0,745.8125,0.0250000016770008,265892.0,275.9579000854492,60.00911199188232,713.875
10,1,3,2018,5.0,61.16666666666666,44.0,44.0,0.2,15.0,86.0,2.0,50.0,745.8125,0.0250000016770008,265892.0,275.9579000854492,60.00911199188232,713.875
11,1,3,2018,4.0,58.03333333333333,35.0,35.0,0.1,10.0,95.0,2.0,50.0,745.8125,0.0250000016770008,265892.0,275.9579000854492,60.00911199188232,713.875
12,1,3,2018,12.0,55.06666666666667,39.0,39.0,0.1,10.0,97.0,2.0,50.0,740.9375,0.0250000009230002,265888.0,275.9222998046875,60.0055359954834,685.0
13,1,3,2018,7.0,52.3,33.0,33.0,0.2,10.0,98.0,2.0,50.0,740.9375,0.0250000009230002,265888.0,275.9222998046875,60.0055359954834,685.0
14,1,3,2018,13.0,49.73333333333333,56.0,62.0,0.2,15.0,95.0,2.0,50.0,740.9375,0.0250000009230002,265888.0,275.9222998046875,60.0055359954834,685.0
15,1,3,2018,21.0,47.3,63.0,75.0,0.3,13.0,98.0,3.0,50.0,739.4375,0.0250000010470002,265792.0,275.8988998413085,60.00555999755859,685.0
16,1,3,2018,26.0,44.9,75.0,99.0,0.3,18.0,96.0,5.0,50.0,739.4375,0.0250000010470002,265792.0,275.8988998413085,60.00555999755859,685.0
17,1,3,2018,27.0,42.43333333333333,84.0,118.0,0.3,18.0,98.0,4.0,50.0,739.4375,0.0250000010470002,265792.0,275.8988998413085,60.00555999755859,685.0
18,1,3,2018,33.0,40.13333333333333,80.0,109.0,0.4,23.0,93.0,3.0,50.0,738.0625,0.0250000012100003,265420.0,275.8769000244141,60.00095599365234,685.0
19,1,3,2018,34.0,37.66666666666666,82.0,114.0,0.4,26.0,85.0,5.0,50.0,738.0625,0.0250000012100003,265420.0,275.8769000244141,60.00095599365234,685.0
20,1,3,2018,35.0,34.733333333333334,77.0,104.0,0.4,24.0,80.0,4.0,50.0,738.0625,0.0250000012100003,265420.0,275.8769000244141,60.00095599365234,685.0
21,1,3,2018,41.0,31.166666666666668,72.0,94.0,0.5,30.0,68.0,9.0,50.0,738.375,0.0250000013330001,265104.0,275.87759979248045,60.00114399719239,685.0
22,1,3,2018,48.0,27.5,76.0,102.0,0.5,37.0,54.0,11.0,50.0,738.375,0.0250000013330001,265104.0,275.87759979248045,60.00114399719239,685.0
23,1,3,2018,65.0,24.4,89.0,127.0,0.7,47.0,36.0,12.0,50.0,738.375,0.0250000013330001,265104.0,275.87759979248045,60.00114399719239,685.0
0,2,3,2018,79.0,22.1,105.0,140.0,0.7,47.0,33.0,12.0,50.0,739.6875,0.0250000014670006,264848.0,275.87339996337886,60.00315199279786,729.8125
1,2,3,2018,90.0,22.0,119.0,157.0,0.8,49.0,32.0,16.0,50.0,739.6875,0.0250000014670006,264848.0,275.87339996337886,60.00315199279786,729.8125
2,2,3,2018,120.0,25.5,157.0,182.0,1.0,50.0,23.0,17.0,50.0,739.6875,0.0250000014670006,264848.0,275.87339996337886,60.00315199279786,729.8125
3,2,3,2018,116.0,28.633333333333333,151.0,177.0,0.9,47.0,21.0,16.0,50.0,741.5,0.0250000014150012,264540.0,275.9151998901367,60.00417199707032,835.25
4,2,3,2018,109.0,31.73333333333333,143.0,159.0,0.9,43.0,22.0,15.0,50.0,741.5,0.0250000014150012,264540.0,275.9151998901367,60.00417199707032,835.25
5,2,3,2018,97.0,34.766666666666666,128.0,139.0,0.9,53.0,13.0,12.0,50.0,741.5,0.0250000014150012,264540.0,275.9151998901367,60.00417199707032,835.25
6,2,3,2018,89.0,37.6,118.0,118.0,0.9,44.0,20.0,10.0,50.0,746.8125,0.0250000015310011,263780.0,275.9563998413085,60.00131199645996,825.125
7,2,3,2018,93.0,40.3,123.0,97.0,0.8,52.0,15.0,11.0,50.0,746.8125,0.0250000015310011,263780.0,275.9563998413085,60.00131199645996,825.125
8,2,3,2018,60.0,42.1,81.0,95.0,0.8,53.0,16.0,11.0,50.0,746.8125,0.0250000015310011,263780.0,275.9563998413085,60.00131199645996,825.125
9,2,3,2018,53.0,43.66666666666666,73.0,91.0,0.9,49.0,27.0,17.0,50.0,748.5625,0.0250000015949998,263756.0,275.974700012207,60.00237999725342,711.875
10,2,3,2018,62.0,45.5,84.0,89.0,1.0,51.0,31.0,17.0,50.0,748.5625,0.0250000015949998,263756.0,275.974700012207,60.00237999725342,711.875
11,2,3,2018,71.0,47.73333333333333,95.0,108.0,1.1,57.0,34.0,16.0,50.0,748.5625,0.0250000015949998,263756.0,275.974700012207,60.00237999725342,711.875
12,2,3,2018,74.0,50.0,99.0,111.0,1.0,56.0,46.0,17.0,50.0,744.6875,0.0250000016520004,263756.0,275.92880004882807,60.0020719909668,685.0
13,2,3,2018,76.0,52.3,101.0,107.0,1.0,50.0,62.0,17.0,50.0,744.6875,0.0250000016520004,263756.0,275.92880004882807,60.0020719909668,685.0
14,2,3,2018,79.28571428571429,54.80952380952381,72.0,93.0,0.9,42.0,80.0,17.0,50.0,744.6875,0.0250000016520004,263756.0,275.92880004882807,60.0020719909668,685.0
15,2,3,2018,82.57142857142857,57.3952380952381,30.0,6.0,0.8,32.0,96.0,13.0,50.0,746.5,0.0250000024140011,263756.0,275.93380004882806,60.003455993652345,685.0
16,2,3,2018,85.85714285714286,60.0904761904762,34.0,55.0,0.8,30.0,110.0,17.0,50.0,746.5,0.0250000024140011,263756.0,275.93380004882806,60.003455993652345,685.0
17,2,3,2018,89.14285714285714,62.92857142857143,77.0,104.0,0.8,31.0,116.0,17.0,50.0,746.5,0.0250000024140011,263756.0,275.93380004882806,60.003455993652345,685.0
18,2,3,2018,92.42857142857144,65.60952380952381,89.0,128.0,0.9,37.0,108.0,17.0,50.0,744.5,0.0250000022190008,263756.0,275.914700012207,60.00164399719238,685.0
19,2,3,2018,95.71428571428572,68.56666666666666,94.0,137.0,1.0,81.0,60.0,17.0,50.0,744.5,0.0250000022190008,263756.0,275.914700012207,60.00164399719238,685.0
20,2,3,2018,99.0,71.43333333333334,130.0,162.0,1.3,103.0,19.0,17.0,50.0,744.5,0.0250000022190008,263756.0,275.914700012207,60.00164399719238,685.0
21,2,3,2018,165.0,76.36666666666666,219.0,234.9499999999989,1.7,103.0,2.0,17.0,50.0,743.625,0.0250000024450011,263756.0,275.9002999877929,60.00131999206543,685.0
22,2,3,2018,165.0,84.26666666666667,224.0,234.9499999999989,1.7,103.0,2.0,17.0,50.0,743.625,0.0250000024450011,263756.0,275.9002999877929,60.00131999206543,685.0
23,2,3,2018,165.0,89.56666666666666,224.0,234.9499999999989,1.2,103.0,5.0,17.0,50.0,743.625,0.0250000024450011,263756.0,275.9002999877929,60.00131999206543,685.0
0,3,3,2018,165.0,94.3,224.0,234.9499999999989,1.3,103.0,2.0,17.0,50.0,755.0625,0.0250000024380013,263756.0,275.912200012207,60.003483993530274,722.1875
1,3,3,2018,155.0,98.33333333333331,205.0,234.9499999999989,1.4,103.0,4.0,16.0,50.0,755.0625,0.0250000024380013,263756.0,275.912200012207,60.003483993530274,722.1875
2,3,3,2018,125.0,101.33333333333331,164.0,186.0,1.3,100.0,8.0,17.0,50.0,755.0625,0.0250000024380013,263756.0,275.912200012207,60.003483993530274,722.1875
3,3,3,2018,122.0,104.03333333333332,160.0,169.0,1.3,100.0,6.0,17.0,50.0,760.5625,0.0250000029400009,263756.0,275.9408999633789,60.0040839920044,747.4375
4,3,3,2018,124.0,106.56666666666666,163.0,175.0,1.4,103.0,4.5,17.0,50.0,760.5625,0.0250000029400009,263756.0,275.9408999633789,60.0040839920044,747.4375
5,3,3,2018,128.0,108.66666666666669,169.0,180.0,1.4,93.0,3.0,14.0,50.0,760.5625,0.0250000029400009,263756.0,275.9408999633789,60.0040839920044,747.4375
6,3,3,2018,124.0,110.16666666666669,163.0,182.0,1.5,97.0,5.0,16.0,50.0,761.6875,0.0250000032180007,263756.0,275.9733999633789,60.00207999420166,762.1875
7,3,3,2018,124.0,111.3,163.0,178.0,1.5,91.0,3.0,12.0,50.0,761.6875,0.0250000032180007,263756.0,275.9733999633789,60.00207999420166,762.1875
8,3,3,2018,111.0,111.0,145.0,168.0,1.5,76.0,9.0,11.0,50.0,761.6875,0.0250000032180007,263756.0,275.9733999633789,60.00207999420166,762.1875
9,3,3,2018,120.0,111.13333333333334,157.0,180.0,1.6,78.0,15.0,17.0,50.0,764.125,0.02500000416,263756.0,275.984400024414,60.00436799621582,699.625
10,3,3,2018,138.0,112.1,183.0,208.0,1.8,82.0,24.0,17.0,50.0,764.125,0.02500000416,263756.0,275.984400024414,60.00436799621582,699.625
11,3,3,2018,150.0,113.86666666666666,200.0,229.0,1.8,84.0,34.0,17.0,50.0,764.125,0.02500000416,263756.0,275.984400024414,60.00436799621582,699.625
12,3,3,2018,165.0,116.8,224.0,234.9499999999989,1.8,83.0,47.0,17.0,50.0,762.4375,0.0250000042040012,264316.0,275.9688000488281,60.00327199554443,685.0
13,3,3,2018,165.0,119.56666666666666,224.0,234.9499999999989,1.8,84.0,52.0,17.0,50.0,762.4375,0.0250000042040012,264316.0,275.9688000488281,60.00327199554443,685.0
14,3,3,2018,165.0,123.86666666666666,224.0,234.9499999999989,1.8,82.0,63.0,17.0,50.0,762.4375,0.0250000042040012,264316.0,275.9688000488281,60.00327199554443,685.0
15,3,3,2018,165.0,128.43333333333334,224.0,234.9499999999989,1.8,86.0,68.0,17.0,50.0,760.875,0.0250000039390008,264340.0,275.95669982910147,60.00283199310303,685.0
16,3,3,2018,165.0,133.03333333333333,224.0,234.9499999999989,1.8,97.0,59.0,17.0,50.0,760.875,0.0250000039390008,264340.0,275.95669982910147,60.00283199310303,685.0
17,3,3,2018,165.0,137.26666666666668,224.0,234.9499999999989,1.8,95.0,56.0,17.0,50.0,760.875,0.0250000039390008,264340.0,275.95669982910147,60.00283199310303,685.0
18,3,3,2018,165.0,141.56666666666666,224.0,234.9499999999989,1.8,89.0,46.0,17.0,50.00041218996048,760.1875,0.0250000041630007,265280.0,275.9479000854492,60.00171199798584,685.0
19,3,3,2018,165.0,144.518333333333,224.0,234.9499999999989,1.7,96.0,24.0,14.0,50.00041218996048,760.1875,0.0250000041630007,265280.0,275.9479000854492,60.00171199798584,685.0
20,3,3,2018,165.0,144.518333333333,224.0,234.9499999999989,1.8,103.0,8.0,13.0,50.00041218996048,760.1875,0.0250000041630007,265280.0,275.9479000854492,60.00171199798584,685.0
21,3,3,2018,165.0,144.518333333333,224.0,234.9499999999989,1.7,103.0,9.0,13.0,50.0,760.3125,0.0250000024580005,265868.0,275.962200012207,60.00314799499512,685.0
22,3,3,2018,165.0,144.518333333333,224.0,234.9499999999989,1.8,103.0,4.0,11.0,50.0,760.3125,0.0250000024580005,265868.0,275.962200012207,60.00314799499512,685.0
23,3,3,2018,165.0,144.518333333333,224.0,234.9499999999989,1.6,91.0,3.0,8.0,50.0,760.3125,0.0250000024580005,265868.0,275.962200012207,60.00314799499512,685.0
0,4,3,2018,165.0,144.518333333333,224.0,234.9499999999989,1.6,79.0,6.0,7.0,50.0,760.4375,0.0250000024800002,266252.0,275.94279998779297,60.0023159942627,705.375
1,4,3,2018,165.0,144.518333333333,224.0,234.9499999999989,1.6,77.0,6.0,7.0,50.0,760.4375,0.0250000024800002,266252.0,275.94279998779297,60.0023159942627,705.375
2,4,3,2018,165.0,144.518333333333,224.0,234.9499999999989,1.8,85.0,2.0,7.0,50.0,760.4375,0.0250000024800002,266252.0,275.94279998779297,60.0023159942627,705.375
3,4,3,2018,165.0,144.518333333333,224.0,234.9499999999989,1.6,84.0,5.0,9.0,50.0,761.125,0.0250000021590013,266644.0,275.9525,60.00576399230957,749.8125
4,4,3,2018,109.0,144.518333333333,143.0,164.0,0.9,60.0,31.0,10.0,50.0,761.125,0.0250000021590013,266644.0,275.9525,60.00576399230957,749.8125
5,4,3,2018,26.0,144.518333333333,75.0,99.0,0.2,29.0,63.0,2.0,50.0,761.125,0.0250000021590013,266644.0,275.9525,60.00576399230957,749.8125
6,4,3,2018,16.0,144.518333333333,72.0,94.0,0.2,26.0,65.0,2.0,50.0,761.0625,0.0250000019110012,266412.0,275.95459991455084,60.00748799133301,750.1875
7,4,3,2018,32.0,144.518333333333,84.0,117.0,0.6,52.0,34.0,4.0,50.0,761.0625,0.0250000019110012,266412.0,275.95459991455084,60.00748799133301,750.1875
8,4,3,2018,130.0,144.518333333333,171.0,234.9499999999989,1.7,66.0,7.0,7.0,50.0,761.0625,0.0250000019110012,266412.0,275.95459991455084,60.00748799133301,750.1875
9,4,3,2018,114.0,144.518333333333,171.0,234.9499999999989,1.1,44.0,27.0,9.0,50.0,759.25,0.0250000021080002,266492.0,275.93470001220703,60.00846399688721,700.4375
10,4,3,2018,49.0,144.518333333333,224.0,234.9499999999989,0.5,25.0,49.0,10.0,50.0,759.25,0.0250000021080002,266492.0,275.93470001220703,60.00846399688721,700.4375
11,4,3,2018,48.0,144.518333333333,224.0,234.9499999999989,0.5,22.0,55.0,9.0,50.0,759.25,0.0250000021080002,266492.0,275.93470001220703,60.00846399688721,700.4375
12,4,3,2018,50.0,144.518333333333,224.0,234.9499999999989,0.5,22.0,57.0,8.0,50.0,756.5625,0.0250000019439999,267164.0,275.9100997924804,60.00602799224853,685.0
13,4,3,2018,45.0,143.36666666666667,224.0,234.9499999999989,0.4,19.0,66.0,7.0,50.0,756.5625,0.0250000019439999,267164.0,275.9100997924804,60.00602799224853,685.0
14,4,3,2018,54.0,141.46666666666667,224.0,234.9499999999989,0.5,21.0,70.0,7.0,50.0,756.5625,0.0250000019439999,267164.0,275.9100997924804,60.00602799224853,685.0
15,4,3,2018,53.0,139.23333333333332,224.0,234.9499999999989,0.5,25.0,68.0,8.0,50.0,757.0,0.0250000023960005,267224.0,275.9113000488281,60.00409999084473,685.0
16,4,3,2018,52.0,136.36666666666667,224.0,234.9499999999989,0.5,27.0,66.0,7.0,50.0,757.0,0.0250000023960005,267224.0,275.9113000488281,60.00409999084473,685.0
17,4,3,2018,47.0,132.93333333333334,224.0,234.9499999999989,0.5,30.0,60.0,7.0,50.0,757.0,0.0250000023960005,267224.0,275.9113000488281,60.00409999084473,685.0
18,4,3,2018,46.0,128.56666666666666,221.0,234.9499999999989,0.5,35.0,54.0,6.0,50.0,751.3125,0.0250000019279997,267704.0,275.8580999755859,60.0035839920044,685.0
19,4,3,2018,41.0,124.06666666666666,189.0,234.9499999999989,0.6,40.0,48.0,6.0,50.0,751.3125,0.0250000019279997,267704.0,275.8580999755859,60.0035839920044,685.0
20,4,3,2018,41.0,119.13333333333334,158.0,234.9499999999989,0.8,40.0,45.0,6.0,50.0,751.3125,0.0250000019279997,267704.0,275.8580999755859,60.0035839920044,685.0
21,4,3,2018,33.0,113.9,130.0,210.0,0.7,40.0,42.0,5.0,50.0,750.5625,0.0250000018969997,268048.0,275.85070007324214,60.00193999481201,685.0
22,4,3,2018,35.0,108.4,115.0,179.0,0.6,43.0,36.0,5.0,50.0,750.5625,0.0250000018969997,268048.0,275.85070007324214,60.00193999481201,685.0
23,4,3,2018,32.0,102.86666666666666,103.0,155.0,0.5,40.0,40.0,6.0,50.0,750.5625,0.0250000018969997,268048.0,275.85070007324214,60.00193999481201,685.0
0,5,3,2018,29.0,97.06666666666666,82.0,114.0,0.4,26.0,58.0,11.0,50.0,745.5625,0.0250000028349999,268556.0,275.8810998535156,60.00189599609375,729.75
1,5,3,2018,27.0,91.0,79.0,108.0,0.5,42.0,40.0,9.0,50.0,745.5625,0.0250000028349999,268556.0,275.8810998535156,60.00189599609375,729.75
2,5,3,2018,31.0,85.33333333333333,81.0,112.0,0.5,50.0,29.0,7.0,50.0,745.5625,0.0250000028349999,268556.0,275.8810998535156,60.00189599609375,729.75
3,5,3,2018,32.0,79.9,85.0,120.0,0.6,70.0,7.0,6.0,50.0,750.5,0.0250000017569996,268536.0,275.9301998901367,60.00314799499512,797.0625
4,5,3,2018,39.0,74.66666666666667,111.0,172.0,0.8,62.0,4.5,3.0,50.0,750.5,0.0250000017569996,268536.0,275.9301998901367,60.00314799499512,797.0625
5,5,3,2018,42.0,69.33333333333333,130.0,209.0,0.9,56.0,2.0,2.0,50.0,750.5,0.0250000017569996,268536.0,275.9301998901367,60.00314799499512,797.0625
6,5,3,2018,40.0,63.833333333333336,128.0,206.0,1.1,54.0,3.0,2.0,50.0,749.125,0.0250000013779997,268052.0,275.9627999877929,60.00895599365234,818.4375
7,5,3,2018,42.0,58.2,126.0,202.0,1.2,53.0,2.0,2.0,50.0,749.125,0.0250000013779997,268052.0,275.9627999877929,60.00895599365234,818.4375
8,5,3,2018,42.0,52.53333333333333,123.0,196.0,1.3,54.0,4.0,3.0,50.0,749.125,0.0250000013779997,268052.0,275.9627999877929,60.00895599365234,818.4375
9,5,3,2018,50.0,47.56666666666667,126.0,202.0,1.1,51.0,14.0,5.0,50.0,749.8125,0.0250000014789998,267836.0,275.95139984130856,60.00911199188232,715.0625
10,5,3,2018,54.0,45.73333333333333,132.0,213.0,1.2,69.0,21.0,8.0,50.0,749.8125,0.0250000014789998,267836.0,275.95139984130856,60.00911199188232,715.0625
11,5,3,2018,53.0,46.63333333333333,130.0,209.0,0.9,54.0,37.0,8.0,50.0,749.8125,0.0250000014789998,267836.0,275.95139984130856,60.00911199188232,715.0625
12,5,3,2018,42.0,47.5,104.0,157.0,0.8,33.0,66.0,13.0,50.0,745.4375,0.0250000015169996,268308.0,275.90149993896483,60.00385199737549,685.0
13,5,3,2018,38.0,47.7,97.0,143.0,0.9,26.0,79.0,13.0,50.0,745.4375,0.0250000015169996,268308.0,275.90149993896483,60.00385199737549,685.0
14,5,3,2018,41.0,44.73333333333333,110.0,170.0,0.8,26.0,85.0,12.0,50.0,745.4375,0.0250000015169996,268308.0,275.90149993896483,60.00385199737549,685.0
15,5,3,2018,46.0,42.46666666666667,121.0,191.0,0.8,27.0,89.0,13.0,50.0,743.3125,0.0250000017680004,268556.0,275.87239990234366,60.00103999328614,685.0
16,5,3,2018,50.0,42.5,115.0,180.0,0.9,28.0,88.0,17.0,50.0,743.3125,0.0250000017680004,268556.0,275.87239990234366,60.00103999328614,685.0
17,5,3,2018,51.0,42.6,106.0,162.0,0.9,30.0,88.0,17.0,50.0,743.3125,0.0250000017680004,268556.0,275.87239990234366,60.00103999328614,685.0
18,5,3,2018,55.0,42.766666666666666,108.0,166.0,1.0,33.0,83.0,15.0,50.0,742.5625,0.0250000017950013,268556.0,275.8630999755859,60.0032799911499,685.0
19,5,3,2018,62.0,43.333333333333336,109.0,167.0,1.1,40.0,72.0,14.0,50.0,742.5625,0.0250000017950013,268556.0,275.8630999755859,60.0032799911499,685.0
20,5,3,2018,52.0,43.266666666666666,101.0,151.0,0.8,38.0,63.0,9.0,50.0,742.5625,0.0250000017950013,268556.0,275.8630999755859,60.0032799911499,685.0
21,5,3,2018,32.0,42.56666666666667,70.0,90.0,0.4,25.0,67.0,4.0,50.0,741.875,0.0250000019519999,268556.0,275.852200012207,60.00363999176025,685.0
22,5,3,2018,34.0,41.96666666666667,65.0,79.0,0.5,28.0,62.0,5.0,50.0,741.875,0.0250000019519999,268556.0,275.852200012207,60.00363999176025,685.0
23,5,3,2018,33.0,41.5,58.0,66.0,0.5,28.0,60.0,3.0,50.0,741.875,0.0250000019519999,268556.0,275.852200012207,60.00363999176025,685.0
0,6,3,2018,31.0,41.0,57.0,63.0,0.5,34.0,49.0,3.0,50.0,743.8125,0.0250000020800009,268556.0,275.85489990234373,60.00665599822998,732.0
1,6,3,2018,34.0,40.766666666666666,57.0,63.0,0.6,43.0,39.0,3.0,50.0,743.8125,0.0250000020800009,268556.0,275.85489990234373,60.00665599822998,732.0
2,6,3,2018,32.0,40.46666666666667,56.0,61.0,0.6,47.0,36.0,4.0,50.0,743.8125,0.0250000020800009,268556.0,275.85489990234373,60.00665599822998,732.0
3,6,3,2018,37.0,40.6,54.0,58.0,0.7,64.0,18.0,4.0,50.0,746.9375,0.0250000020730011,268556.0,275.9060998535156,60.005575996398925,807.5625
4,6,3,2018,37.0,40.66666666666666,54.0,58.0,0.7,74.0,7.0,3.0,50.0,746.9375,0.0250000020730011,268556.0,275.9060998535156,60.005575996398925,807.5625
5,6,3,2018,37.0,40.833333333333336,55.0,59.0,0.7,75.0,4.0,2.0,50.0,746.9375,0.0250000020730011,268556.0,275.9060998535156,60.005575996398925,807.5625
6,6,3,2018,38.0,41.13333333333333,57.0,64.0,0.8,67.0,9.0,2.0,50.0,751.9375,0.0250000016409996,268556.0,275.93029998779286,60.002207992553714,787.8125
7,6,3,2018,45.0,41.73333333333333,63.0,65.0,0.9,66.0,8.0,2.0,50.0,751.9375,0.0250000016409996,268556.0,275.93029998779286,60.002207992553714,787.8125
8,6,3,2018,46.0,42.23333333333333,64.0,72.0,1.0,68.0,10.0,2.0,50.0,751.9375,0.0250000016409996,268556.0,275.93029998779286,60.002207992553714,787.8125
9,6,3,2018,49.0,42.8,68.0,77.0,0.9,57.0,24.0,6.0,50.0,749.0625,0.0250000016830004,268556.0,275.9195999145508,60.0065239944458,707.0625
10,6,3,2018,54.0,43.3,74.0,82.0,0.9,49.0,39.0,8.0,50.0,749.0625,0.0250000016830004,268556.0,275.9195999145508,60.0065239944458,707.0625
11,6,3,2018,58.0,43.833333333333336,79.0,83.0,1.1,47.0,47.0,14.0,50.0,749.0625,0.0250000016830004,268556.0,275.9195999145508,60.0065239944458,707.0625
12,6,3,2018,63.0,44.6,85.0,87.0,1.2,43.0,59.0,17.0,50.0,746.375,0.0250000015620011,268556.0,275.892200012207,60.00367599487305,685.0
13,6,3,2018,48.0,44.8,66.0,65.0,0.7,27.0,82.0,15.0,50.0,746.375,0.0250000015620011,268556.0,275.892200012207,60.00367599487305,685.0
14,6,3,2018,40.0,44.73333333333333,56.0,51.0,0.6,24.0,92.0,14.0,50.0,746.375,0.0250000015620011,268556.0,275.892200012207,60.00367599487305,685.0
15,6,3,2018,38.0,44.333333333333336,54.0,58.0,0.6,27.0,88.0,12.0,50.0,745.0,0.0250000017600003,268556.0,275.8729998779297,60.00085999298096,685.0
16,6,3,2018,45.0,44.03333333333333,63.0,76.0,0.6,33.0,79.0,10.0,50.0,745.0,0.0250000017600003,268556.0,275.8729998779297,60.00085999298096,685.0
17,6,3,2018,44.0,43.73333333333333,67.0,83.0,0.8,48.0,57.0,8.0,50.0,745.0,0.0250000017600003,268556.0,275.8729998779297,60.00085999298096,685.0
18,6,3,2018,41.0,43.7,69.0,87.0,0.6,40.0,61.0,7.0,50.0,744.25,0.0250000019209999,268556.0,275.86239990234367,60.0008039932251,685.0
19,6,3,2018,35.0,43.6,71.0,91.0,0.6,39.0,57.0,8.0,50.0,744.25,0.0250000019209999,268556.0,275.86239990234367,60.0008039932251,685.0
20,6,3,2018,30.0,43.23333333333333,70.0,90.0,0.6,34.0,61.0,8.0,50.0,744.25,0.0250000019209999,268556.0,275.86239990234367,60.0008039932251,685.0
21,6,3,2018,31.0,42.73333333333333,66.0,81.0,0.6,31.0,64.0,9.0,50.0,743.5625,0.0250000018819998,268388.0,275.855,60.00247999572754,685.0
22,6,3,2018,30.0,42.06666666666667,61.0,72.0,0.5,31.0,59.0,6.0,50.0,743.5625,0.0250000018819998,268388.0,275.855,60.00247999572754,685.0
23,6,3,2018,25.0,41.2,55.0,60.0,0.5,31.0,56.0,5.0,50.0,743.5625,0.0250000018819998,268388.0,275.855,60.00247999572754,685.0
0,7,3,2018,31.0,40.4,52.0,53.0,0.5,32.0,53.0,4.0,50.0,751.0,0.0250000016010012,268148.0,275.8605999755859,60.00382399749756,716.1875
1,7,3,2018,29.0,39.3,52.0,53.0,0.5,33.0,51.0,4.0,50.0,751.0,0.0250000016010012,268148.0,275.8605999755859,60.00382399749756,716.1875
2,7,3,2018,24.0,38.36666666666667,46.0,46.0,0.5,30.0,52.0,6.0,50.0,751.0,0.0250000016010012,268148.0,275.8605999755859,60.00382399749756,716.1875
3,7,3,2018,25.0,38.13333333333333,36.0,36.0,0.4,34.0,51.0,5.0,50.00003749847412,755.1875,0.0250000020759999,267692.0,275.88369995117193,60.00422799682618,742.4375
4,7,3,2018,25.0,37.833333333333336,42.0,42.0,0.5,41.0,45.5,5.0,50.00003749847412,755.1875,0.0250000020759999,267692.0,275.88369995117193,60.00422799682618,742.4375
5,7,3,2018,25.0,37.56666666666667,47.0,47.0,0.6,38.0,40.0,5.0,50.00003749847412,755.1875,0.0250000020759999,267692.0,275.88369995117193,60.00422799682618,742.4375
6,7,3,2018,31.0,37.56666666666667,48.0,48.0,0.7,43.0,35.0,6.0,50.00003749847412,754.6875,0.025000002425,267148.0,275.8958999633789,60.00268399810791,753.75
7,7,3,2018,31.0,37.46666666666667,49.0,49.0,0.6,40.0,38.0,6.0,50.00003749847412,754.6875,0.025000002425,267148.0,275.8958999633789,60.00268399810791,753.75
8,7,3,2018,31.0,37.43333333333333,48.0,48.0,0.6,33.0,46.0,6.0,50.00003749847412,754.6875,0.025000002425,267148.0,275.8958999633789,60.00268399810791,753.75
9,7,3,2018,30.0,37.2,51.0,52.0,0.5,36.0,45.0,6.0,50.0,757.0625,0.0250000023210011,267152.0,275.91449981689453,60.00339199066162,700.875
10,7,3,2018,33.0,37.06666666666667,54.0,57.0,0.5,46.0,39.0,7.0,50.0,757.0625,0.0250000023210011,267152.0,275.91449981689453,60.00339199066162,700.875
11,7,3,2018,38.0,37.1,55.0,59.0,0.5,36.0,56.0,10.0,50.0,757.0625,0.0250000023210011,267152.0,275.91449981689453,60.00339199066162,700.875
12,7,3,2018,39.0,37.13333333333333,55.0,55.0,0.5,32.0,63.0,11.0,50.0,754.8125,0.0250000021679997,267912.0,275.89419982910147,60.00372799682617,685.0
13,7,3,2018,47.0,37.2,65.0,68.0,0.5,30.0,69.0,14.0,50.0,754.8125,0.0250000021679997,267912.0,275.89419982910147,60.00372799682617,685.0
14,7,3,2018,44.0,37.13333333333333,61.0,70.0,0.5,35.0,68.0,14.0,50.0,754.8125,0.0250000021679997,267912.0,275.89419982910147,60.00372799682617,685.0
15,7,3,2018,56.0,37.36666666666667,76.0,86.0,0.6,36.0,69.0,14.0,50.0,752.5,0.0250000022059995,268488.0,275.87089996337886,60.00223199462891,685.0
16,7,3,2018,53.0,37.333333333333336,73.0,79.0,0.6,39.0,68.0,11.0,50.0,752.5,0.0250000022059995,268488.0,275.87089996337886,60.00223199462891,685.0
17,7,3,2018,57.0,37.3,78.0,94.0,0.6,46.0,61.0,11.0,50.0,752.5,0.0250000022059995,268488.0,275.87089996337886,60.00223199462891,685.0
18,7,3,2018,66.0,37.4,89.0,103.0,0.6,50.0,57.0,11.0,50.0,752.25,0.0250000019739996,268556.0,275.86989990234366,60.003463996887206,685.0
19,7,3,2018,67.0,38.03333333333333,90.0,111.0,0.7,66.0,37.0,8.0,50.0,752.25,0.0250000019739996,268556.0,275.86989990234366,60.003463996887206,685.0
20,7,3,2018,58.0,38.63333333333333,79.0,105.0,0.7,70.0,28.0,8.0,50.0,752.25,0.0250000019739996,268556.0,275.86989990234366,60.003463996887206,685.0
21,7,3,2018,60.0,39.36666666666667,82.0,113.0,0.8,97.0,4.0,7.0,50.0,751.25,0.0250000014329999,268556.0,275.8644000244141,60.00325199127197,685.0
22,7,3,2018,63.0,39.96666666666667,85.0,116.0,0.9,97.0,2.0,6.0,50.0,751.25,0.0250000014329999,268556.0,275.8644000244141,60.00325199127197,685.0
23,7,3,2018,65.0,40.66666666666666,88.0,118.0,1.0,97.0,2.0,6.0,50.0,751.25,0.0250000014329999,268556.0,275.8644000244141,60.00325199127197,685.0
0,8,3,2018,65.0,41.46666666666667,88.0,115.0,1.1,96.0,2.0,5.0,50.0,739.0,0.0250000015600007,268556.0,275.87579986572257,60.00432399749756,735.8125
1,8,3,2018,53.0,42.06666666666667,74.0,98.0,0.8,85.0,8.0,6.0,50.0,739.0,0.0250000015600007,268556.0,275.87579986572257,60.00432399749756,735.8125
2,8,3,2018,39.0,42.36666666666667,66.0,81.0,0.7,87.0,6.0,6.0,50.0,739.0,0.0250000015600007,268556.0,275.87579986572257,60.00432399749756,735.8125
3,8,3,2018,27.0,42.23333333333333,58.0,65.0,0.6,75.0,15.0,5.0,50.0,740.625,0.0250000014850012,268556.0,275.9130999755859,60.00603199768064,848.4375
4,8,3,2018,27.0,42.13333333333333,55.0,59.0,0.5,69.0,20.0,4.0,50.0,740.625,0.0250000014850012,268556.0,275.9130999755859,60.00603199768064,848.4375
5,8,3,2018,23.0,42.06666666666667,51.0,52.0,0.5,58.0,29.0,4.0,50.0,740.625,0.0250000014850012,268556.0,275.9130999755859,60.00603199768064,848.4375
6,8,3,2018,17.0,41.6,43.0,43.0,0.4,65.0,24.0,3.0,50.0,743.9375,0.025000001755001,268556.0,275.9339999389648,60.00761199188232,839.25
7,8,3,2018,17.0,41.2,48.0,48.0,0.6,83.0,10.0,3.0,50.0,743.9375,0.025000001755001,268556.0,275.9339999389648,60.00761199188232,839.25
8,8,3,2018,15.0,40.9,35.0,35.0,0.5,53.0,41.0,4.0,50.0,743.9375,0.025000001755001,268556.0,275.9339999389648,60.00761199188232,839.25
9,8,3,2018,14.0,40.53333333333333,38.0,38.0,0.4,46.0,51.0,4.0,50.0,745.4375,0.0250000018770005,268348.0,275.9460998535156,60.00718799591064,719.125
10,8,3,2018,22.0,40.43333333333333,43.0,43.0,0.4,36.0,62.0,5.0,50.0,745.4375,0.0250000018770005,268348.0,275.9460998535156,60.00718799591064,719.125
11,8,3,2018,18.0,40.2,39.0,39.0,0.4,30.0,71.0,4.0,50.0,745.4375,0.0250000018770005,268348.0,275.9460998535156,60.00718799591064,719.125
12,8,3,2018,28.0,40.1,54.0,57.0,0.4,28.0,80.0,5.0,50.0,742.8125,0.0250000018910002,268304.0,275.9145999145508,60.00505199432373,685.0
13,8,3,2018,45.0,40.56666666666667,63.0,73.0,0.6,30.0,84.0,7.0,50.0,742.8125,0.0250000018910002,268304.0,275.9145999145508,60.00505199432373,685.0
14,8,3,2018,63.0,41.63333333333333,85.0,92.0,0.8,33.0,87.0,8.0,50.0,742.8125,0.0250000018910002,268304.0,275.9145999145508,60.00505199432373,685.0
15,8,3,2018,78.0,43.23333333333333,104.0,114.0,1.0,36.0,91.0,10.0,50.0,741.375,0.0250000017879996,268276.0,275.90009979248043,60.00479599761963,685.0
16,8,3,2018,86.0,45.0,114.0,115.0,1.1,37.0,94.0,10.0,50.0,741.375,0.0250000017879996,268276.0,275.90009979248043,60.00479599761963,685.0
17,8,3,2018,85.0,46.56666666666667,113.0,122.0,1.0,40.0,93.0,11.0,50.0,741.375,0.0250000017879996,268276.0,275.90009979248043,60.00479599761963,685.0
18,8,3,2018,87.0,48.16666666666666,115.0,127.0,1.1,47.0,86.0,13.0,50.0,739.875,0.0250000019269995,268072.0,275.878099975586,60.00304399108887,685.0
19,8,3,2018,93.0,49.7,123.0,130.0,1.1,51.0,76.0,15.0,50.0,739.875,0.0250000019269995,268072.0,275.878099975586,60.00304399108887,685.0
20,8,3,2018,88.0,51.16666666666666,116.0,138.0,1.0,46.0,73.0,12.0,50.0,739.875,0.0250000019269995,268072.0,275.878099975586,60.00304399108887,685.0
21,8,3,2018,82.0,52.03333333333333,109.0,135.0,1.0,54.0,57.0,8.0,50.0,738.3125,0.0250000018690004,267892.0,275.85989990234367,60.00107599639893,685.0
22,8,3,2018,79.0,52.9,105.0,126.0,1.0,62.0,40.0,7.0,50.0,738.3125,0.0250000018690004,267892.0,275.85989990234367,60.00107599639893,685.0
23,8,3,2018,70.0,53.333333333333336,94.0,112.0,0.9,54.0,44.0,6.0,50.0,738.3125,0.0250000018690004,267892.0,275.85989990234367,60.00107599639893,685.0
0,9,3,2018,71.0,53.5,95.0,111.0,0.9,54.0,41.0,6.0,50.0,741.1875,0.0250000019610002,267756.0,275.8595999145508,60.00123999786377,735.6875
1,9,3,2018,73.0,53.7,98.0,115.0,0.9,64.0,25.0,6.0,50.0,741.1875,0.0250000019610002,267756.0,275.8595999145508,60.00123999786377,735.6875
2,9,3,2018,73.0,54.2,98.0,105.0,0.9,68.0,16.0,5.0,50.0,741.1875,0.0250000019610002,267756.0,275.8595999145508,60.00123999786377,735.6875
3,9,3,2018,74.0,54.66666666666666,99.0,104.0,1.0,74.0,9.0,5.0,50.0,744.375,0.0250000018499996,267124.0,275.9063000488281,60.00385599517822,825.75
4,9,3,2018,76.0,55.1,101.0,103.0,1.0,70.0,7.0,5.0,50.0,744.375,0.0250000018499996,267124.0,275.9063000488281,60.00385599517822,825.75
5,9,3,2018,74.0,55.4,99.0,100.0,1.0,68.0,5.0,4.0,50.0,744.375,0.0250000018499996,267124.0,275.9063000488281,60.00385599517822,825.75
6,9,3,2018,72.0,55.63333333333333,96.0,92.0,1.0,75.0,2.0,4.0,50.0,750.5,0.0250000022940002,266228.0,275.96440002441403,60.005979995727536,821.9375
7,9,3,2018,73.0,56.3,98.0,89.0,1.1,78.0,2.0,4.0,50.0,750.5,0.0250000022940002,266228.0,275.96440002441403,60.005979995727536,821.9375
8,9,3,2018,64.0,57.13333333333333,86.0,101.0,1.2,81.0,3.0,5.0,50.0,750.5,0.0250000022940002,266228.0,275.96440002441403,60.005979995727536,821.9375
9,9,3,2018,65.0,58.4,88.0,101.0,1.1,75.0,10.0,7.0,50.0,752.125,0.0250000025510005,265792.0,275.9719998168945,60.004139991760255,710.0625
10,9,3,2018,77.0,60.06666666666667,103.0,97.0,1.1,69.0,20.0,11.0,50.0,752.125,0.0250000025510005,265792.0,275.9719998168945,60.004139991760255,710.0625
11,9,3,2018,88.0,62.23333333333333,116.0,112.0,1.1,61.0,36.0,15.0,50.0,752.125,0.0250000025510005,265792.0,275.9719998168945,60.004139991760255,710.0625
12,9,3,2018,102.0,65.06666666666666,134.0,126.0,1.1,54.0,56.0,17.0,50.0,747.8125,0.0250000024800002,265952.0,275.92669982910155,60.00182399749756,685.0
13,9,3,2018,112.0,68.23333333333333,146.0,139.0,1.1,47.0,76.0,17.0,50.0,747.8125,0.0250000024800002,265952.0,275.92669982910155,60.00182399749756,685.0
14,9,3,2018,109.0,71.36666666666666,143.0,137.0,1.0,44.0,97.0,17.0,50.0,747.8125,0.0250000024800002,265952.0,275.92669982910155,60.00182399749756,685.0
15,9,3,2018,122.0,74.96666666666667,160.0,153.0,1.1,46.0,107.0,17.0,50.0,746.6875,0.0250000022110007,265948.0,275.9185000610352,60.00216799163818,685.0
16,9,3,2018,129.0,78.53333333333333,170.0,163.0,1.2,54.0,103.0,17.0,50.0,746.6875,0.0250000022110007,265948.0,275.9185000610352,60.00216799163818,685.0
17,9,3,2018,128.0,82.2,169.0,163.0,1.2,52.0,109.0,17.0,50.0,746.6875,0.0250000022110007,265948.0,275.9185000610352,60.00216799163818,685.0
18,9,3,2018,139.0,85.9,184.0,168.0,1.2,54.0,107.0,17.0,50.0,745.125,0.0250000021050013,266112.0,275.9032998657226,60.0040239944458,685.0
19,9,3,2018,144.0,89.2,191.0,174.0,1.3,62.0,93.0,17.0,50.0,745.125,0.0250000021050013,266112.0,275.9032998657226,60.0040239944458,685.0
20,9,3,2018,152.5,92.18333333333334,201.0,191.0,1.6,99.0,52.0,17.0,50.0,745.125,0.0250000021050013,266112.0,275.9032998657226,60.0040239944458,685.0
21,9,3,2018,161.0,94.95,211.0,208.0,1.8,103.0,11.0,14.0,50.0,744.125,0.0250000021989997,266348.0,275.89009979248044,60.00405599212647,685.0
22,9,3,2018,156.0,97.28333333333332,206.0,216.0,1.7,103.0,3.0,12.0,50.0,744.125,0.0250000021989997,266348.0,275.89009979248044,60.00405599212647,685.0
23,9,3,2018,135.0,98.95,179.0,169.0,1.5,103.0,12.0,13.0,50.0,744.125,0.0250000021989997,266348.0,275.89009979248044,60.00405599212647,685.0
0,10,3,2018,135.0,100.55,179.0,160.0,1.5,103.0,19.0,12.0,50.0,744.0625,0.0250000023580007,266904.0,275.9160998535156,60.00154399108887,737.1875
1,10,3,2018,135.0,101.95,179.0,154.0,1.4,96.0,22.0,10.0,50.0,744.0625,0.0250000023580007,266904.0,275.9160998535156,60.00154399108887,737.1875
2,10,3,2018,137.0,103.58333333333331,181.0,155.0,1.4,103.0,5.0,9.0,50.0,744.0625,0.0250000023580007,266904.0,275.9160998535156,60.00154399108887,737.1875
3,10,3,2018,135.0,105.35,179.0,154.0,1.3,99.0,13.0,9.0,50.0,748.4375,0.025000002394,267024.0,275.9782998657226,60.00592799377442,846.375
4,10,3,2018,132.0,107.11666666666666,174.0,148.0,1.5,103.0,7.0,9.0,50.0,748.4375,0.025000002394,267024.0,275.9782998657226,60.00592799377442,846.375
5,10,3,2018,128.0,109.05,169.0,147.0,1.5,103.0,9.0,9.0,50.0,748.4375,0.025000002394,267024.0,275.9782998657226,60.00592799377442,846.375
6,10,3,2018,131.0,111.05,173.0,145.0,1.4,98.0,13.0,8.0,50.0,752.6875,0.0250000025030002,266792.0,276.00929992675776,60.00515999603272,836.8125
7,10,3,2018,135.0,113.11666666666666,179.0,145.0,1.4,83.0,16.0,7.0,50.0,752.6875,0.0250000025030002,266792.0,276.00929992675776,60.00515999603272,836.8125
8,10,3,2018,136.0,115.21666666666668,180.0,155.0,1.5,83.0,15.0,7.0,50.0,752.6875,0.0250000025030002,266792.0,276.00929992675776,60.00515999603272,836.8125
9,10,3,2018,139.0,117.38333333333334,184.0,169.0,1.5,81.0,30.0,14.0,50.0,751.8125,0.0250000028990004,266812.0,275.9919998168945,60.00598399353027,720.0
10,10,3,2018,143.0,119.61666666666666,190.0,177.0,1.5,87.0,39.0,16.0,50.0,751.8125,0.0250000028990004,266812.0,275.9919998168945,60.00598399353027,720.0
11,10,3,2018,140.0,121.81666666666666,186.0,183.0,1.5,88.0,49.0,15.0,50.0,751.8125,0.0250000028990004,266812.0,275.9919998168945,60.00598399353027,720.0
12,10,3,2018,135.0,123.91666666666669,179.0,190.0,1.4,79.0,76.0,17.0,50.0,746.0625,0.0250000026179999,267168.0,275.93419982910154,60.004479995727536,685.0
13,10,3,2018,138.0,126.08333333333331,183.0,181.0,1.4,56.0,114.0,17.0,50.0,746.0625,0.0250000026179999,267168.0,275.93419982910154,60.004479995727536,685.0
14,10,3,2018,138.0,128.55,183.0,186.0,1.8,60.0,125.0,17.0,50.0,746.0625,0.0250000026179999,267168.0,275.93419982910154,60.004479995727536,685.0
15,10,3,2018,146.0,131.25,194.0,213.0,1.8,69.0,116.0,17.0,50.0,743.3125,0.0250000023689996,267196.0,275.906600036621,60.00159199523926,685.0
16,10,3,2018,138.0,133.28333333333333,183.0,201.0,1.8,54.0,122.0,17.0,50.0,743.3125,0.0250000023689996,267196.0,275.906600036621,60.00159199523926,685.0
17,10,3,2018,102.0,133.75,134.0,169.0,1.1,32.0,132.0,17.0,50.0,743.3125,0.0250000023689996,267196.0,275.906600036621,60.00159199523926,685.0
18,10,3,2018,93.0,133.45,123.0,161.0,0.9,38.0,117.0,14.0,50.0,741.5625,0.0250000021930001,267564.0,275.88940002441404,60.00247999572754,685.0
19,10,3,2018,86.0,132.58333333333334,114.0,149.0,0.8,40.0,102.0,11.0,50.0,741.5625,0.0250000021930001,267564.0,275.88940002441404,60.00247999572754,685.0
20,10,3,2018,85.0,131.78333333333333,113.0,147.0,0.9,48.0,80.0,10.0,50.0,741.5625,0.0250000021930001,267564.0,275.88940002441404,60.00247999572754,685.0
21,10,3,2018,65.0,129.88333333333333,88.0,112.0,0.7,34.0,80.0,9.0,50.0,740.0,0.0250000020090006,267572.0,275.87470001220703,60.00238399505615,685.0
22,10,3,2018,47.0,127.15,67.0,84.0,0.6,34.0,68.0,6.0,50.0,740.0,0.0250000020090006,267572.0,275.87470001220703,60.00238399505615,685.0
23,10,3,2018,36.0,124.08333333333331,56.0,61.0,0.5,34.0,62.0,5.0,50.0,740.0,0.0250000020090006,267572.0,275.87470001220703,60.00238399505615,685.0
0,11,3,2018,40.0,120.78333333333332,58.0,65.0,0.6,59.0,34.0,4.0,50.0,756.25,0.0250000020359996,267664.0,275.8854000854492,60.00171599578857,713.9375
1,11,3,2018,33.0,117.08333333333331,51.0,51.0,0.5,47.0,51.0,3.0,50.0,756.25,0.0250000020359996,267664.0,275.8854000854492,60.00171599578857,713.9375
2,11,3,2018,26.0,112.86666666666666,46.0,46.0,0.5,52.0,41.0,4.0,50.0,756.25,0.0250000020359996,267664.0,275.8854000854492,60.00171599578857,713.9375
3,11,3,2018,34.0,108.63333333333334,49.0,49.0,0.6,62.0,32.0,3.0,50.0,759.5625,0.0250000018419995,267344.0,275.92089996337893,60.00408799743652,741.6875
4,11,3,2018,36.0,104.63333333333334,51.0,42.0,0.6,59.0,52.5,3.0,50.0,759.5625,0.0250000018419995,267344.0,275.92089996337893,60.00408799743652,741.6875
5,11,3,2018,37.0,101.36666666666666,53.0,40.0,0.6,29.0,73.0,5.0,50.0,759.5625,0.0250000018419995,267344.0,275.92089996337893,60.00408799743652,741.6875
6,11,3,2018,36.0,98.06666666666666,51.0,49.0,0.6,53.0,47.0,4.0,50.0,764.625,0.0250000018579997,266732.0,275.9488000488281,60.00343599700928,728.9375
7,11,3,2018,41.0,94.93333333333334,58.0,62.0,0.7,87.0,9.0,3.0,50.0,764.625,0.0250000018579997,266732.0,275.9488000488281,60.00343599700928,728.9375
8,11,3,2018,42.0,91.76666666666668,59.0,63.0,1.0,84.0,15.0,7.0,50.0,764.625,0.0250000018579997,266732.0,275.9488000488281,60.00343599700928,728.9375
9,11,3,2018,55.0,89.1,75.0,73.0,1.4,57.0,49.0,17.0,50.0,763.4375,0.0250000021730009,266388.0,275.9516000366211,60.003047996521,697.625
10,11,3,2018,57.0,86.6,78.0,70.0,1.6,52.0,59.0,17.0,50.0,763.4375,0.0250000021730009,266388.0,275.9516000366211,60.003047996521,697.625
11,11,3,2018,57.0,84.23333333333333,78.0,77.0,1.8,52.0,60.0,17.0,50.0,763.4375,0.0250000021730009,266388.0,275.9516000366211,60.003047996521,697.625
12,11,3,2018,61.0,81.9,83.0,87.0,1.8,50.0,65.0,17.0,50.0,761.875,0.025000002425,266360.0,275.9357000732422,60.00171599578857,685.0
13,11,3,2018,56.0,79.26666666666667,76.0,76.0,1.7,50.0,66.0,17.0,50.0,761.875,0.025000002425,266360.0,275.9357000732422,60.00171599578857,685.0
14,11,3,2018,57.0,76.63333333333334,78.0,79.0,1.7,53.0,64.0,17.0,50.0,761.875,0.025000002425,266360.0,275.9357000732422,60.00171599578857,685.0
15,11,3,2018,64.0,74.13333333333334,86.0,85.0,1.7,52.0,67.0,17.0,50.0,761.5625,0.0250000025140009,266320.0,275.93259979248046,60.00168399810791,685.0
16,11,3,2018,61.0,71.4,83.0,90.0,1.6,53.0,66.0,17.0,50.0,761.5625,0.0250000025140009,266320.0,275.93259979248046,60.00168399810791,685.0
17,11,3,2018,63.0,68.83333333333333,85.0,95.0,1.4,52.0,69.0,17.0,50.0,761.5625,0.0250000025140009,266320.0,275.93259979248046,60.00168399810791,685.0
18,11,3,2018,66.0,66.53333333333333,89.0,97.0,1.5,61.0,59.0,17.0,50.0,759.375,0.0250000029899999,265844.0,275.90989990234374,60.00158799743652,685.0
19,11,3,2018,66.0,64.13333333333334,89.0,115.0,1.6,89.0,27.0,17.0,50.0,759.375,0.0250000029899999,265844.0,275.90989990234374,60.00158799743652,685.0
20,11,3,2018,73.0,61.96666666666667,98.0,119.0,1.7,86.0,26.0,17.0,50.0,759.375,0.0250000029899999,265844.0,275.90989990234374,60.00158799743652,685.0
21,11,3,2018,76.0,59.63333333333333,101.0,122.0,1.8,85.0,21.0,17.0,50.0,756.0625,0.0250000029290001,265556.0,275.8791000366211,60.00197999572754,685.0
22,11,3,2018,82.0,57.766666666666666,109.0,122.0,1.8,76.0,24.0,17.0,50.0,756.0625,0.0250000029290001,265556.0,275.8791000366211,60.00197999572754,685.0
23,11,3,2018,80.0,57.03333333333333,106.0,117.0,1.8,81.0,17.0,17.0,50.0,756.0625,0.0250000029290001,265556.0,275.8791000366211,60.00197999572754,685.0
0,12,3,2018,78.0,56.53333333333333,104.0,108.0,1.8,91.0,7.0,16.0,50.0,748.4375,0.0250000033219996,265484.0,275.8983999633789,60.00185199737549,732.125
1,12,3,2018,78.0,56.266666666666666,104.0,107.0,1.8,83.0,8.0,13.0,50.0,748.4375,0.0250000033219996,265484.0,275.8983999633789,60.00185199737549,732.125
2,12,3,2018,82.0,56.16666666666666,109.0,111.0,1.8,85.0,4.0,12.0,50.0,748.4375,0.0250000033219996,265484.0,275.8983999633789,60.00185199737549,732.125
3,12,3,2018,89.0,56.96666666666667,118.0,118.0,1.8,87.0,6.0,9.0,50.0,755.1875,0.0250000031890012,265128.0,275.955,60.00443999481201,798.0625
4,12,3,2018,93.0,58.5,123.0,102.0,1.4,79.0,11.0,5.0,50.0,755.1875,0.0250000031890012,265128.0,275.955,60.00443999481201,798.0625
5,12,3,2018,83.0,60.06666666666667,110.0,108.0,1.8,74.0,5.0,7.0,50.0,755.1875,0.0250000031890012,265128.0,275.955,60.00443999481201,798.0625
6,12,3,2018,87.0,61.63333333333333,115.0,120.0,1.8,63.0,9.0,6.0,50.0,756.1875,0.0250000034779999,264524.0,275.99079986572264,60.0052439956665,814.1875
7,12,3,2018,86.0,63.4,114.0,133.0,1.8,71.0,4.0,7.0,50.0,756.1875,0.0250000034779999,264524.0,275.99079986572264,60.0052439956665,814.1875
8,12,3,2018,92.0,65.6,121.0,132.0,1.8,67.0,10.0,9.0,50.0,756.1875,0.0250000034779999,264524.0,275.99079986572264,60.0052439956665,814.1875
9,12,3,2018,96.0,67.66666666666667,126.0,130.0,1.8,59.0,23.0,14.0,50.0,758.8125,0.0250000036210008,264340.0,276.00139984130857,60.003591995239255,715.5625
10,12,3,2018,100.0,69.8,131.0,137.0,1.8,64.0,34.0,17.0,50.0,758.8125,0.0250000036210008,264340.0,276.00139984130857,60.003591995239255,715.5625
11,12,3,2018,111.0,72.26666666666667,145.0,136.0,1.6,68.0,49.0,17.0,50.0,758.8125,0.0250000036210008,264340.0,276.00139984130857,60.003591995239255,715.5625
12,12,3,2018,124.0,75.2,163.0,150.0,1.5,52.0,77.0,17.0,50.0,754.1875,0.0250000035939998,264492.0,275.9555999755859,60.00101599121093,685.0
13,12,3,2018,132.0,78.23333333333333,174.0,164.0,1.4,52.0,89.0,17.0,50.0,754.1875,0.0250000035939998,264492.0,275.9555999755859,60.00101599121093,685.0
14,12,3,2018,147.0,81.73333333333333,196.0,172.0,1.3,49.0,104.0,16.0,50.0,754.1875,0.0250000035939998,264492.0,275.9555999755859,60.00101599121093,685.0
15,12,3,2018,155.0,85.06666666666666,205.0,179.0,1.3,43.0,133.0,15.0,50.0,753.1875,0.0250000037639997,264420.0,275.94350006103514,60.00085199737549,685.0
16,12,3,2018,153.0,88.26666666666667,203.0,184.0,1.3,43.0,144.0,15.0,50.0,753.1875,0.0250000037639997,264420.0,275.94350006103514,60.00085199737549,685.0
17,12,3,2018,165.0,92.06666666666666,221.0,198.0,1.3,48.0,136.0,15.0,50.0,753.1875,0.0250000037639997,264420.0,275.94350006103514,60.00085199737549,685.0
18,12,3,2018,165.0,96.03333333333332,224.0,215.0,1.4,56.0,121.0,13.0,50.0,749.75,0.0250000035050008,264328.0,275.9107998657226,60.001667991638186,685.0
19,12,3,2018,165.0,100.96666666666668,224.0,234.9499999999989,1.5,77.0,93.0,11.0,50.0,749.75,0.0250000035050008,264328.0,275.9107998657226,60.001667991638186,685.0
20,12,3,2018,165.0,105.93333333333334,224.0,234.9499999999989,1.7,98.0,60.0,10.0,50.0,749.75,0.0250000035050008,264328.0,275.9107998657226,60.001667991638186,685.0
21,12,3,2018,165.0,111.1,224.0,234.9499999999989,1.8,103.0,11.0,8.0,50.0,749.5,0.025000003537001,264256.0,275.9079998779297,60.00155199432373,685.0
22,12,3,2018,165.0,115.93333333333334,224.0,234.9499999999989,1.8,103.0,7.0,8.0,50.0,749.5,0.025000003537001,264256.0,275.9079998779297,60.00155199432373,685.0
23,12,3,2018,165.0,120.7,224.0,234.9499999999989,1.8,103.0,10.0,6.0,50.0,749.5,0.025000003537001,264256.0,275.9079998779297,60.00155199432373,685.0
0,13,3,2018,165.0,124.63333333333334,224.0,199.0,1.8,78.0,48.0,7.0,50.0,749.4375,0.0250000036980006,264384.0,275.93639984130857,60.00314399719238,738.1875
1,13,3,2018,165.0,128.66666666666666,224.0,194.0,1.8,103.0,24.0,6.0,50.0,749.4375,0.0250000036980006,264384.0,275.93639984130857,60.00314399719238,738.1875
2,13,3,2018,165.0,132.4,224.0,203.0,1.8,103.0,3.0,6.0,50.0,749.4375,0.0250000036980006,264384.0,275.93639984130857,60.00314399719238,738.1875
3,13,3,2018,165.0,136.03333333333333,224.0,220.0,1.7,103.0,2.0,4.0,50.0,755.625,0.0250000038920007,264312.0,276.01009979248045,60.0023159942627,833.875
4,13,3,2018,165.0,139.33333333333334,224.0,212.0,1.5,96.0,14.0,4.0,50.0,755.625,0.0250000038920007,264312.0,276.01009979248045,60.0023159942627,833.875
5,13,3,2018,165.0,142.66666666666666,224.0,200.0,1.6,89.0,26.0,4.0,50.0,755.625,0.0250000038920007,264312.0,276.01009979248045,60.0023159942627,833.875
6,13,3,2018,165.0,144.518333333333,224.0,181.0,1.8,101.0,12.0,4.0,50.0,762.1875,0.0250000039499998,263880.0,276.06389984130857,60.002027992248536,825.3125
7,13,3,2018,165.0,144.518333333333,224.0,183.0,1.8,103.0,5.0,4.0,50.0,762.1875,0.0250000039499998,263880.0,276.06389984130857,60.002027992248536,825.3125
8,13,3,2018,165.0,144.518333333333,224.0,185.0,1.8,103.0,8.0,6.0,50.0,762.1875,0.0250000039499998,263880.0,276.06389984130857,60.002027992248536,825.3125
9,13,3,2018,165.0,144.518333333333,217.0,178.0,1.8,88.0,30.0,11.0,50.0,763.375,0.0250000041760001,263840.0,276.07329986572256,60.00387599182129,719.3125
10,13,3,2018,165.0,144.518333333333,224.0,192.0,1.7,81.0,50.0,16.0,50.0,763.375,0.0250000041760001,263840.0,276.07329986572256,60.00387599182129,719.3125
11,13,3,2018,165.0,144.518333333333,224.0,216.0,1.7,73.0,86.0,17.0,50.0,763.375,0.0250000041760001,263840.0,276.07329986572256,60.00387599182129,719.3125
12,13,3,2018,165.0,144.518333333333,224.0,234.9499999999989,1.7,54.0,144.0,17.0,50.0,756.5625,0.0250000043870005,264108.0,276.00089996337886,60.0017919921875,685.0
13,13,3,2018,165.0,144.518333333333,224.0,234.9499999999989,1.6,49.0,176.0,17.0,50.0,756.5625,0.0250000043870005,264108.0,276.00089996337886,60.0017919921875,685.0
14,13,3,2018,165.0,144.518333333333,224.0,234.9499999999989,1.6,46.0,181.0,17.0,50.0,756.5625,0.0250000043870005,264108.0,276.00089996337886,60.0017919921875,685.0
15,13,3,2018,165.0,144.518333333333,224.0,234.9499999999989,1.7,51.0,181.0,17.0,50.0,754.5,0.025000004350001,264324.0,275.9803997802734,60.00214799499512,685.0
16,13,3,2018,165.0,144.518333333333,224.0,234.9499999999989,1.7,49.0,181.0,16.0,50.0,754.5,0.025000004350001,264324.0,275.9803997802734,60.00214799499512,685.0
17,13,3,2018,165.0,144.518333333333,224.0,234.9499999999989,1.7,49.0,181.0,16.0,50.0,754.5,0.025000004350001,264324.0,275.9803997802734,60.00214799499512,685.0
18,13,3,2018,165.0,144.518333333333,224.0,234.9499999999989,1.7,54.0,181.0,15.0,50.0,754.375,0.0250000043139997,264356.0,275.97949981689453,60.00578799438478,685.0
19,13,3,2018,165.0,144.518333333333,224.0,234.9499999999989,1.8,103.0,136.0,14.0,50.0,754.375,0.0250000043139997,264356.0,275.97949981689453,60.00578799438478,685.0
20,13,3,2018,165.0,144.518333333333,224.0,234.9499999999989,1.8,103.0,53.0,12.0,50.0,754.375,0.0250000043139997,264356.0,275.97949981689453,60.00578799438478,685.0
21,13,3,2018,165.0,144.518333333333,224.0,234.9499999999989,1.8,103.0,20.0,11.0,50.0,754.0,0.025000004873,264428.0,275.96519989013666,60.00367599487305,685.0
22,13,3,2018,165.0,144.518333333333,224.0,234.9499999999989,1.8,103.0,45.0,9.0,50.0,754.0,0.025000004873,264428.0,275.96519989013666,60.00367599487305,685.0
23,13,3,2018,165.0,144.518333333333,224.0,234.9499999999989,1.8,103.0,96.0,10.0,50.0,754.0,0.025000004873,264428.0,275.96519989013666,60.00367599487305,685.0
0,14,3,2018,165.0,144.518333333333,224.0,234.9499999999989,1.8,99.0,107.0,9.0,50.0,761.3125,0.0250000051039997,264500.0,275.9654998779297,60.00494799804687,723.0625
1,14,3,2018,165.0,144.518333333333,224.0,234.9499999999989,1.8,103.0,79.0,8.0,50.0,761.3125,0.0250000051039997,264500.0,275.9654998779297,60.00494799804687,723.0625
2,14,3,2018,165.0,144.518333333333,224.0,234.9499999999989,1.8,103.0,35.0,7.0,50.0,761.3125,0.0250000051039997,264500.0,275.9654998779297,60.00494799804687,723.0625
3,14,3,2018,165.0,144.518333333333,224.0,234.9499999999989,1.8,103.0,45.0,10.0,50.0,764.5625,0.0250000052780006,264320.0,276.00169982910154,60.004983993530274,783.3125
4,14,3,2018,165.0,144.518333333333,224.0,234.9499999999989,1.8,103.0,42.0,10.0,50.0,764.5625,0.0250000052780006,264320.0,276.00169982910154,60.004983993530274,783.3125
5,14,3,2018,165.0,144.518333333333,224.0,234.9499999999989,1.8,103.0,21.0,8.0,50.0,764.5625,0.0250000052780006,264320.0,276.00169982910154,60.004983993530274,783.3125
6,14,3,2018,165.0,144.518333333333,224.0,234.9499999999989,1.8,99.0,25.0,5.0,50.0,768.9375,0.0250000057960003,263852.0,276.0314999389648,60.00841199493408,777.875
7,14,3,2018,165.0,144.518333333333,224.0,234.9499999999989,1.8,78.0,25.0,5.0,50.0,768.9375,0.0250000057960003,263852.0,276.0314999389648,60.00841199493408,777.875
8,14,3,2018,165.0,144.518333333333,224.0,234.9499999999989,1.8,72.0,26.0,6.0,50.0,768.9375,0.0250000057960003,263852.0,276.0314999389648,60.00841199493408,777.875
9,14,3,2018,165.0,144.518333333333,224.0,229.66666666666669,1.8,71.0,30.0,10.0,50.0,768.4375,0.0250000057769995,263756.0,276.02399993896483,60.003643997192384,696.5625
10,14,3,2018,165.0,144.518333333333,224.0,223.3333333333333,1.8,71.0,36.0,16.0,50.0,768.4375,0.0250000057769995,263756.0,276.02399993896483,60.003643997192384,696.5625
11,14,3,2018,165.0,144.518333333333,219.0,217.0,1.8,70.0,50.0,17.0,50.0,768.4375,0.0250000057769995,263756.0,276.02399993896483,60.003643997192384,696.5625
12,14,3,2018,165.0,144.518333333333,224.0,210.66666666666669,1.8,64.0,76.0,17.0,50.0,766.375,0.0250000059450008,264036.0,276.0042999267577,60.003527992248536,685.0
13,14,3,2018,148.0,144.518333333333,197.0,204.3333333333333,1.8,57.0,88.0,17.0,50.0,766.375,0.0250000059450008,264036.0,276.0042999267577,60.003527992248536,685.0
14,14,3,2018,152.0,144.518333333333,202.0,198.0,1.8,60.0,97.0,17.0,50.0,766.375,0.0250000059450008,264036.0,276.0042999267577,60.003527992248536,685.0
15,14,3,2018,158.0,144.518333333333,208.0,191.66666666666669,1.8,57.0,108.0,17.0,50.0,766.875,0.0250000060170013,264372.0,276.00759979248045,60.00351999664306,685.0
16,14,3,2018,159.0,144.518333333333,209.0,185.3333333333333,1.8,55.0,110.0,17.0,50.0,766.875,0.0250000060170013,264372.0,276.00759979248045,60.00351999664306,685.0
17,14,3,2018,159.0,144.518333333333,209.0,179.0,1.8,62.0,95.0,17.0,50.0,766.875,0.0250000060170013,264372.0,276.00759979248045,60.00351999664306,685.0
18,14,3,2018,152.0,144.518333333333,202.0,172.66666666666669,1.8,74.0,72.0,16.0,50.0,765.0,0.0250000033570006,265124.0,276.01559997558587,60.00911199188232,685.0
19,14,3,2018,150.0,144.518333333333,200.0,166.33333333333334,1.8,99.0,38.0,13.0,50.0,765.0,0.0250000033570006,265124.0,276.01559997558587,60.00911199188232,685.0
20,14,3,2018,159.0,144.518333333333,209.0,160.0,1.8,103.0,17.0,11.0,50.0,765.0,0.0250000033570006,265124.0,276.01559997558587,60.00911199188232,685.0
21,14,3,2018,165.0,144.518333333333,223.0,193.0,1.8,103.0,14.0,11.0,50.0,760.6875,0.025000002572,266340.0,275.9835000610352,60.00783599090576,685.0
22,14,3,2018,165.0,144.518333333333,224.0,220.0,1.8,93.0,31.0,12.0,50.0,760.6875,0.025000002572,266340.0,275.9835000610352,60.00783599090576,685.0
23,14,3,2018,165.0,144.518333333333,224.0,224.0,1.8,72.0,50.0,12.0,50.0,760.6875,0.025000002572,266340.0,275.9835000610352,60.00783599090576,685.0
0,15,3,2018,165.0,144.518333333333,224.0,221.0,1.8,61.0,58.0,11.0,50.0,750.3125,0.025000001836,267332.0,275.9619998168945,60.007031997680656,734.6875
1,15,3,2018,165.0,144.518333333333,222.0,234.9499999999989,1.7,53.0,57.0,15.0,50.0,750.3125,0.025000001836,267332.0,275.9619998168945,60.007031997680656,734.6875
2,15,3,2018,56.0,144.518333333333,224.0,234.9499999999989,0.5,26.0,59.0,9.0,50.0,750.3125,0.025000001836,267332.0,275.9619998168945,60.007031997680656,734.6875
3,15,3,2018,38.0,144.518333333333,224.0,234.9499999999989,0.4,20.0,68.0,7.0,50.0,754.9375,0.0250000010320004,267756.0,275.97619995117185,60.00911199188232,803.25
4,15,3,2018,25.0,144.518333333333,141.0,232.0,0.3,17.0,70.5,4.0,50.0,754.9375,0.0250000010320004,267756.0,275.97619995117185,60.00911199188232,803.25
5,15,3,2018,17.0,144.518333333333,89.0,128.0,0.3,17.0,73.0,3.0,50.0,754.9375,0.0250000010320004,267756.0,275.97619995117185,60.00911199188232,803.25
6,15,3,2018,7.0,144.518333333333,70.0,89.0,0.2,14.0,84.0,2.0,50.0,746.5,0.0250000012379996,267668.0,275.99100006103515,60.00911199188232,856.6124999999997
7,15,3,2018,7.0,144.518333333333,66.0,81.0,0.3,17.0,82.0,2.0,50.0,746.5,0.0250000012379996,267668.0,275.99100006103515,60.00911199188232,856.6124999999997
8,15,3,2018,4.0,144.518333333333,64.0,78.0,0.3,18.0,82.0,2.0,50.0,746.5,0.0250000012379996,267668.0,275.99100006103515,60.00911199188232,856.6124999999997
9,15,3,2018,9.0,144.23333333333332,74.0,97.0,0.3,17.0,86.0,2.0,50.0,752.75,0.0250000013490002,267880.0,275.9985998535156,60.0090359954834,728.875
10,15,3,2018,11.0,135.13333333333333,61.0,72.0,0.3,18.0,87.0,2.0,50.0,752.75,0.0250000013490002,267880.0,275.9985998535156,60.0090359954834,728.875
11,15,3,2018,12.0,125.83333333333331,77.0,103.0,0.2,14.0,94.0,2.0,50.0,752.75,0.0250000013490002,267880.0,275.9985998535156,60.0090359954834,728.875
12,15,3,2018,18.0,117.3,80.0,110.0,0.2,13.0,92.0,4.0,50.0,749.6875,0.0250000017670001,268268.0,275.95669982910147,60.004815994262685,685.0
13,15,3,2018,13.0,110.06666666666666,63.0,75.0,0.2,11.0,99.0,7.0,50.0,749.6875,0.0250000017670001,268268.0,275.95669982910147,60.004815994262685,685.0
14,15,3,2018,5.0,104.0,32.0,26.0,0.2,9.0,103.0,7.0,50.0,749.6875,0.0250000017670001,268268.0,275.95669982910147,60.004815994262685,685.0
15,15,3,2018,5.0,98.33333333333331,33.0,28.0,0.2,9.0,104.0,7.0,50.0,750.625,0.0250000025949999,268300.0,275.9516000366211,60.005187995910646,685.0
16,15,3,2018,11.0,92.7,33.0,20.0,0.2,9.0,105.0,7.0,50.0,750.625,0.0250000025949999,268300.0,275.9516000366211,60.005187995910646,685.0
17,15,3,2018,8.0,87.33333333333333,33.0,14.0,0.2,11.0,104.0,8.0,50.0,750.625,0.0250000025949999,268300.0,275.9516000366211,60.005187995910646,685.0
18,15,3,2018,3.0,81.6,31.0,19.0,0.2,15.0,98.0,8.0,50.0,744.6875,0.0250000021620001,268556.0,275.89279998779296,60.00359599304199,685.0
19,15,3,2018,5.0,76.83333333333333,27.0,24.0,0.3,22.0,86.0,8.0,50.0,744.6875,0.0250000021620001,268556.0,275.89279998779296,60.00359599304199,685.0
20,15,3,2018,3.0,71.86666666666666,94.0,138.0,0.4,23.0,81.0,9.0,50.0,744.6875,0.0250000021620001,268556.0,275.89279998779296,60.00359599304199,685.0
21,15,3,2018,28.0,67.53333333333333,108.0,165.0,0.8,32.0,61.0,11.0,50.0,743.5625,0.025000002053,268556.0,275.88190002441405,60.00357599639893,685.0
22,15,3,2018,27.0,63.13333333333333,102.0,153.0,0.7,28.0,61.0,12.0,50.0,743.5625,0.025000002053,268556.0,275.88190002441405,60.00357599639893,685.0
23,15,3,2018,27.0,58.73333333333333,92.0,133.0,0.6,30.0,57.0,11.0,50.0,743.5625,0.025000002053,268556.0,275.88190002441405,60.00357599639893,685.0
0,16,3,2018,28.0,54.6,84.0,118.0,0.7,31.0,50.0,11.0,50.0,742.375,0.0250000024340003,268556.0,275.8910998535156,60.003887992858886,743.6875
1,16,3,2018,21.0,50.3,60.0,69.0,0.5,21.0,64.0,9.0,50.0,742.375,0.0250000024340003,268556.0,275.8910998535156,60.003887992858886,743.6875
2,16,3,2018,15.0,45.5,54.0,58.0,0.4,19.0,70.0,9.0,50.0,742.375,0.0250000024340003,268556.0,275.8910998535156,60.003887992858886,743.6875
3,16,3,2018,17.0,40.3,53.0,55.0,0.4,22.0,65.0,9.0,50.0,744.625,0.0250000021010004,268556.0,275.9408999633789,60.00715999603271,854.75
4,16,3,2018,19.0,34.36666666666667,52.0,54.0,0.4,31.0,54.0,9.0,50.0,744.625,0.0250000021010004,268556.0,275.9408999633789,60.00715999603271,854.75
5,16,3,2018,24.0,28.03333333333333,58.0,66.0,0.5,40.0,39.0,10.0,50.0,744.625,0.0250000021010004,268556.0,275.9408999633789,60.00715999603271,854.75
6,16,3,2018,25.0,22.0,59.0,68.0,0.6,39.0,40.0,12.0,50.0,747.75,0.0250000019850004,268300.0,275.96690002441403,60.00742399597168,845.0
7,16,3,2018,22.0,17.0,57.0,64.0,0.6,35.0,47.0,13.0,50.0,747.75,0.0250000019850004,268300.0,275.96690002441403,60.00742399597168,845.0
8,16,3,2018,30.0,16.133333333333333,63.0,76.0,0.7,41.0,44.0,16.0,50.0,747.75,0.0250000019850004,268300.0,275.96690002441403,60.00742399597168,845.0
9,16,3,2018,29.0,15.833333333333334,64.0,77.0,0.6,32.0,59.0,17.0,50.0,748.0625,0.0250000020819995,267960.0,275.96419982910146,60.005611991882326,719.9375
10,16,3,2018,24.0,15.8,52.0,54.0,0.5,19.0,82.0,17.0,50.0,748.0625,0.0250000020819995,267960.0,275.96419982910146,60.005611991882326,719.9375
11,16,3,2018,27.0,16.133333333333333,46.0,46.0,0.5,17.0,89.0,17.0,50.0,748.0625,0.0250000020819995,267960.0,275.96419982910146,60.005611991882326,719.9375
12,16,3,2018,27.0,16.8,56.0,61.0,0.5,17.0,93.0,17.0,50.0,746.25,0.0250000021090004,267924.0,275.94350006103514,60.00527599334717,685.0
13,16,3,2018,28.0,17.5,60.0,69.0,0.5,17.0,98.0,17.0,50.0,746.25,0.0250000021090004,267924.0,275.94350006103514,60.00527599334717,685.0
14,16,3,2018,34.0,18.5,62.0,73.0,0.5,17.0,104.0,16.0,50.0,746.25,0.0250000021090004,267924.0,275.94350006103514,60.00527599334717,685.0
15,16,3,2018,31.0,19.23333333333333,61.0,71.0,0.5,16.0,109.0,15.0,50.0,743.5,0.0250000017390009,267980.0,275.919700012207,60.00631999206543,685.0
16,16,3,2018,35.0,20.03333333333333,65.0,80.0,0.4,17.0,110.0,17.0,50.0,743.5,0.0250000017390009,267980.0,275.919700012207,60.00631999206543,685.0
17,16,3,2018,36.0,20.83333333333333,70.0,90.0,0.5,20.0,109.0,17.0,50.0,743.5,0.0250000017390009,267980.0,275.919700012207,60.00631999206543,685.0
18,16,3,2018,37.0,21.466666666666665,74.0,97.0,0.5,22.0,104.0,16.0,50.000056257247934,742.3125,0.0250000017610006,267728.0,275.9047998046874,60.00123599243164,685.0
19,16,3,2018,41.0,22.4,73.0,95.0,0.5,28.0,92.0,16.0,50.000056257247934,742.3125,0.0250000017610006,267728.0,275.9047998046874,60.00123599243164,685.0
20,16,3,2018,44.0,23.7,76.0,101.0,0.5,32.0,83.0,15.0,50.000056257247934,742.3125,0.0250000017610006,267728.0,275.9047998046874,60.00123599243164,685.0
21,16,3,2018,46.0,25.066666666666663,77.0,103.0,0.6,34.0,76.0,14.0,50.0,743.0,0.025000002053,267512.0,275.907200012207,60.00104399108887,685.0
22,16,3,2018,58.0,26.633333333333333,83.0,115.0,0.6,43.0,65.0,13.0,50.0,743.0,0.025000002053,267512.0,275.907200012207,60.00104399108887,685.0
23,16,3,2018,56.0,28.23333333333333,76.0,101.0,0.7,46.0,53.0,14.0,50.0,743.0,0.025000002053,267512.0,275.907200012207,60.00104399108887,685.0
0,17,3,2018,37.0,29.366666666666667,61.0,71.0,0.6,38.0,50.0,13.0,50.0,758.6875,0.0250000032010004,267536.0,275.89209991455084,60.00171599578857,700.5625
1,17,3,2018,30.0,30.2,49.0,49.0,0.5,30.0,56.0,11.0,50.0,758.6875,0.0250000032010004,267536.0,275.89209991455084,60.00171599578857,700.5625
2,17,3,2018,27.0,31.0,51.0,51.0,0.5,33.0,47.0,4.0,50.0,758.6875,0.0250000032010004,267536.0,275.89209991455084,60.00171599578857,700.5625
3,17,3,2018,32.0,31.133333333333333,49.0,49.0,0.4,34.0,42.0,4.0,50.00041218996048,756.8125,0.0250000034710001,267468.0,275.88209991455074,60.00121199798584,734.9375
4,17,3,2018,28.0,31.166666666666668,47.0,47.0,0.4,35.0,37.5,3.0,50.00041218996048,756.8125,0.0250000034710001,267468.0,275.88209991455074,60.00121199798584,734.9375
5,17,3,2018,27.0,31.166666666666668,51.0,51.0,0.4,40.0,33.0,3.0,50.00041218996048,756.8125,0.0250000034710001,267468.0,275.88209991455074,60.00121199798584,734.9375
6,17,3,2018,35.0,31.4,53.0,56.0,0.5,50.0,24.0,4.0,50.00041218996048,759.125,0.0250000036009997,267348.0,275.8904000854492,60.00191199493408,725.4375
7,17,3,2018,35.0,31.866666666666667,60.0,69.0,0.5,59.0,15.0,3.0,50.00041218996048,759.125,0.0250000036009997,267348.0,275.8904000854492,60.00191199493408,725.4375
8,17,3,2018,41.0,32.733333333333334,73.0,96.0,0.5,56.0,20.0,2.0,50.00041218996048,759.125,0.0250000036009997,267348.0,275.8904000854492,60.00191199493408,725.4375
9,17,3,2018,42.0,33.56666666666667,70.0,90.0,0.6,54.0,24.0,2.0,50.000250005722044,759.25,0.0250000037350002,267232.0,275.8957000732421,60.00129599761963,695.4375
10,17,3,2018,49.0,34.56666666666667,70.0,89.0,0.7,51.0,26.0,2.0,50.000250005722044,759.25,0.0250000037350002,267232.0,275.8957000732421,60.00129599761963,695.4375
11,17,3,2018,55.0,35.6,75.0,65.0,0.6,51.0,23.0,2.0,50.000250005722044,759.25,0.0250000037350002,267232.0,275.8957000732421,60.00129599761963,695.4375
12,17,3,2018,59.0,36.73333333333333,80.0,60.0,0.6,50.0,23.0,2.0,50.00005000114441,759.625,0.0250000037060007,267388.0,275.8988998413085,60.00296399688721,685.0
13,17,3,2018,66.0,38.2,89.0,61.88888888888889,0.7,57.0,17.0,2.0,50.00005000114441,759.625,0.0250000037060007,267388.0,275.8988998413085,60.00296399688721,685.0
14,17,3,2018,71.0,39.56666666666667,95.0,63.77777777777778,0.8,67.0,8.0,2.0,50.00005000114441,759.625,0.0250000037060007,267388.0,275.8988998413085,60.00296399688721,685.0
15,17,3,2018,69.0,40.9,93.0,65.66666666666667,1.0,76.0,4.0,2.0,50.00015000343323,759.5,0.0250000038600005,267416.0,275.89690002441404,60.0017439956665,685.0
16,17,3,2018,67.0,42.333333333333336,90.0,67.55555555555556,1.1,80.0,3.0,2.0,50.00015000343323,759.5,0.0250000038600005,267416.0,275.89690002441404,60.0017439956665,685.0
17,17,3,2018,70.0,43.766666666666666,94.0,69.44444444444444,0.9,76.0,3.0,2.0,50.00015000343323,759.5,0.0250000038600005,267416.0,275.89690002441404,60.0017439956665,685.0
18,17,3,2018,70.0,45.2,94.0,71.33333333333333,0.9,79.0,2.0,2.0,50.00009375572205,759.4375,0.0250000039380006,267236.0,275.8958999633789,60.00160799407959,685.0
19,17,3,2018,70.0,46.6,94.0,73.22222222222223,0.8,79.0,2.0,2.0,50.00009375572205,759.4375,0.0250000039380006,267236.0,275.8958999633789,60.00160799407959,685.0
20,17,3,2018,72.0,47.86666666666667,96.0,75.1111111111111,0.8,77.0,2.0,2.0,50.00009375572205,759.4375,0.0250000039380006,267236.0,275.8958999633789,60.00160799407959,685.0
21,17,3,2018,76.0,49.36666666666667,101.0,77.0,1.1,80.0,2.0,2.0,50.0,759.375,0.0250000038300007,267136.0,275.8960998535156,60.00173599243164,685.0
22,17,3,2018,71.0,50.56666666666667,95.0,79.5925925925926,1.0,79.0,2.0,2.0,50.0,759.375,0.0250000038300007,267136.0,275.8960998535156,60.00173599243164,685.0
23,17,3,2018,70.0,51.7,94.0,82.18518518518519,1.0,78.0,2.0,2.0,50.0,759.375,0.0250000038300007,267136.0,275.8960998535156,60.00173599243164,685.0
0,18,3,2018,71.0,52.833333333333336,95.0,84.77777777777777,0.9,75.0,2.0,2.0,50.0,748.5,0.0250000039429999,267212.0,275.90259979248043,60.00172399139405,740.625
1,18,3,2018,90.0,54.46666666666667,119.0,87.37037037037037,0.7,65.0,3.0,2.0,50.0,748.5,0.0250000039429999,267212.0,275.90259979248043,60.00172399139405,740.625
2,18,3,2018,79.0,55.63333333333333,105.0,89.96296296296295,0.7,69.0,2.0,2.0,50.0,748.5,0.0250000039429999,267212.0,275.90259979248043,60.00172399139405,740.625
3,18,3,2018,71.0,56.46666666666667,95.0,92.55555555555556,0.9,74.0,2.0,2.0,50.0,753.4375,0.025000003858,267244.0,275.93970001220697,60.00503999328613,807.5625
4,18,3,2018,74.0,57.0,99.0,95.14814814814817,0.9,78.0,2.0,2.0,50.0,753.4375,0.025000003858,267244.0,275.93970001220697,60.00503999328613,807.5625
5,18,3,2018,79.0,57.766666666666666,105.0,97.74074074074072,1.0,79.0,2.0,2.0,50.0,753.4375,0.025000003858,267244.0,275.93970001220697,60.00503999328613,807.5625
6,18,3,2018,78.0,59.13333333333333,104.0,100.33333333333331,1.0,77.0,2.0,2.0,50.0,755.875,0.0250000036319997,266820.0,275.9827999877929,60.00197999572754,817.375
7,18,3,2018,80.0,60.8,106.0,102.92592592592592,1.1,75.0,2.0,2.0,50.0,755.875,0.0250000036319997,266820.0,275.9827999877929,60.00197999572754,817.375
8,18,3,2018,85.0,62.73333333333333,113.0,105.51851851851852,1.1,75.0,4.0,2.0,50.0,755.875,0.0250000036319997,266820.0,275.9827999877929,60.00197999572754,817.375
9,18,3,2018,92.0,64.73333333333333,121.0,108.11111111111111,1.0,67.0,13.0,2.0,50.0,757.125,0.0250000035239998,266684.0,275.9975,60.00564799499512,729.0625
10,18,3,2018,97.0,67.03333333333333,128.0,110.70370370370372,0.9,51.0,35.0,2.0,50.0,757.125,0.0250000035239998,266684.0,275.9975,60.00564799499512,729.0625
11,18,3,2018,101.0,69.5,133.0,113.29629629629628,0.8,45.0,53.0,3.0,50.0,757.125,0.0250000035239998,266684.0,275.9975,60.00564799499512,729.0625
12,18,3,2018,100.0,71.66666666666667,131.0,115.88888888888889,0.8,45.0,64.0,4.0,50.0,755.0625,0.0250000045880004,266948.0,275.96119995117186,60.00507599639893,685.0
13,18,3,2018,108.0,74.1,141.0,118.48148148148148,0.8,49.0,73.0,5.0,50.0,755.0625,0.0250000045880004,266948.0,275.96119995117186,60.00507599639893,685.0
14,18,3,2018,111.0,76.43333333333334,145.0,121.07407407407408,0.9,52.0,82.0,5.0,50.0,755.0625,0.0250000045880004,266948.0,275.96119995117186,60.00507599639893,685.0
15,18,3,2018,116.0,78.9,151.0,123.66666666666666,0.9,53.0,84.0,5.0,50.0,751.4375,0.0250000043299999,267172.0,275.92790008544915,60.001803993225096,685.0
16,18,3,2018,115.0,81.1,150.0,126.25925925925928,0.8,55.0,89.0,6.0,50.0,751.4375,0.0250000043299999,267172.0,275.92790008544915,60.001803993225096,685.0
17,18,3,2018,107.0,82.83333333333333,140.0,128.85185185185185,0.8,55.0,94.0,5.0,50.0,751.4375,0.0250000043299999,267172.0,275.92790008544915,60.001803993225096,685.0
18,18,3,2018,118.0,84.8,154.0,131.44444444444446,0.9,63.0,86.0,3.0,50.0,748.75,0.0250000039290003,267164.0,275.9055999755859,60.002063995361326,685.0
19,18,3,2018,116.0,86.46666666666667,151.0,134.03703703703704,0.9,70.0,73.0,2.0,50.0,748.75,0.0250000039290003,267164.0,275.9055999755859,60.002063995361326,685.0
20,18,3,2018,122.0,88.16666666666667,160.0,136.62962962962962,1.0,57.0,41.0,2.0,50.0,748.75,0.0250000039290003,267164.0,275.9055999755859,60.002063995361326,685.0
21,18,3,2018,128.0,90.13333333333334,169.0,139.22222222222223,1.1,59.0,28.0,2.0,50.0,749.0625,0.0250000040710009,267276.0,275.9060998535156,60.000103996276856,685.0
22,18,3,2018,135.0,92.4,179.0,141.8148148148148,1.1,66.0,12.0,2.0,50.0,749.0625,0.0250000040710009,267276.0,275.9060998535156,60.000103996276856,685.0
23,18,3,2018,142.0,94.8,189.0,144.4074074074074,1.2,68.0,6.0,2.0,50.0,749.0625,0.0250000040710009,267276.0,275.9060998535156,60.000103996276856,685.0
0,19,3,2018,146.0,97.33333333333331,194.0,147.0,1.3,74.0,2.0,2.0,50.0,751.6875,0.0250000048920009,267688.0,275.94100006103514,60.000103996276856,728.125
1,19,3,2018,153.0,100.1,203.0,181.0,1.2,74.0,2.0,2.0,50.0,751.6875,0.0250000048920009,267688.0,275.94100006103514,60.000103996276856,728.125
2,19,3,2018,147.0,102.6,196.0,187.0,1.3,73.0,2.0,3.0,50.0,751.6875,0.0250000048920009,267688.0,275.94100006103514,60.000103996276856,728.125
3,19,3,2018,140.0,104.73333333333332,186.0,169.0,1.4,73.0,2.0,2.0,50.0,755.5,0.0250000033190008,267792.0,276.00389984130857,60.00479599761963,836.8125
4,19,3,2018,126.0,106.56666666666666,166.0,156.25,1.2,68.0,2.0,2.0,50.0,755.5,0.0250000033190008,267792.0,276.00389984130857,60.00479599761963,836.8125
5,19,3,2018,121.0,108.26666666666668,159.0,143.5,1.2,64.0,2.0,2.0,50.0,755.5,0.0250000033190008,267792.0,276.00389984130857,60.00479599761963,836.8125
6,19,3,2018,121.0,109.93333333333334,159.0,130.75,1.3,72.0,3.0,2.0,50.0,753.6875,0.0250000028750002,267400.0,276.02419982910146,60.00513199615479,852.875
7,19,3,2018,117.0,110.83333333333331,153.0,118.0,1.2,72.0,3.0,2.0,50.0,753.6875,0.0250000028750002,267400.0,276.02419982910146,60.00513199615479,852.875
8,19,3,2018,103.0,111.63333333333334,69.0,88.0,1.3,68.0,7.0,3.0,50.0,753.6875,0.0250000028750002,267400.0,276.02419982910146,60.00513199615479,852.875
9,19,3,2018,89.0,112.23333333333332,37.0,6.0,1.2,74.0,21.0,5.0,50.0,755.1875,0.0250000023689996,267452.0,276.0207000732421,60.00621199798584,727.375
10,19,3,2018,75.0,112.26666666666668,100.0,85.0,0.8,57.0,52.0,8.0,50.0,755.1875,0.0250000023689996,267452.0,276.0207000732421,60.00621199798584,727.375
11,19,3,2018,70.0,111.96666666666668,94.0,79.0,0.7,46.0,71.0,11.0,50.0,755.1875,0.0250000023689996,267452.0,276.0207000732421,60.00621199798584,727.375
12,19,3,2018,48.0,110.96666666666668,66.0,73.0,0.5,28.0,85.0,10.0,50.0,753.0625,0.0250000026810001,267608.0,275.9922998046875,60.00285199737549,685.0
13,19,3,2018,29.0,109.26666666666668,41.0,67.0,0.4,26.0,90.0,8.0,50.0,753.0625,0.0250000026810001,267608.0,275.9922998046875,60.00285199737549,685.0
14,19,3,2018,40.0,107.76666666666668,56.0,61.0,0.4,28.0,97.0,7.0,50.0,753.0625,0.0250000026810001,267608.0,275.9922998046875,60.00285199737549,685.0
15,19,3,2018,43.0,106.13333333333334,60.0,55.0,0.6,31.0,110.0,7.0,50.0,751.1875,0.0250000029460005,267748.0,275.9679998779297,60.00535599517822,685.0
16,19,3,2018,57.0,104.8,78.0,47.33333333333334,0.5,27.0,120.0,6.0,50.0,751.1875,0.0250000029460005,267748.0,275.9679998779297,60.00535599517822,685.0
17,19,3,2018,34.0,102.56666666666666,49.0,39.66666666666666,0.3,18.0,122.0,3.0,50.0,751.1875,0.0250000029460005,267748.0,275.9679998779297,60.00535599517822,685.0
18,19,3,2018,20.0,99.9,37.0,32.0,0.3,19.0,117.0,2.0,50.0,748.25,0.0250000030800011,268292.0,275.9341000366211,60.00389999389648,685.0
19,19,3,2018,26.0,97.16666666666669,55.0,59.0,0.4,29.0,104.0,2.0,50.0,748.25,0.0250000030800011,268292.0,275.9341000366211,60.00389999389648,685.0
20,19,3,2018,28.0,94.4,56.0,61.0,0.5,53.0,78.0,3.0,50.0,748.25,0.0250000030800011,268292.0,275.9341000366211,60.00389999389648,685.0
21,19,3,2018,29.0,91.5,59.0,68.0,0.5,55.0,69.0,3.0,50.0,744.1875,0.0250000017870012,268412.0,275.912200012207,60.00268399810791,685.0
22,19,3,2018,27.0,88.56666666666666,58.0,66.0,0.6,72.0,49.0,3.0,50.0,744.1875,0.0250000017870012,268412.0,275.912200012207,60.00268399810791,685.0
23,19,3,2018,51.0,86.7,82.0,113.0,0.8,69.0,44.0,4.0,50.0,744.1875,0.0250000017870012,268412.0,275.912200012207,60.00268399810791,685.0
0,20,3,2018,59.0,84.73333333333333,85.0,119.0,0.9,36.0,67.0,5.0,50.0,745.875,0.025000001670001,268556.0,275.9411999511718,60.00423599243164,747.9375
1,20,3,2018,42.0,82.26666666666667,74.0,98.0,0.7,37.0,61.0,4.0,50.0,745.875,0.025000001670001,268556.0,275.9411999511718,60.00423599243164,747.9375
2,20,3,2018,46.0,79.73333333333333,69.0,88.0,0.6,40.0,51.0,3.0,50.0,745.875,0.025000001670001,268556.0,275.9411999511718,60.00423599243164,747.9375
3,20,3,2018,37.0,76.7,58.0,66.0,0.6,38.0,56.0,4.0,50.0,748.875,0.0250000020359996,268444.0,275.9672998046874,60.00501599121094,847.9375
4,20,3,2018,40.0,73.53333333333333,63.0,75.0,0.6,61.0,32.0,3.0,50.0,748.875,0.0250000020359996,268444.0,275.9672998046874,60.00501599121094,847.9375
5,20,3,2018,39.0,70.1,66.0,82.0,0.6,91.0,3.0,3.0,50.0,748.875,0.0250000020359996,268444.0,275.9672998046874,60.00501599121094,847.9375
6,20,3,2018,46.0,66.76666666666667,81.0,112.0,0.7,83.0,3.0,2.0,50.0,751.75,0.0250000026009995,267964.0,275.98509979248047,60.00490799713135,840.125
7,20,3,2018,52.0,63.4,91.0,131.0,1.0,86.0,3.0,3.0,50.0,751.75,0.0250000026009995,267964.0,275.98509979248047,60.00490799713135,840.125
8,20,3,2018,64.0,60.63333333333333,86.0,116.0,1.0,77.0,11.0,3.0,50.0,751.75,0.0250000026009995,267964.0,275.98509979248047,60.00490799713135,840.125
9,20,3,2018,23.0,56.73333333333333,37.0,37.0,0.6,60.0,37.0,5.0,50.0,748.75,0.0250000013490002,267748.0,275.9814999389648,60.00449199676514,735.25
10,20,3,2018,21.0,53.23333333333333,30.0,26.0,0.3,27.0,85.0,2.0,50.0,748.75,0.0250000013490002,267748.0,275.9814999389648,60.00449199676514,735.25
11,20,3,2018,9.0,49.5,27.0,15.0,0.3,27.0,86.0,3.0,50.0,748.75,0.0250000013490002,267748.0,275.9814999389648,60.00449199676514,735.25
12,20,3,2018,15.0,45.96666666666667,28.0,20.0,0.4,27.0,89.0,3.0,50.0,746.0625,0.0250000011570006,267788.0,275.95669982910147,60.00378799438477,685.0
13,20,3,2018,10.0,42.4,29.0,18.0,0.3,26.0,93.0,3.0,50.0,746.0625,0.0250000011570006,267788.0,275.95669982910147,60.00378799438477,685.0
14,20,3,2018,16.0,39.5,29.0,17.0,0.3,25.0,94.0,3.0,50.0,746.0625,0.0250000011570006,267788.0,275.95669982910147,60.00378799438477,685.0
15,20,3,2018,18.0,37.13333333333333,28.0,27.0,0.4,28.0,91.0,3.0,50.0,744.3125,0.0250000013190005,267792.0,275.93169982910155,60.00501999664306,685.0
16,20,3,2018,21.0,35.333333333333336,39.0,39.0,0.4,33.0,85.0,2.0,50.0,744.3125,0.0250000013190005,267792.0,275.93169982910155,60.00501999664306,685.0
17,20,3,2018,20.0,33.666666666666664,37.0,37.0,0.4,29.0,90.0,2.0,50.0,744.3125,0.0250000013190005,267792.0,275.93169982910155,60.00501999664306,685.0
18,20,3,2018,14.0,32.53333333333333,35.0,35.0,0.3,26.0,94.0,2.0,50.0,742.3125,0.0250000018780008,267760.0,275.89459991455084,60.00317599487305,685.0
19,20,3,2018,15.0,32.06666666666667,40.0,40.0,0.3,29.0,89.0,2.0,50.0,742.3125,0.0250000018780008,267760.0,275.89459991455084,60.00317599487305,685.0
20,20,3,2018,23.0,31.5,55.0,60.0,0.4,39.0,73.0,2.0,50.0,742.3125,0.0250000018780008,267760.0,275.89459991455084,60.00317599487305,685.0
21,20,3,2018,26.0,30.933333333333334,55.0,59.0,0.4,41.0,64.0,2.0,50.0,740.9375,0.0250000019470006,267488.0,275.8769000244141,60.001427993774406,685.0
22,20,3,2018,29.0,30.0,63.0,76.0,0.5,55.0,47.0,3.0,50.0,740.9375,0.0250000019470006,267488.0,275.8769000244141,60.001427993774406,685.0
23,20,3,2018,40.0,30.2,71.0,91.0,0.6,67.0,31.0,4.0,50.0,740.9375,0.0250000019470006,267488.0,275.8769000244141,60.001427993774406,685.0
0,21,3,2018,44.0,31.0,72.0,94.0,0.7,71.0,23.0,5.0,50.0,746.6875,0.0250000019930005,267352.0,275.90369995117186,60.00335599517823,744.75
1,21,3,2018,49.0,31.766666666666666,78.0,106.0,0.8,77.0,10.0,5.0,50.0,746.6875,0.0250000019930005,267352.0,275.90369995117186,60.00335599517823,744.75
2,21,3,2018,53.0,32.6,81.0,112.0,0.9,81.0,3.0,5.0,50.0,746.6875,0.0250000019930005,267352.0,275.90369995117186,60.00335599517823,744.75
3,21,3,2018,57.0,33.53333333333333,80.0,110.0,0.9,71.0,4.0,3.0,50.0,753.625,0.0250000014910008,267072.0,275.9513000488281,60.00741199493408,804.6875
4,21,3,2018,56.0,34.5,76.0,95.0,0.9,67.0,4.0,4.0,50.0,753.625,0.0250000014910008,267072.0,275.9513000488281,60.00741199493408,804.6875
5,21,3,2018,55.0,34.63333333333333,76.0,101.0,0.9,67.0,4.0,4.0,50.0,753.625,0.0250000014910008,267072.0,275.9513000488281,60.00741199493408,804.6875
6,21,3,2018,51.0,34.36666666666667,71.0,91.0,0.9,66.0,7.0,4.0,50.0,750.625,0.0250000015980005,266456.0,275.98829986572264,60.00911199188232,841.875
7,21,3,2018,54.0,34.766666666666666,74.0,93.0,0.9,71.0,4.0,4.0,50.0,750.625,0.0250000015980005,266456.0,275.98829986572264,60.00911199188232,841.875
8,21,3,2018,54.0,35.03333333333333,75.0,100.0,1.0,67.0,10.0,5.0,50.0,750.625,0.0250000015980005,266456.0,275.98829986572264,60.00911199188232,841.875
9,21,3,2018,58.0,35.733333333333334,80.0,110.0,1.0,70.0,12.0,8.0,50.0,754.875,0.0250000019690003,265976.0,275.9913998413086,60.00577599334717,723.9375
10,21,3,2018,62.0,36.46666666666667,85.0,119.0,1.0,65.0,23.0,15.0,50.0,754.875,0.0250000019690003,265976.0,275.9913998413086,60.00577599334717,723.9375
11,21,3,2018,68.0,37.43333333333333,91.0,113.0,0.9,58.0,37.0,17.0,50.0,754.875,0.0250000019690003,265976.0,275.9913998413086,60.00577599334717,723.9375
12,21,3,2018,67.0,38.13333333333333,90.0,103.0,0.8,48.0,55.0,17.0,50.0,752.375,0.0250000019760001,266104.0,275.9657998657226,60.00366799163818,685.0
13,21,3,2018,54.0,38.2,74.0,77.0,0.7,37.0,79.0,14.0,50.0,752.375,0.0250000019760001,266104.0,275.9657998657226,60.00366799163818,685.0
14,21,3,2018,53.0,37.833333333333336,74.0,97.0,0.7,34.0,92.0,12.0,50.0,752.375,0.0250000019760001,266104.0,275.9657998657226,60.00366799163818,685.0
15,21,3,2018,50.0,38.73333333333333,70.0,89.0,0.6,30.0,103.0,11.0,50.0,750.5625,0.0250000022500008,265940.0,275.9416000366211,60.0017559967041,685.0
16,21,3,2018,58.0,39.96666666666667,79.0,94.0,0.6,30.0,109.0,10.0,50.0,750.5625,0.0250000022500008,265940.0,275.9416000366211,60.0017559967041,685.0
17,21,3,2018,55.0,41.5,75.0,92.0,0.6,31.0,111.0,10.0,50.0,750.5625,0.0250000022500008,265940.0,275.9416000366211,60.0017559967041,685.0
18,21,3,2018,59.0,42.96666666666667,80.0,93.0,0.7,35.0,105.0,10.0,50.0,748.8125,0.0250000023500006,265632.0,275.9213998413086,60.00313999176026,685.0
19,21,3,2018,62.0,44.7,84.0,104.0,0.7,45.0,89.0,10.0,50.0,748.8125,0.0250000023500006,265632.0,275.9213998413086,60.00313999176026,685.0
20,21,3,2018,66.0,46.36666666666667,89.0,115.0,0.8,56.0,70.0,9.0,50.0,748.8125,0.0250000023500006,265632.0,275.9213998413086,60.00313999176026,685.0
21,21,3,2018,69.0,48.06666666666667,93.0,129.0,0.8,67.0,52.0,9.0,50.0,747.3125,0.0250000024730004,265616.0,275.90350006103506,60.00138399505615,685.0
22,21,3,2018,73.0,49.8,98.0,134.0,0.8,72.0,41.0,10.0,50.0,747.3125,0.0250000024730004,265616.0,275.90350006103506,60.00138399505615,685.0
23,21,3,2018,82.0,51.86666666666667,109.0,140.0,0.9,78.0,30.0,10.0,50.0,747.3125,0.0250000024730004,265616.0,275.90350006103506,60.00138399505615,685.0
0,22,3,2018,83.0,54.16666666666666,110.0,128.0,0.9,72.0,31.0,9.0,50.0,747.5,0.0250000028280001,265612.0,275.93839996337886,60.00177199554443,751.6875
1,22,3,2018,85.0,56.5,113.0,153.0,0.9,97.0,6.0,6.0,50.0,747.5,0.0250000028280001,265612.0,275.93839996337886,60.00177199554443,751.6875
2,22,3,2018,86.0,58.6,114.0,172.0,1.0,94.0,2.0,5.0,50.0,747.5,0.0250000028280001,265612.0,275.93839996337886,60.00177199554443,751.6875
3,22,3,2018,86.0,60.6,114.0,165.0,1.1,100.0,2.0,6.0,50.0,752.0625,0.0250000024149995,265372.0,276.0063000488281,60.00349599456787,856.3125
4,22,3,2018,90.0,62.63333333333333,119.0,176.0,1.2,93.0,3.0,6.0,50.0,752.0625,0.0250000024149995,265372.0,276.0063000488281,60.00349599456787,856.3125
5,22,3,2018,88.0,64.23333333333333,122.0,193.0,1.4,93.0,2.0,5.0,50.0,752.0625,0.0250000024149995,265372.0,276.0063000488281,60.00349599456787,856.3125
6,22,3,2018,84.0,65.56666666666666,111.0,161.0,1.3,90.0,2.0,5.0,50.0,758.8125,0.0250000026910007,264744.0,276.05459991455075,60.00719599151611,841.9375
7,22,3,2018,80.0,66.6,106.0,149.0,1.1,86.0,2.0,4.0,50.0,758.8125,0.0250000026910007,264744.0,276.05459991455075,60.00719599151611,841.9375
8,22,3,2018,85.0,67.66666666666667,113.0,153.0,1.1,79.0,10.0,5.0,50.0,758.8125,0.0250000026910007,264744.0,276.05459991455075,60.00719599151611,841.9375
9,22,3,2018,78.0,68.36666666666666,104.0,132.0,1.0,72.0,26.0,7.0,50.0,758.875,0.0250000026310011,264604.0,276.06119995117183,60.0070239944458,729.125
10,22,3,2018,76.0,69.03333333333333,101.0,131.0,0.9,75.0,46.0,9.0,50.0,758.875,0.0250000026310011,264604.0,276.06119995117183,60.0070239944458,729.125
11,22,3,2018,81.0,69.9,108.0,120.0,0.9,71.0,61.0,6.0,50.0,758.875,0.0250000026310011,264604.0,276.06119995117183,60.0070239944458,729.125
12,22,3,2018,89.0,71.16666666666667,118.0,129.0,0.9,72.0,73.0,8.0,50.0,756.0,0.0250000031860005,264860.0,276.022200012207,60.0037679977417,685.0
13,22,3,2018,97.0,72.6,128.0,135.0,0.8,62.0,93.0,9.0,50.0,756.0,0.0250000031860005,264860.0,276.022200012207,60.0037679977417,685.0
14,22,3,2018,91.0,73.83333333333333,120.0,133.0,0.8,61.0,102.0,8.0,50.0,756.0,0.0250000031860005,264860.0,276.022200012207,60.0037679977417,685.0
15,22,3,2018,97.0,75.13333333333334,128.0,138.0,0.8,52.0,122.0,7.0,50.0,754.25,0.0250000034600012,264976.0,275.99989990234366,60.00498799133301,685.0
16,22,3,2018,90.0,76.06666666666666,119.0,125.0,0.7,41.0,137.0,11.0,50.0,754.25,0.0250000034600012,264976.0,275.99989990234366,60.00498799133301,685.0
17,22,3,2018,98.0,77.06666666666666,129.0,143.0,0.8,40.0,141.0,16.0,50.0,754.25,0.0250000034600012,264976.0,275.99989990234366,60.00498799133301,685.0
18,22,3,2018,100.0,78.16666666666667,131.0,135.0,0.8,38.0,145.0,17.0,50.0,752.125,0.0250000039029996,264808.0,275.9741998291016,60.003283996582034,685.0
19,22,3,2018,91.0,79.4,120.0,126.0,0.8,47.0,120.0,17.0,50.0,752.125,0.0250000039029996,264808.0,275.9741998291016,60.003283996582034,685.0
20,22,3,2018,85.0,80.46666666666667,113.0,137.0,0.8,75.0,71.0,16.0,50.0,752.125,0.0250000039029996,264808.0,275.9741998291016,60.003283996582034,685.0
21,22,3,2018,85.0,81.63333333333334,113.0,141.0,0.8,70.0,62.0,14.0,50.0,749.3125,0.0250000038050003,264944.0,275.94529998779296,60.00289999389648,685.0
22,22,3,2018,88.0,82.63333333333334,116.0,146.0,0.8,63.0,60.0,13.0,50.0,749.3125,0.0250000038050003,264944.0,275.94529998779296,60.00289999389648,685.0
23,22,3,2018,84.0,83.6,111.0,138.0,0.8,59.0,55.0,15.0,50.0,749.3125,0.0250000038050003,264944.0,275.94529998779296,60.00289999389648,685.0
0,23,3,2018,94.0,84.76666666666667,124.0,150.0,0.9,94.0,15.0,13.0,50.0,757.75,0.0250000037179999,265208.0,275.9657000732421,60.00341199493408,720.0625
1,23,3,2018,104.0,86.16666666666667,136.0,178.0,1.0,97.0,8.0,10.0,50.0,757.75,0.0250000037179999,265208.0,275.9657000732421,60.00341199493408,720.0625
2,23,3,2018,108.0,87.56666666666666,141.0,180.0,1.1,101.0,3.0,12.0,50.0,757.75,0.0250000037179999,265208.0,275.9657000732421,60.00341199493408,720.0625
3,23,3,2018,105.0,88.76666666666667,138.0,184.0,1.1,103.0,2.0,10.0,50.0,764.875,0.0250000036939997,265268.0,276.01259979248044,60.00299199676514,787.3125
4,23,3,2018,103.0,89.76666666666667,135.0,183.0,1.0,103.0,2.0,9.0,50.0,764.875,0.0250000036939997,265268.0,276.01259979248044,60.00299199676514,787.3125
5,23,3,2018,111.0,90.73333333333332,145.0,192.0,1.0,101.0,2.0,9.0,50.0,764.875,0.0250000036939997,265268.0,276.01259979248044,60.00299199676514,787.3125
6,23,3,2018,101.0,91.33333333333331,133.0,156.0,1.1,103.0,2.0,9.0,50.0,766.0625,0.0250000034490004,265100.0,276.0614999389648,60.00393599700928,809.9375
7,23,3,2018,104.0,91.96666666666668,136.0,187.0,1.2,103.0,2.0,9.0,50.0,766.0625,0.0250000034490004,265100.0,276.0614999389648,60.00393599700928,809.9375
8,23,3,2018,118.0,93.03333333333332,154.0,209.0,1.5,103.0,4.0,10.0,50.0,766.0625,0.0250000034490004,265100.0,276.0614999389648,60.00393599700928,809.9375
9,23,3,2018,141.0,94.86666666666666,187.0,234.9499999999989,1.6,103.0,9.0,12.0,50.0,770.375,0.0250000030209999,265284.0,276.0885998535156,60.002127990722656,736.6875
10,23,3,2018,145.0,96.7,193.0,220.0,1.7,103.0,19.0,17.0,50.0,770.375,0.0250000030209999,265284.0,276.0885998535156,60.002127990722656,736.6875
11,23,3,2018,151.0,98.8,201.0,198.0,1.5,94.0,45.0,17.0,50.0,770.375,0.0250000030209999,265284.0,276.0885998535156,60.002127990722656,736.6875
12,23,3,2018,151.0,101.03333333333332,201.0,176.0,1.5,90.0,53.0,17.0,50.0,763.0625,0.0250000036970004,265748.0,276.0160000610352,60.00317599487305,685.0
13,23,3,2018,150.0,103.36666666666666,200.0,174.0,1.5,93.0,56.0,17.0,50.0,763.0625,0.0250000036970004,265748.0,276.0160000610352,60.00317599487305,685.0
14,23,3,2018,140.0,105.2,186.0,152.5,1.3,81.0,73.0,17.0,50.0,763.0625,0.0250000036970004,265748.0,276.0160000610352,60.00317599487305,685.0
15,23,3,2018,125.0,106.76666666666668,164.0,131.0,1.2,78.0,81.0,17.0,50.0,761.6875,0.0250000036030002,265800.0,276.00419982910154,60.00460799407959,685.0
16,23,3,2018,95.0,107.4,125.0,113.0,1.0,65.0,92.0,13.0,50.0,761.6875,0.0250000036030002,265800.0,276.00419982910154,60.00460799407959,685.0
17,23,3,2018,82.0,107.43333333333334,109.0,103.0,0.8,58.0,95.0,11.0,50.0,761.6875,0.0250000036030002,265800.0,276.00419982910154,60.00460799407959,685.0
18,23,3,2018,83.0,107.23333333333332,110.0,108.0,0.8,69.0,85.0,10.0,50.0,758.5,0.0250000039809998,266796.0,275.971600036621,60.00264799499512,685.0
19,23,3,2018,71.0,106.36666666666666,95.0,111.0,0.8,102.0,44.0,9.0,50.0,758.5,0.0250000039809998,266796.0,275.971600036621,60.00264799499512,685.0
20,23,3,2018,84.0,106.13333333333334,111.0,138.0,0.9,103.0,38.0,10.0,50.0,758.5,0.0250000039809998,266796.0,275.971600036621,60.00264799499512,685.0
21,23,3,2018,89.0,105.86666666666666,118.0,146.0,0.9,93.0,41.0,10.0,50.0,755.125,0.0250000039879996,266960.0,275.93759979248046,60.00243599700928,685.0
22,23,3,2018,93.0,105.96666666666668,123.0,178.0,1.3,103.0,5.0,9.0,50.0,755.125,0.0250000039879996,266960.0,275.93759979248046,60.00243599700928,685.0
23,23,3,2018,102.0,106.1,134.0,178.0,1.2,103.0,3.0,9.0,50.0,755.125,0.0250000039879996,266960.0,275.93759979248046,60.00243599700928,685.0
0,24,3,2018,79.0,105.4,105.0,97.0,0.8,101.0,16.0,7.0,50.0,752.625,0.0250000041030012,267176.0,275.97479980468745,60.000103996276856,752.75
1,24,3,2018,30.0,103.36666666666666,43.0,76.5,0.5,83.0,22.0,4.0,50.0,752.625,0.0250000041030012,267176.0,275.97479980468745,60.000103996276856,752.75
2,24,3,2018,30.0,101.53333333333332,53.0,56.0,0.5,94.0,12.0,3.0,50.0,752.625,0.0250000041030012,267176.0,275.97479980468745,60.000103996276856,752.75
3,24,3,2018,44.0,100.16666666666669,65.0,80.0,0.7,103.0,4.0,6.0,50.0,759.1875,0.025000002886001,267080.0,276.06639984130857,60.0030119934082,856.375
4,24,3,2018,133.0,101.66666666666669,176.0,231.0,1.5,103.0,2.0,9.0,50.0,759.1875,0.025000002886001,267080.0,276.06639984130857,60.0030119934082,856.375
5,24,3,2018,165.0,106.6,224.0,234.9499999999989,1.8,103.0,2.0,12.0,50.0,759.1875,0.025000002886001,267080.0,276.06639984130857,60.0030119934082,856.375
6,24,3,2018,165.0,111.66666666666669,224.0,234.9499999999989,1.8,103.0,2.0,14.0,50.0,762.6875,0.0250000021749995,266468.0,276.105,60.00755199432373,847.5625
7,24,3,2018,110.0,111.86666666666666,144.0,151.0,1.4,101.0,2.0,12.0,50.0,762.6875,0.0250000021749995,266468.0,276.105,60.00755199432373,847.5625
8,24,3,2018,59.0,110.23333333333332,80.0,74.0,1.0,80.0,8.0,14.0,50.0,762.6875,0.0250000021749995,266468.0,276.105,60.00755199432373,847.5625
9,24,3,2018,135.0,111.23333333333332,179.0,201.0,1.8,102.0,18.0,17.0,50.0,762.0625,0.0250000019760001,266220.0,276.106600036621,60.00841999816897,732.8125
10,24,3,2018,165.0,113.6,224.0,213.0,1.6,96.0,62.0,17.0,50.0,762.0625,0.0250000019760001,266220.0,276.106600036621,60.00841999816897,732.8125
11,24,3,2018,165.0,115.53333333333332,219.0,182.16666666666663,1.4,64.0,123.0,17.0,50.0,762.0625,0.0250000019760001,266220.0,276.106600036621,60.00841999816897,732.8125
12,24,3,2018,120.0,116.16666666666669,157.0,151.33333333333334,1.0,47.0,152.0,17.0,50.0,757.125,0.0250000025660004,266324.0,276.04589996337893,60.0035719909668,685.0
13,24,3,2018,70.0,115.03333333333332,94.0,120.5,0.7,32.0,148.0,10.0,50.0,757.125,0.0250000025660004,266324.0,276.04589996337893,60.0035719909668,685.0
14,24,3,2018,53.0,112.86666666666666,73.0,89.66666666666669,0.4,21.0,149.0,6.0,50.0,757.125,0.0250000025660004,266324.0,276.04589996337893,60.0035719909668,685.0
15,24,3,2018,28.0,109.1,43.0,58.83333333333334,0.3,18.0,139.0,4.0,50.0,755.1875,0.0250000024939999,266468.0,276.027200012207,60.00489599609375,685.0
16,24,3,2018,27.0,105.16666666666669,43.0,28.0,0.3,18.0,136.0,4.0,50.0,755.1875,0.0250000024939999,266468.0,276.027200012207,60.00489599609375,685.0
17,24,3,2018,20.0,100.8,42.0,27.0,0.3,19.0,134.0,3.0,50.0,755.1875,0.0250000024939999,266468.0,276.027200012207,60.00489599609375,685.0
18,24,3,2018,30.0,96.76666666666668,45.0,45.0,0.3,25.0,133.0,4.0,50.0,750.375,0.0250000028160009,266244.0,275.9704998779297,60.00184399414064,685.0
19,24,3,2018,37.0,93.0,61.0,71.0,0.4,36.0,118.0,4.0,50.0,750.375,0.0250000028160009,266244.0,275.9704998779297,60.00184399414064,685.0
20,24,3,2018,49.0,89.96666666666667,72.0,93.0,0.5,57.0,89.0,4.0,50.0,750.375,0.0250000028160009,266244.0,275.9704998779297,60.00184399414064,685.0
21,24,3,2018,62.0,87.86666666666666,89.0,127.0,0.5,66.0,72.0,6.0,50.0,748.6875,0.0250000031350012,266392.0,275.94709991455073,60.00312399291992,685.0
22,24,3,2018,67.0,86.93333333333334,90.0,122.0,0.6,61.0,67.0,10.0,50.0,748.6875,0.0250000031350012,266392.0,275.94709991455073,60.00312399291992,685.0
23,24,3,2018,67.0,86.43333333333334,90.0,129.0,0.6,69.0,53.0,11.0,50.0,748.6875,0.0250000031350012,266392.0,275.94709991455073,60.00312399291992,685.0
0,25,3,2018,65.0,85.83333333333333,92.0,134.0,0.6,85.0,34.0,10.0,50.0,752.8125,0.0250000028560012,266516.0,276.00209991455074,60.00405199432373,756.3125
1,25,3,2018,68.0,85.73333333333333,116.0,181.0,0.6,103.0,11.0,10.0,50.0,752.8125,0.0250000028560012,266516.0,276.00209991455074,60.00405199432373,756.3125
2,25,3,2018,55.0,84.76666666666667,91.0,132.0,0.6,82.0,35.0,6.0,50.0,752.8125,0.0250000028560012,266516.0,276.00209991455074,60.00405199432373,756.3125
3,25,3,2018,63.0,83.9,93.0,135.0,0.7,103.0,7.0,7.0,50.0,761.625,0.0250000027649998,266444.0,276.0991998291016,60.00294799804689,856.6124999999997
4,25,3,2018,62.0,82.86666666666666,114.0,178.0,0.8,103.0,4.5,6.0,50.0,761.625,0.0250000027649998,266444.0,276.0991998291016,60.00294799804689,856.6124999999997
5,25,3,2018,55.0,81.3,91.0,132.0,0.6,95.0,2.0,5.0,50.0,761.625,0.0250000027649998,266444.0,276.0991998291016,60.00294799804689,856.6124999999997
6,25,3,2018,40.0,80.0,95.0,139.0,0.5,99.0,2.0,4.0,50.0,766.0625,0.0250000021069999,265796.0,276.1457000732421,60.007803993225096,853.25
7,25,3,2018,35.0,80.16666666666667,70.0,89.0,0.5,94.0,7.0,5.0,50.0,766.0625,0.0250000021069999,265796.0,276.1457000732421,60.007803993225096,853.25
8,25,3,2018,28.0,80.1,64.0,77.0,0.5,74.0,25.0,4.0,50.0,766.0625,0.0250000021069999,265796.0,276.1457000732421,60.007803993225096,853.25
9,25,3,2018,43.0,80.06666666666666,77.0,104.0,0.6,80.0,36.0,4.0,50.0,766.0625,0.0250000023650005,265540.0,276.1425,60.007903991699216,735.1875
10,25,3,2018,57.0,77.53333333333333,79.0,107.0,0.6,68.0,60.0,5.0,50.0,766.0625,0.0250000023650005,265540.0,276.1425,60.007903991699216,735.1875
11,25,3,2018,44.0,71.26666666666667,70.0,90.0,0.5,62.0,77.0,5.0,50.0,766.0625,0.0250000023650005,265540.0,276.1425,60.007903991699216,735.1875
12,25,3,2018,67.0,65.3,90.0,130.0,0.5,76.0,77.0,5.0,50.0,762.1875,0.0250000033020004,265648.0,276.08759979248043,60.004595993042,685.0
13,25,3,2018,76.0,64.16666666666667,101.0,131.0,0.5,53.0,124.0,7.0,50.0,762.1875,0.0250000033020004,265648.0,276.08759979248043,60.004595993042,685.0
14,25,3,2018,74.0,64.66666666666667,99.0,112.0,0.5,41.0,156.0,6.0,50.0,762.1875,0.0250000033020004,265648.0,276.08759979248043,60.004595993042,685.0
15,25,3,2018,43.0,61.6,60.0,59.0,0.4,29.0,155.0,5.0,50.0,759.8125,0.0250000038109999,265744.0,276.0628997802734,60.00616399383545,685.0
16,25,3,2018,40.0,57.13333333333333,65.0,79.0,0.4,22.0,170.0,7.0,50.0,759.8125,0.0250000038109999,265744.0,276.0628997802734,60.00616399383545,685.0
17,25,3,2018,47.0,53.06666666666667,79.0,108.0,0.5,27.0,174.0,7.0,50.0,759.8125,0.0250000038109999,265744.0,276.0628997802734,60.00616399383545,685.0
18,25,3,2018,40.0,50.4,70.0,89.0,0.5,29.0,155.0,7.0,50.0,757.9375,0.0250000042770002,265408.0,276.0328997802734,60.00463999176026,685.0
19,25,3,2018,49.0,49.7,78.0,106.0,0.5,48.0,121.0,8.0,50.0,757.9375,0.0250000042770002,265408.0,276.0328997802734,60.00463999176026,685.0
20,25,3,2018,60.0,49.93333333333333,97.0,144.0,0.6,64.0,97.0,11.0,50.0,757.9375,0.0250000042770002,265408.0,276.0328997802734,60.00463999176026,685.0
21,25,3,2018,83.0,51.766666666666666,118.0,185.0,0.8,78.0,93.0,14.0,50.0,754.0625,0.025000004416,265384.0,275.98949981689447,60.00342399597168,685.0
22,25,3,2018,97.0,54.1,128.0,196.0,0.9,58.0,114.0,17.0,50.0,754.0625,0.025000004416,265384.0,275.98949981689447,60.00342399597168,685.0
23,25,3,2018,103.0,56.86666666666667,135.0,206.0,0.9,62.0,95.0,17.0,50.0,754.0625,0.025000004416,265384.0,275.98949981689447,60.00342399597168,685.0
0,26,3,2018,103.0,59.3,135.0,185.0,0.8,60.0,82.0,16.0,50.0,761.4375,0.0250000049680005,265420.0,276.0210998535156,60.0027559967041,755.25
1,26,3,2018,101.0,61.43333333333333,133.0,164.0,0.8,51.0,87.0,15.0,50.0,761.4375,0.0250000049680005,265420.0,276.0210998535156,60.0027559967041,755.25
2,26,3,2018,101.0,63.16666666666666,133.0,162.0,0.7,54.0,70.0,17.0,50.0,761.4375,0.0250000049680005,265420.0,276.0210998535156,60.0027559967041,755.25
3,26,3,2018,101.0,64.46666666666667,133.0,154.0,0.7,68.0,51.0,13.0,50.0,762.4375,0.0250000044609997,265256.0,276.073099975586,60.00331999206543,854.5
4,26,3,2018,100.0,65.56666666666666,131.0,141.0,0.8,103.0,14.0,10.0,50.0,762.4375,0.0250000044609997,265256.0,276.073099975586,60.00331999206543,854.5
5,26,3,2018,99.0,66.63333333333334,130.0,143.0,0.7,66.0,45.0,12.0,50.0,762.4375,0.0250000044609997,265256.0,276.073099975586,60.00331999206543,854.5
6,26,3,2018,93.0,67.56666666666666,123.0,127.0,0.8,96.0,13.0,10.0,50.0,777.25,0.0250000045960005,264692.0,276.11869995117183,60.00516399383545,791.0625
7,26,3,2018,113.0,69.06666666666666,148.0,148.0,1.0,103.0,4.0,8.0,50.0,777.25,0.0250000045960005,264692.0,276.11869995117183,60.00516399383545,791.0625
8,26,3,2018,112.0,70.96666666666667,146.0,189.0,1.0,90.0,14.0,12.0,50.0,777.25,0.0250000045960005,264692.0,276.11869995117183,60.00516399383545,791.0625
9,26,3,2018,119.0,72.83333333333333,156.0,187.0,0.9,70.0,42.0,17.0,50.0000625038147,771.0625,0.0250000038780011,264304.0,276.13070007324217,60.00681199645996,731.8125
10,26,3,2018,105.0,74.26666666666667,138.0,158.0,0.8,70.0,57.0,17.0,50.0000625038147,771.0625,0.0250000038780011,264304.0,276.13070007324217,60.00681199645996,731.8125
11,26,3,2018,112.0,76.16666666666667,146.0,176.0,0.8,62.0,79.0,17.0,50.0000625038147,771.0625,0.0250000038780011,264304.0,276.13070007324217,60.00681199645996,731.8125
12,26,3,2018,122.0,78.9,160.0,179.0,0.9,73.0,87.0,17.0,50.0,765.4375,0.0250000045379996,264360.0,276.0666000366211,60.00100399780274,685.0
13,26,3,2018,115.0,81.56666666666666,150.0,160.0,0.8,60.0,117.0,17.0,50.0,765.4375,0.0250000045379996,264360.0,276.0666000366211,60.00100399780274,685.0
14,26,3,2018,126.0,84.83333333333333,166.0,143.0,0.8,43.0,152.0,17.0,50.0,765.4375,0.0250000045379996,264360.0,276.0666000366211,60.00100399780274,685.0
15,26,3,2018,130.0,87.73333333333333,171.0,135.0,0.7,33.0,180.0,16.0,50.0,762.3125,0.025000005024001,264372.0,276.0288000488281,60.00140399169922,685.0
16,26,3,2018,128.0,90.1,169.0,172.0,0.8,37.0,181.0,17.0,50.0,762.3125,0.025000005024001,264372.0,276.0288000488281,60.00140399169922,685.0
17,26,3,2018,125.0,92.8,164.0,157.0,0.8,43.0,181.0,17.0,50.0,762.3125,0.025000005024001,264372.0,276.0288000488281,60.00140399169922,685.0
18,26,3,2018,142.0,95.3,189.0,186.0,1.0,68.0,163.0,17.0,50.0,758.75,0.0250000048350002,264284.0,275.9969000244141,60.0042559967041,685.0
19,26,3,2018,154.0,97.9,204.0,210.0,1.2,80.0,141.0,17.0,50.0,758.75,0.0250000048350002,264284.0,275.9969000244141,60.0042559967041,685.0
20,26,3,2018,165.0,101.3,224.0,234.9499999999989,1.4,103.0,103.0,17.0,50.0,758.75,0.0250000048350002,264284.0,275.9969000244141,60.0042559967041,685.0
21,26,3,2018,165.0,105.73333333333332,224.0,234.9499999999989,1.2,81.0,118.0,17.0,50.0,758.125,0.0250000053139999,264128.0,275.98380004882813,60.00134399414063,685.0
22,26,3,2018,165.0,110.46666666666668,224.0,234.9499999999989,1.7,103.0,26.0,17.0,50.0,758.125,0.0250000053139999,264128.0,275.98380004882813,60.00134399414063,685.0
23,26,3,2018,165.0,114.7,224.0,234.9499999999989,1.7,103.0,5.0,13.0,50.0,758.125,0.0250000053139999,264128.0,275.98380004882813,60.00134399414063,685.0
0,27,3,2018,165.0,119.66666666666669,224.0,234.9499999999989,1.5,103.0,4.0,12.0,50.0,764.875,0.0250000064700003,264020.0,276.0173999023437,60.00307599639893,754.6875
1,27,3,2018,165.0,124.06666666666666,224.0,234.9499999999989,1.5,103.0,3.0,10.0,50.0,764.875,0.0250000064700003,264020.0,276.0173999023437,60.00307599639893,754.6875
2,27,3,2018,165.0,127.96666666666668,224.0,220.0,1.3,103.0,2.0,10.0,50.0,764.875,0.0250000064700003,264020.0,276.0173999023437,60.00307599639893,754.6875
3,27,3,2018,165.0,130.8,218.0,203.0,1.3,103.0,2.0,10.0,50.0,768.5625,0.0250000061150006,263756.0,276.0873999023437,60.00373199462891,842.625
4,27,3,2018,158.0,132.83333333333334,208.0,178.0,1.1,103.0,5.5,8.0,50.0,768.5625,0.0250000061150006,263756.0,276.0873999023437,60.00373199462891,842.625
5,27,3,2018,142.0,134.13333333333333,189.0,145.0,1.0,103.0,9.0,8.0,50.0,768.5625,0.0250000061150006,263756.0,276.0873999023437,60.00373199462891,842.625
6,27,3,2018,145.0,135.53333333333333,193.0,152.0,1.0,103.0,3.0,8.0,50.0,782.8125,0.0250000053850002,263756.0,276.144700012207,60.00575199127197,783.5625
7,27,3,2018,136.0,136.7,180.0,151.0,1.0,103.0,10.0,10.0,50.0,782.8125,0.0250000053850002,263756.0,276.144700012207,60.00575199127197,783.5625
8,27,3,2018,143.0,138.1,190.0,180.0,1.3,103.0,12.0,12.0,50.0,782.8125,0.0250000053850002,263756.0,276.144700012207,60.00575199127197,783.5625
9,27,3,2018,165.0,140.76666666666668,224.0,234.9499999999989,1.3,103.0,27.0,16.0,50.0,778.0625,0.0250000056090001,263756.0,276.1428997802734,60.004379997253416,713.75
10,27,3,2018,165.0,144.518333333333,224.0,234.9499999999989,1.3,103.0,46.0,17.0,50.0,778.0625,0.0250000056090001,263756.0,276.1428997802734,60.004379997253416,713.75
11,27,3,2018,165.0,144.518333333333,224.0,234.9499999999989,1.4,103.0,56.0,17.0,50.0,778.0625,0.0250000056090001,263756.0,276.1428997802734,60.004379997253416,713.75
12,27,3,2018,165.0,144.518333333333,224.0,234.9499999999989,1.5,103.0,75.0,17.0,50.0,772.75,0.0250000062800012,263756.0,276.089700012207,60.00105999755859,685.0
13,27,3,2018,165.0,144.518333333333,224.0,234.9499999999989,1.4,103.0,88.0,17.0,50.0,772.75,0.0250000062800012,263756.0,276.089700012207,60.00105999755859,685.0
14,27,3,2018,165.0,144.518333333333,224.0,221.0,1.0,86.0,155.0,17.0,50.0,772.75,0.0250000062800012,263756.0,276.089700012207,60.00105999755859,685.0
15,27,3,2018,165.0,144.518333333333,224.0,234.9499999999989,1.0,60.0,181.0,17.0,50.0,768.625,0.0250000063530001,263756.0,276.05279998779287,60.00131199645996,685.0
16,27,3,2018,165.0,144.518333333333,224.0,234.9499999999989,1.0,75.0,174.0,17.0,50.0,768.625,0.0250000063530001,263756.0,276.05279998779287,60.00131199645996,685.0
17,27,3,2018,165.0,144.518333333333,224.0,234.9499999999989,0.9,67.0,181.0,17.0,50.0,768.625,0.0250000063530001,263756.0,276.05279998779287,60.00131199645996,685.0
18,27,3,2018,165.0,144.518333333333,224.0,234.9499999999989,1.0,90.0,155.0,17.0,50.0,767.125,0.0250000062959995,263756.0,276.0403997802734,60.0010359954834,685.0
19,27,3,2018,165.0,144.518333333333,224.0,234.9499999999989,1.3,103.0,59.0,14.0,50.0,767.125,0.0250000062959995,263756.0,276.0403997802734,60.0010359954834,685.0
20,27,3,2018,165.0,144.518333333333,224.0,234.9499999999989,1.5,103.0,30.0,13.0,50.0,767.125,0.0250000062959995,263756.0,276.0403997802734,60.0010359954834,685.0
21,27,3,2018,165.0,144.518333333333,224.0,234.9499999999989,1.4333333333333331,103.0,29.91666666666667,12.583333333333336,50.0,770.3125,0.0250000055580008,263948.0,276.07729980468747,60.00328799438476,685.0625
22,27,3,2018,165.0,144.518333333333,224.0,234.9499999999989,1.3666666666666667,103.0,29.83333333333333,12.166666666666664,50.0,770.3125,0.0250000055580008,263948.0,276.07729980468747,60.00328799438476,685.0625
23,27,3,2018,165.0,144.518333333333,224.0,234.9499999999989,1.3,103.0,29.75,11.75,50.0,770.3125,0.0250000055580008,263948.0,276.07729980468747,60.00328799438476,685.0625
0,28,3,2018,165.0,144.518333333333,224.0,234.9499999999989,1.2333333333333334,103.0,29.66666666666667,11.333333333333336,50.0,771.5,0.0250000038980003,264656.0,276.0982998657226,60.00593199157715,747.625
1,28,3,2018,165.0,144.518333333333,224.0,234.9499999999989,1.1666666666666667,103.0,29.58333333333333,10.916666666666664,50.0,771.5,0.0250000038980003,264656.0,276.0982998657226,60.00593199157715,747.625
2,28,3,2018,165.0,144.518333333333,224.0,234.9499999999989,1.1,103.0,29.5,10.5,50.0,771.5,0.0250000038980003,264656.0,276.0982998657226,60.00593199157715,747.625
3,28,3,2018,165.0,144.518333333333,224.0,234.9499999999989,1.0333333333333332,103.0,29.41666666666667,10.083333333333332,50.0,772.9375,0.0250000047159995,265028.0,276.0872998046874,60.00677999114991,800.6875
4,28,3,2018,165.0,144.518333333333,224.0,234.9499999999989,0.9666666666666668,103.0,29.33333333333333,9.666666666666666,50.0,772.9375,0.0250000047159995,265028.0,276.0872998046874,60.00677999114991,800.6875
5,28,3,2018,165.0,144.518333333333,224.0,234.9499999999989,0.9,103.0,29.25,9.25,50.0,772.9375,0.0250000047159995,265028.0,276.0872998046874,60.00677999114991,800.6875
6,28,3,2018,165.0,144.518333333333,224.0,234.9499999999989,0.8333333333333334,97.83333333333334,29.16666666666667,8.833333333333332,50.0,774.0625,0.025000004381001,265084.0,276.099400024414,60.00419199371338,795.9375
7,28,3,2018,165.0,144.518333333333,224.0,234.9499999999989,0.7666666666666667,88.41666666666669,29.08333333333333,8.416666666666666,50.0,774.0625,0.025000004381001,265084.0,276.099400024414,60.00419199371338,795.9375
8,28,3,2018,165.0,144.518333333333,224.0,234.9499999999989,0.7,79.0,29.0,8.0,50.0,774.0625,0.025000004381001,265084.0,276.099400024414,60.00419199371338,795.9375
9,28,3,2018,165.0,144.518333333333,224.0,234.9499999999989,0.6,76.0,23.0,5.0,50.0,770.9375,0.0250000035469997,265184.0,276.0922998046874,60.00341199493408,733.125
10,28,3,2018,153.5,144.518333333333,224.0,234.9499999999989,1.3,54.0,58.0,16.0,50.0,770.9375,0.0250000035469997,265184.0,276.0922998046874,60.00341199493408,733.125
11,28,3,2018,132.25,144.518333333333,224.0,234.9499999999989,1.7,39.0,59.0,13.0,50.0,770.9375,0.0250000035469997,265184.0,276.0922998046874,60.00341199493408,733.125
12,28,3,2018,111.0,144.518333333333,224.0,234.9499999999989,1.3,28.0,70.0,8.0,50.0,767.875,0.0250000035920012,265688.0,276.0653997802734,60.0027199935913,685.0
13,28,3,2018,131.0,144.518333333333,224.0,234.9499999999989,1.1,22.0,83.0,6.0,50.0,767.875,0.0250000035920012,265688.0,276.0653997802734,60.0027199935913,685.0
14,28,3,2018,126.0,144.518333333333,224.0,234.9499999999989,1.1,22.0,87.0,6.0,50.0,767.875,0.0250000035920012,265688.0,276.0653997802734,60.0027199935913,685.0
15,28,3,2018,111.0,144.518333333333,224.0,234.9499999999989,1.1,22.0,91.0,6.0,50.0,765.3125,0.0250000034250002,265716.0,276.0442999267578,60.00400799560547,685.0
16,28,3,2018,102.0,144.518333333333,224.0,234.9499999999989,1.0,22.0,85.0,4.0,50.0,765.3125,0.0250000034250002,265716.0,276.0442999267578,60.00400799560547,685.0
17,28,3,2018,74.0,144.518333333333,224.0,234.9499999999989,0.7,22.0,84.0,2.0,50.0,765.3125,0.0250000034250002,265716.0,276.0442999267578,60.00400799560547,685.0
18,28,3,2018,54.0,144.518333333333,224.0,234.9499999999989,0.8,27.0,77.0,3.0,50.0,763.4375,0.0250000034769997,266488.0,276.0263998413085,60.00340799713135,685.0
19,28,3,2018,52.0,144.518333333333,224.0,234.9499999999989,0.8,36.0,65.0,3.0,50.0,763.4375,0.0250000034769997,266488.0,276.0263998413085,60.00340799713135,685.0
20,28,3,2018,52.0,144.518333333333,224.0,234.9499999999989,0.9,43.0,55.0,4.0,50.0,763.4375,0.0250000034769997,266488.0,276.0263998413085,60.00340799713135,685.0
21,28,3,2018,49.0,144.518333333333,194.0,234.9499999999989,1.0,43.0,51.0,4.0,50.0,760.5625,0.0250000037500001,266844.0,276.00009979248046,60.00192799377442,685.0625
22,28,3,2018,45.0,144.518333333333,176.0,234.9499999999989,1.0,51.0,41.0,4.0,50.0,760.5625,0.0250000037500001,266844.0,276.00009979248046,60.00192799377442,685.0625
23,28,3,2018,47.0,144.518333333333,197.0,234.9499999999989,1.0,58.0,29.0,6.0,50.0,760.5625,0.0250000037500001,266844.0,276.00009979248046,60.00192799377442,685.0625
0,29,3,2018,49.0,144.518333333333,197.0,234.9499999999989,1.1,74.0,13.0,7.0,50.0,756.9375,0.0250000027869995,267420.0,276.0357000732421,60.003047996521,754.625
1,29,3,2018,45.0,144.518333333333,185.0,234.9499999999989,1.1,77.0,10.0,6.0,50.0,756.9375,0.0250000027869995,267420.0,276.0357000732421,60.003047996521,754.625
2,29,3,2018,42.0,144.518333333333,151.0,234.9499999999989,1.0,74.0,15.0,6.0,50.0,756.9375,0.0250000027869995,267420.0,276.0357000732421,60.003047996521,754.625
3,29,3,2018,43.0,144.518333333333,141.0,232.0,0.5,76.0,13.0,6.0,50.0,759.75,0.0250000029210001,267696.0,276.05720001220703,60.0060719909668,852.875
4,29,3,2018,41.0,144.518333333333,126.0,201.0,0.6,68.0,7.5,7.0,50.0,759.75,0.0250000029210001,267696.0,276.05720001220703,60.0060719909668,852.875
5,29,3,2018,48.0,140.38333333333333,143.0,234.9499999999989,0.6,81.0,2.0,6.0,50.0,759.75,0.0250000029210001,267696.0,276.05720001220703,60.0060719909668,852.875
6,29,3,2018,45.0,129.68333333333334,146.0,234.9499999999989,0.7,79.0,2.0,6.0,50.0,762.25,0.0250000026479996,267348.0,276.0760998535156,60.0052919921875,841.5
7,29,3,2018,47.0,119.75833333333334,140.0,229.0,0.8,82.0,2.0,7.0,50.0,762.25,0.0250000026479996,267348.0,276.0760998535156,60.0052919921875,841.5
8,29,3,2018,50.0,110.64166666666668,137.0,224.0,1.3,95.0,4.0,17.0,50.0,762.25,0.0250000026479996,267348.0,276.0760998535156,60.0052919921875,841.5
9,29,3,2018,47.0,102.13333333333334,115.0,180.0,1.8,71.0,37.0,17.0,50.0,761.3125,0.0250000024520009,267236.0,276.073099975586,60.00492399597168,734.0
10,29,3,2018,43.0,94.2,116.0,182.0,1.8,56.0,53.0,17.0,50.0,761.3125,0.0250000024520009,267236.0,276.073099975586,60.00492399597168,734.0
11,29,3,2018,39.0,86.84166666666667,120.0,189.0,1.6,43.0,68.0,17.0,50.0,761.3125,0.0250000024520009,267236.0,276.073099975586,60.00492399597168,734.0
12,29,3,2018,36.4,80.105,63.0,76.0,1.2,30.0,83.0,17.0,50.0,754.8125,0.025000002332,267668.0,276.0104998779296,60.00613199615479,685.0
13,29,3,2018,33.8,73.99000000000001,30.0,6.0,0.8,23.0,97.0,17.0,50.0,754.8125,0.025000002332,267668.0,276.0104998779296,60.00613199615479,685.0
14,29,3,2018,31.2,68.49666666666667,33.0,62.0,0.6,20.0,107.0,17.0,50.0,754.8125,0.025000002332,267668.0,276.0104998779296,60.00613199615479,685.0
15,29,3,2018,28.6,63.625,37.0,118.0,0.3,17.0,118.0,12.0,50.0,753.875,0.0250000023910012,267864.0,276.00009979248046,60.00295599365234,685.0
16,29,3,2018,26.0,59.375,112.0,174.0,0.2,16.0,118.0,6.0,50.0,753.875,0.0250000023910012,267864.0,276.00009979248046,60.00295599365234,685.0
17,29,3,2018,26.0,55.833333333333336,116.0,181.0,0.1,20.0,115.0,4.0,50.0,753.875,0.0250000023910012,267864.0,276.00009979248046,60.00295599365234,685.0
18,29,3,2018,30.0,53.13333333333333,136.0,221.0,0.2,28.0,105.0,4.0,50.0,751.75,0.0250000021480005,267636.0,275.98239990234373,60.00110799407959,685.0
19,29,3,2018,24.0,49.56666666666667,170.0,234.9499999999989,0.3,26.0,92.0,6.0,50.0,751.75,0.0250000021480005,267636.0,275.98239990234373,60.00110799407959,685.0
20,29,3,2018,30.0,46.36666666666667,133.0,216.0,0.4,37.0,73.0,8.0,50.0,751.75,0.0250000021480005,267636.0,275.98239990234373,60.00110799407959,685.0
21,29,3,2018,27.0,43.56666666666667,107.0,163.0,0.2,35.0,71.0,7.0,50.0,750.3125,0.0250000024110004,267504.0,275.96209991455083,60.00173999786377,685.0625
22,29,3,2018,21.0,40.86666666666667,82.0,114.0,0.3,31.0,70.0,5.0,50.0,750.3125,0.0250000024110004,267504.0,275.96209991455083,60.00173999786377,685.0625
23,29,3,2018,21.0,39.1,75.0,99.0,0.3,34.0,62.0,6.0,50.0,750.3125,0.0250000024110004,267504.0,275.96209991455083,60.00173999786377,685.0625
0,30,3,2018,29.0,38.266666666666666,78.0,105.0,0.3,46.0,48.0,6.0,50.0,754.0,0.0250000023699998,267636.0,275.97739990234373,60.00111599731445,746.3125
1,30,3,2018,25.0,37.36666666666667,78.0,105.0,0.4,53.0,38.0,7.0,50.0,754.0,0.0250000023699998,267636.0,275.97739990234373,60.00111599731445,746.3125
2,30,3,2018,27.0,36.53333333333333,79.0,107.0,0.4,70.0,21.0,6.0,50.0,754.0,0.0250000023699998,267636.0,275.97739990234373,60.00111599731445,746.3125
3,30,3,2018,29.0,35.86666666666667,81.0,112.0,0.4,81.0,7.0,6.0,50.0,757.5625,0.025000002212001,267220.0,276.0233999633789,60.00509999084473,839.625
4,30,3,2018,31.0,35.4,74.0,98.0,0.4,70.0,16.0,6.0,50.0,757.5625,0.025000002212001,267220.0,276.0233999633789,60.00509999084473,839.625
5,30,3,2018,24.0,34.63333333333333,66.0,82.0,0.3,71.0,17.0,5.0,50.0,757.5625,0.025000002212001,267220.0,276.0233999633789,60.00509999084473,839.625
6,30,3,2018,28.0,33.93333333333333,69.0,87.0,0.3,77.0,13.0,6.0,50.0,758.875,0.0250000021420009,266452.0,276.0589999389648,60.0067679977417,847.3125
7,30,3,2018,32.0,33.5,69.0,87.0,0.3,84.0,15.0,6.0,50.0,758.875,0.0250000021420009,266452.0,276.0589999389648,60.0067679977417,847.3125
8,30,3,2018,36.0,33.3,91.0,131.0,0.3,84.0,19.0,7.0,50.0,758.875,0.0250000021420009,266452.0,276.0589999389648,60.0067679977417,847.3125
9,30,3,2018,37.0,33.1,86.0,121.0,0.3,67.0,38.0,8.0,50.0,761.875,0.0250000023299995,265860.0,276.05929992675783,60.00786799621582,719.125
10,30,3,2018,32.0,32.8,76.0,101.0,0.3,49.0,63.0,9.0,50.0,761.875,0.0250000023299995,265860.0,276.05929992675783,60.00786799621582,719.125
11,30,3,2018,26.0,32.06666666666667,62.0,74.0,0.3,27.0,96.0,8.0,50.0,761.875,0.0250000023299995,265860.0,276.05929992675783,60.00786799621582,719.125
12,30,3,2018,30.0,31.566666666666663,62.0,73.0,0.3,26.0,100.0,8.0,50.0,759.875,0.0250000025319997,265808.0,276.0366998291016,60.00373199462891,685.0
13,30,3,2018,24.0,30.8,57.0,64.0,0.3,22.0,112.0,6.0,50.0,759.875,0.0250000025319997,265808.0,276.0366998291016,60.00373199462891,685.0
14,30,3,2018,32.0,30.2,61.0,71.0,0.3,19.0,122.0,7.0,50.0,759.875,0.0250000025319997,265808.0,276.0366998291016,60.00373199462891,685.0
15,30,3,2018,36.0,29.83333333333333,69.0,88.0,0.3,22.0,127.0,8.0,50.0,757.75,0.0250000029119998,265876.0,276.01009979248045,60.00101599121093,685.0
16,30,3,2018,44.0,29.866666666666667,77.0,103.0,0.3,27.0,129.0,8.0,50.0,757.75,0.0250000029119998,265876.0,276.01009979248045,60.00101599121093,685.0
17,30,3,2018,53.0,30.33333333333333,77.0,103.0,0.4,39.0,119.0,8.0,50.0,757.75,0.0250000029119998,265876.0,276.01009979248045,60.00101599121093,685.0
18,30,3,2018,51.0,30.82,80.0,110.0,0.4,39.0,115.0,7.0,50.0,757.375,0.0250000035760011,265664.0,275.99739990234366,60.00181199645996,685.0
19,30,3,2018,48.0,31.293333333333333,81.0,111.0,0.4,41.0,104.0,6.0,50.0,757.375,0.0250000035760011,265664.0,275.99739990234366,60.00181199645996,685.0
20,30,3,2018,50.0,31.92,84.0,117.0,0.4,46.0,93.0,7.0,50.0,757.375,0.0250000035760011,265664.0,275.99739990234366,60.00181199645996,685.0
21,30,3,2018,59.0,32.93333333333333,86.0,122.0,0.4,49.0,85.0,10.0,50.0,756.375,0.0250000037130005,265560.0,275.98529998779287,60.00222799682617,685.0625
22,30,3,2018,69.0,34.36666666666667,93.0,134.0,0.5,52.0,74.0,13.0,50.0,756.375,0.0250000037130005,265560.0,275.98529998779287,60.00222799682617,685.0625
23,30,3,2018,75.0,36.0,101.0,151.0,0.5,73.0,49.0,12.0,50.0,756.375,0.0250000037130005,265560.0,275.98529998779287,60.00222799682617,685.0625
0,31,3,2018,81.0,37.7,124.0,198.0,0.6,103.0,12.0,8.0,50.0,757.4375,0.0250000034760013,265560.0,276.00779998779296,60.00187599182129,749.6875
1,31,3,2018,85.0,39.73333333333333,133.0,215.0,0.7,103.0,2.0,10.0,50.0,757.4375,0.0250000034760013,265560.0,276.00779998779296,60.00187599182129,749.6875
2,31,3,2018,86.0,41.6,118.0,185.0,0.9,103.0,2.0,12.0,50.0,757.4375,0.0250000034760013,265560.0,276.00779998779296,60.00187599182129,749.6875
3,31,3,2018,86.0,43.56666666666667,114.0,175.0,1.2,103.0,2.0,12.0,50.0,760.3125,0.0250000031270012,265352.0,276.06259979248046,60.00304399108887,856.6124999999997
4,31,3,2018,85.0,45.7,120.0,190.0,1.3,103.0,2.0,12.0,50.0,760.3125,0.0250000031270012,265352.0,276.06259979248046,60.00304399108887,856.6124999999997
5,31,3,2018,110.0,48.66666666666666,144.0,193.0,1.2,103.0,2.0,12.0,50.0,760.3125,0.0250000031270012,265352.0,276.06259979248046,60.00304399108887,856.6124999999997
6,31,3,2018,70.0,50.03333333333333,114.0,178.0,0.9,103.0,2.0,10.0,50.0,766.0625,0.0250000034580007,264748.0,276.106900024414,60.00468799591064,846.9375
7,31,3,2018,78.0,51.8,112.0,174.0,1.1,103.0,2.0,11.0,50.0,766.0625,0.0250000034580007,264748.0,276.106900024414,60.00468799591064,846.9375
8,31,3,2018,75.0,53.4,117.0,184.0,1.1,103.0,7.0,11.0,50.0,766.0625,0.0250000034580007,264748.0,276.106900024414,60.00468799591064,846.9375
9,31,3,2018,77.0,55.0,108.0,166.0,1.0,96.0,25.0,14.0,50.0,768.875,0.0250000037249997,264384.0,276.1189999389648,60.00582399749756,726.625
10,31,3,2018,78.0,56.56666666666667,106.0,161.0,0.8,86.0,45.0,12.0,50.0,768.875,0.0250000037249997,264384.0,276.1189999389648,60.00582399749756,726.625
11,31,3,2018,77.0,58.333333333333336,103.0,144.0,0.7,77.0,63.0,11.0,50.0,768.875,0.0250000037249997,264384.0,276.1189999389648,60.00582399749756,726.625
12,31,3,2018,85.0,60.23333333333333,113.0,162.0,0.8,96.0,64.0,12.0,50.0,765.3125,0.0250000046510007,264656.0,276.07509979248044,60.00111599731445,685.0
13,31,3,2018,95.0,62.333333333333336,125.0,186.0,0.7,91.0,83.0,13.0,50.0,765.3125,0.0250000046510007,264656.0,276.07509979248044,60.00111599731445,685.0
14,31,3,2018,97.0,64.36666666666666,128.0,181.0,0.7,81.0,102.0,13.0,50.0,765.3125,0.0250000046510007,264656.0,276.07509979248044,60.00111599731445,685.0
15,31,3,2018,102.0,66.53333333333333,134.0,188.0,0.7,66.0,131.0,13.0,50.0,761.375,0.0250000050780009,264808.0,276.03,60.0017559967041,685.0
16,31,3,2018,101.0,68.83333333333333,133.0,192.0,0.6,46.0,163.0,13.0,50.0,761.375,0.0250000050780009,264808.0,276.03,60.0017559967041,685.0
17,31,3,2018,104.0,71.43333333333334,136.0,188.0,0.6,45.0,167.0,14.0,50.0,761.375,0.0250000050780009,264808.0,276.03,60.0017559967041,685.0
18,31,3,2018,117.0,74.33333333333333,153.0,206.0,0.8,61.0,151.0,14.0,50.0,757.875,0.0250000048719998,264648.0,275.9989999389648,60.00246399688721,685.0
19,31,3,2018,125.0,77.7,164.0,224.0,0.8,76.0,129.0,15.0,50.0,757.875,0.0250000048719998,264648.0,275.9989999389648,60.00246399688721,685.0
20,31,3,2018,134.0,81.1,177.0,234.9499999999989,0.9,92.0,103.0,15.0,50.0,757.875,0.0250000048719998,264648.0,275.9989999389648,60.00246399688721,685.0
21,31,3,2018,140.0,84.56666666666666,186.0,234.9499999999989,1.1,103.0,46.0,14.0,50.0,760.125,0.0250000061990004,264840.0,276.0003997802734,60.00215599060058,685.0625
22,31,3,2018,157.0,88.33333333333333,207.0,234.9499999999989,1.3,103.0,22.0,13.0,50.0,760.125,0.0250000061990004,264840.0,276.0003997802734,60.00215599060058,685.0625
23,31,3,2018,160.0,91.9,210.0,234.9499999999989,1.4,103.0,2.0,11.0,50.0,760.125,0.0250000061990004,264840.0,276.0003997802734,60.00215599060058,685.0625
0,1,4,2018,163.0,95.63333333333334,213.0,234.9499999999989,1.1,103.0,2.0,11.0,50.0,758.625,0.0250000060559995,265060.0,276.01979980468747,60.00357999420166,761.3125
1,1,4,2018,143.0,98.8,201.0,234.9499999999989,0.9,103.0,2.0,10.0,50.0,758.625,0.0250000060559995,265060.0,276.01979980468747,60.00357999420166,761.3125
2,1,4,2018,125.0,101.3,171.0,234.9499999999989,0.8,103.0,2.0,10.0,50.0,758.625,0.0250000060559995,265060.0,276.01979980468747,60.00357999420166,761.3125
3,1,4,2018,126.0,103.53333333333332,168.0,234.9499999999989,0.9,103.0,2.0,9.0,50.0,766.0625,0.0250000062290001,264640.0,276.0878997802734,60.002531997680656,856.6124999999997
4,1,4,2018,123.0,105.33333333333331,175.0,234.9499999999989,0.8,103.0,2.0,9.0,50.0,766.0625,0.0250000062290001,264640.0,276.0878997802734,60.002531997680656,856.6124999999997
5,1,4,2018,105.0,106.33333333333331,139.0,227.0,0.7,103.0,2.0,7.0,50.0,766.0625,0.0250000062290001,264640.0,276.0878997802734,60.002531997680656,856.6124999999997
6,1,4,2018,101.0,107.0,133.0,203.0,0.8,103.0,2.0,6.0,50.0,774.125,0.0250000050470009,263892.0,276.14350006103507,60.00716799163818,836.1875
7,1,4,2018,116.0,108.03333333333332,151.0,234.9499999999989,0.9,103.0,2.0,6.0,50.0,774.125,0.0250000050470009,263892.0,276.14350006103507,60.00716799163818,836.1875
8,1,4,2018,145.0,110.0,193.0,234.9499999999989,1.1,103.0,5.0,9.0,50.0,774.125,0.0250000050470009,263892.0,276.14350006103507,60.00716799163818,836.1875
9,1,4,2018,149.0,112.1,199.0,234.9499999999989,1.1,103.0,14.0,12.0,50.0,773.25,0.0250000045120008,263552.0,276.15269989013666,60.00480799102783,711.4375
10,1,4,2018,165.0,115.6,224.0,234.9499999999989,1.4,103.0,27.0,17.0,50.0,773.25,0.0250000045120008,263552.0,276.15269989013666,60.00480799102783,711.4375
11,1,4,2018,165.0,120.2,224.0,234.9499999999989,1.6,103.0,86.0,17.0,50.0,773.25,0.0250000045120008,263552.0,276.15269989013666,60.00480799102783,711.4375
12,1,4,2018,165.0,126.3,224.0,234.9499999999989,1.3,93.0,157.0,17.0,50.0,771.0,0.0250000061900001,263604.0,276.1042999267578,60.004963996887206,685.0
13,1,4,2018,165.0,131.8,224.0,234.9499999999989,1.1,69.0,181.0,17.0,50.0,771.0,0.0250000061900001,263604.0,276.1042999267578,60.004963996887206,685.0
14,1,4,2018,165.0,136.3,224.0,234.9499999999989,1.0,54.0,181.0,17.0,50.0,771.0,0.0250000061900001,263604.0,276.1042999267578,60.004963996887206,685.0
15,1,4,2018,165.0,140.26666666666668,224.0,234.9499999999989,0.9,45.0,181.0,17.0,50.0,765.75,0.0250000050719995,263716.0,276.0742999267578,60.00209999084473,685.0
16,1,4,2018,123.0,141.76666666666668,161.0,221.0,0.6,28.0,181.0,12.0,50.0,765.75,0.0250000050719995,263716.0,276.0742999267578,60.00209999084473,685.0
17,1,4,2018,82.0,141.93333333333334,109.0,168.0,0.4,25.0,181.0,8.0,50.0,765.75,0.0250000050719995,263716.0,276.0742999267578,60.00209999084473,685.0
18,1,4,2018,89.0,142.06666666666666,120.0,190.0,0.5,35.0,181.0,8.0,50.0,763.625,0.0250000051300004,263472.0,276.0535998535156,60.00284399414063,685.0
19,1,4,2018,135.0,143.4,179.0,234.9499999999989,0.8,48.0,181.0,12.0,50.0,763.625,0.0250000051300004,263472.0,276.0535998535156,60.00284399414063,685.0
20,1,4,2018,162.0,144.518333333333,212.0,234.9499999999989,0.9,56.0,181.0,14.0,50.0,763.625,0.0250000051300004,263472.0,276.0535998535156,60.00284399414063,685.0
21,1,4,2018,165.0,144.518333333333,218.0,234.9499999999989,1.0,71.0,145.0,17.0,50.0,764.1875,0.0250000078779999,263480.0,276.02100006103507,60.00345999145508,685.0625
22,1,4,2018,163.0,144.518333333333,213.0,234.9499999999989,1.0,75.0,119.0,17.0,50.0,764.1875,0.0250000078779999,263480.0,276.02100006103507,60.00345999145508,685.0625
23,1,4,2018,165.0,144.518333333333,224.0,234.9499999999989,1.0,89.0,87.0,17.0,50.0,764.1875,0.0250000078779999,263480.0,276.02100006103507,60.00345999145508,685.0625
0,2,4,2018,160.0,144.518333333333,210.0,234.9499999999989,0.9,103.0,57.0,17.0,50.0,764.0625,0.0250000076930001,263620.0,276.02190002441404,60.00348799133301,749.875
1,2,4,2018,146.0,144.518333333333,194.0,234.9499999999989,0.8,103.0,44.0,15.0,50.0,764.0625,0.0250000076930001,263620.0,276.02190002441404,60.00348799133301,749.875
2,2,4,2018,144.0,144.518333333333,191.0,227.0,0.8,103.0,25.0,10.0,50.0,764.0625,0.0250000076930001,263620.0,276.02190002441404,60.00348799133301,749.875
3,2,4,2018,156.0,144.518333333333,206.0,234.9499999999989,1.0,103.0,2.0,7.0,50.0,770.5,0.025000008797001,263588.0,276.06220001220703,60.00505599212647,834.75
4,2,4,2018,148.0,144.518333333333,197.0,234.9499999999989,0.9,103.0,2.0,8.0,50.0,770.5,0.025000008797001,263588.0,276.06220001220703,60.00505599212647,834.75
5,2,4,2018,157.0,144.518333333333,207.0,234.9499999999989,1.0,103.0,2.0,6.0,50.0,770.5,0.025000008797001,263588.0,276.06220001220703,60.00505599212647,834.75
6,2,4,2018,165.0,144.518333333333,224.0,234.9499999999989,1.3,103.0,2.0,4.0,50.0,777.4375,0.0250000077830012,263340.0,276.12009979248046,60.0037559967041,820.5
7,2,4,2018,165.0,144.518333333333,224.0,234.9499999999989,1.6,103.0,2.0,3.0,50.0,777.4375,0.0250000077830012,263340.0,276.12009979248046,60.0037559967041,820.5
8,2,4,2018,165.0,144.518333333333,224.0,234.9499999999989,1.8,101.0,9.0,4.0,50.0,777.4375,0.0250000077830012,263340.0,276.12009979248046,60.0037559967041,820.5
9,2,4,2018,165.0,144.518333333333,224.0,234.9499999999989,1.8,103.0,21.0,7.0,50.0,778.75,0.0250000075390003,263248.0,276.1391000366211,60.00271599578858,729.9375
10,2,4,2018,165.0,144.518333333333,224.0,234.9499999999989,1.8,89.0,58.0,13.0,50.0,778.75,0.0250000075390003,263248.0,276.1391000366211,60.00271599578858,729.9375
11,2,4,2018,165.0,144.518333333333,224.0,234.9499999999989,1.8,78.0,100.0,17.0,50.0,778.75,0.0250000075390003,263248.0,276.1391000366211,60.00271599578858,729.9375
12,2,4,2018,165.0,144.518333333333,224.0,234.9499999999989,1.8,90.0,112.0,17.0,50.0,775.4375,0.0250000084330011,263920.0,276.1020999145508,60.00205599212647,685.0
13,2,4,2018,165.0,144.518333333333,224.0,234.9499999999989,1.8,77.0,148.0,17.0,50.0,775.4375,0.0250000084330011,263920.0,276.1020999145508,60.00205599212647,685.0
14,2,4,2018,165.0,144.518333333333,224.0,234.9499999999989,1.7,62.0,181.0,17.0,50.0,775.4375,0.0250000084330011,263920.0,276.1020999145508,60.00205599212647,685.0
15,2,4,2018,165.0,144.518333333333,224.0,234.9499999999989,1.8,63.0,181.0,17.0,50.0,769.8125,0.0250000057149995,264020.0,276.08509979248043,60.00615999603272,685.0
16,2,4,2018,165.0,144.518333333333,224.0,234.9499999999989,1.8,65.0,181.0,16.0,50.0,769.8125,0.0250000057149995,264020.0,276.08509979248043,60.00615999603272,685.0
17,2,4,2018,165.0,144.518333333333,224.0,234.9499999999989,1.8,61.0,181.0,14.0,50.0,769.8125,0.0250000057149995,264020.0,276.08509979248043,60.00615999603272,685.0
18,2,4,2018,165.0,144.518333333333,224.0,234.9499999999989,1.8,65.0,181.0,12.0,50.0,761.8125,0.025000003215,265504.0,276.0457000732422,60.00505199432373,685.0
19,2,4,2018,165.0,144.518333333333,224.0,234.9499999999989,1.8,97.0,147.0,10.0,50.0,761.8125,0.025000003215,265504.0,276.0457000732422,60.00505199432373,685.0
20,2,4,2018,165.0,144.518333333333,224.0,234.9499999999989,1.8,103.0,118.0,8.0,50.0,761.8125,0.025000003215,265504.0,276.0457000732422,60.00505199432373,685.0
21,2,4,2018,165.0,144.518333333333,224.0,234.9499999999989,1.8,83.0,123.0,9.0,50.0,758.4375,0.0250000023270007,266204.0,276.02669982910146,60.00676399230957,685.0625
22,2,4,2018,165.0,144.518333333333,224.0,234.9499999999989,1.8,90.0,93.0,8.0,50.0,758.4375,0.0250000023270007,266204.0,276.02669982910146,60.00676399230957,685.0625
23,2,4,2018,158.0,144.518333333333,216.0,234.9499999999989,1.0,43.0,92.0,8.0,50.0,758.4375,0.0250000023270007,266204.0,276.02669982910146,60.00676399230957,685.0625
0,3,4,2018,165.0,144.518333333333,224.0,234.9499999999989,1.8,45.0,104.0,12.0,50.0,772.25,0.0250000016470011,266948.0,276.0104998779296,60.00649999237061,706.4375
1,3,4,2018,165.0,144.518333333333,224.0,234.9499999999989,1.8,51.0,66.0,13.0,50.0,772.25,0.0250000016470011,266948.0,276.0104998779296,60.00649999237061,706.4375
2,3,4,2018,114.0,144.518333333333,190.0,234.9499999999989,1.4,38.0,67.0,15.0,50.0,772.25,0.0250000016470011,266948.0,276.0104998779296,60.00649999237061,706.4375
3,3,4,2018,43.0,144.518333333333,159.0,234.9499999999989,0.6,27.0,76.0,7.0,50.00008749961853,771.875,0.0250000016040001,267196.0,276.00600006103514,60.00911199188232,733.875
4,3,4,2018,25.0,144.518333333333,139.0,227.0,0.4,27.0,72.0,4.0,50.00008749961853,771.875,0.0250000016040001,267196.0,276.00600006103514,60.00911199188232,733.875
5,3,4,2018,19.0,144.518333333333,132.0,214.0,0.3,25.0,69.0,2.0,50.00008749961853,771.875,0.0250000016040001,267196.0,276.00600006103514,60.00911199188232,733.875
6,3,4,2018,17.0,144.518333333333,134.0,218.0,0.2,19.0,85.0,2.0,50.00003125190735,767.25,0.0250000033280011,267340.0,275.96169982910146,60.00911199188232,731.1875
7,3,4,2018,12.0,144.518333333333,110.0,170.0,0.2,18.0,90.0,2.0,50.00003125190735,767.25,0.0250000033280011,267340.0,275.96169982910146,60.00911199188232,731.1875
8,3,4,2018,8.0,144.518333333333,110.0,169.0,0.2,19.0,94.0,2.0,50.00003125190735,767.25,0.0250000033280011,267340.0,275.96169982910146,60.00911199188232,731.1875
9,3,4,2018,9.0,144.518333333333,102.0,153.0,0.2,21.0,93.0,2.0,50.00041218996048,762.8125,0.0250000042640008,267340.0,275.9189999389648,60.0075719909668,700.3125
10,3,4,2018,7.0,144.518333333333,86.0,121.0,0.2,25.0,90.0,2.0,50.00041218996048,762.8125,0.0250000042640008,267340.0,275.9189999389648,60.0075719909668,700.3125
11,3,4,2018,6.0,144.518333333333,86.0,122.0,0.2,25.0,89.0,2.0,50.00041218996048,762.8125,0.0250000042640008,267340.0,275.9189999389648,60.0075719909668,700.3125
12,3,4,2018,9.0,144.518333333333,96.0,142.0,0.2,17.0,99.0,2.0,50.00032500267029,763.0625,0.0250000044449996,267340.0,275.9202999877929,60.00442799377442,685.0
13,3,4,2018,7.0,144.518333333333,73.0,95.0,0.2,17.0,98.0,2.0,50.00032500267029,763.0625,0.0250000044449996,267340.0,275.9202999877929,60.00442799377442,685.0
14,3,4,2018,4.0,142.53333333333333,80.0,109.0,0.2,16.0,98.0,2.0,50.00032500267029,763.0625,0.0250000044449996,267340.0,275.9202999877929,60.00442799377442,685.0
15,3,4,2018,6.0,134.1,120.0,190.0,0.2,17.0,94.0,2.0,50.0,763.6875,0.0250000044480003,267340.0,275.9260998535156,60.00289199066162,685.0
16,3,4,2018,7.0,125.26666666666668,114.0,177.0,0.2,19.0,92.0,2.0,50.0,763.6875,0.0250000044480003,267340.0,275.9260998535156,60.00289199066162,685.0
17,3,4,2018,5.0,116.5,68.0,85.0,0.2,22.0,81.0,2.0,50.0,763.6875,0.0250000044480003,267340.0,275.9260998535156,60.00289199066162,685.0
18,3,4,2018,3.0,107.36666666666666,21.0,6.0,0.2,28.0,67.0,2.0,50.0,762.75,0.025000004416,267340.0,275.9176998901367,60.00353199768068,685.0
19,3,4,2018,5.0,98.76666666666668,18.0,6.333333333333332,0.3,34.0,57.0,2.0,50.0,762.75,0.025000004416,267340.0,275.9176998901367,60.00353199768068,685.0
20,3,4,2018,7.0,90.73333333333332,18.0,6.666666666666668,0.3,30.0,58.0,2.0,50.0,762.75,0.025000004416,267340.0,275.9176998901367,60.00353199768068,685.0
21,3,4,2018,6.0,82.9,18.0,7.0,0.3,32.0,57.0,2.0,50.00005000114441,762.75,0.0250000045510008,267340.0,275.9172998046875,60.0032679977417,685.0625
22,3,4,2018,8.0,75.2,17.0,8.555555555555555,0.2,33.0,54.0,2.0,50.00005000114441,762.75,0.0250000045510008,267340.0,275.9172998046875,60.0032679977417,685.0625
23,3,4,2018,12.0,67.76666666666667,17.0,10.111111111111107,0.3,34.0,48.0,2.0,50.00005000114441,762.75,0.0250000045510008,267340.0,275.9172998046875,60.0032679977417,685.0625
0,4,4,2018,16.0,60.63333333333333,23.0,11.666666666666668,0.3,33.0,42.0,2.0,50.0,746.625,0.0250000034110006,267340.0,275.9416000366211,60.00337999725342,766.9375
1,4,4,2018,22.0,53.63333333333333,31.0,13.22222222222222,0.3,38.0,29.0,2.0,50.0,746.625,0.0250000034110006,267340.0,275.9416000366211,60.00337999725342,766.9375
2,4,4,2018,17.0,46.0,24.0,14.77777777777778,0.3,35.0,31.0,2.0,50.0,746.625,0.0250000034110006,267340.0,275.9416000366211,60.00337999725342,766.9375
3,4,4,2018,20.0,38.7,29.0,16.333333333333336,0.3,23.0,44.0,2.0,50.0,757.75,0.0250000023290012,267340.0,275.9598999023437,60.0063999938965,798.5
4,4,4,2018,16.0,31.03333333333333,23.0,17.88888888888889,0.2,28.0,41.0,2.0,50.0,757.75,0.0250000023290012,267340.0,275.9598999023437,60.0063999938965,798.5
5,4,4,2018,17.0,26.33333333333333,24.0,19.444444444444443,0.3,26.0,38.0,2.0,50.0,757.75,0.0250000023290012,267340.0,275.9598999023437,60.0063999938965,798.5
6,4,4,2018,18.0,21.33333333333333,26.0,21.0,0.3,40.0,26.0,2.0,50.0,760.25,0.025000002115,267340.0,275.9544998168945,60.003591995239255,770.875
7,4,4,2018,21.0,16.2,30.0,25.0,0.3,43.0,23.0,2.0,50.0,760.25,0.025000002115,267340.0,275.9544998168945,60.003591995239255,770.875
8,4,4,2018,23.0,13.166666666666666,35.0,35.0,0.3,36.0,33.0,2.0,50.0,760.25,0.025000002115,267340.0,275.9544998168945,60.003591995239255,770.875
9,4,4,2018,29.0,12.7,44.0,44.0,0.3,38.0,28.0,2.0,50.00041218996048,752.1875,0.0250000036939997,267340.0,275.89419982910147,60.00417599487304,715.0625
10,4,4,2018,22.0,12.6,31.0,39.4,0.3,39.0,40.0,2.0,50.00041218996048,752.1875,0.0250000036939997,267340.0,275.89419982910147,60.00417599487304,715.0625
11,4,4,2018,15.0,12.466666666666669,21.0,34.8,0.2,25.0,67.0,2.0,50.00041218996048,752.1875,0.0250000036939997,267340.0,275.89419982910147,60.00417599487304,715.0625
12,4,4,2018,10.0,12.233333333333333,26.0,30.200000000000006,0.2,17.0,82.0,2.0,50.00041218996048,752.5625,0.0250000037920009,267340.0,275.8975,60.00176399230957,685.0
13,4,4,2018,14.0,12.3,27.0,25.6,0.2,17.0,85.0,2.0,50.00041218996048,752.5625,0.0250000037920009,267340.0,275.8975,60.00176399230957,685.0
14,4,4,2018,12.0,12.433333333333334,26.0,21.0,0.2,18.0,84.0,2.0,50.00041218996048,752.5625,0.0250000037920009,267340.0,275.8975,60.00176399230957,685.0
15,4,4,2018,21.0,12.833333333333334,58.0,66.0,0.3,20.0,80.0,2.0,50.0,752.3125,0.0250000038780011,267340.0,275.89410003662107,60.00173599243164,685.0
16,4,4,2018,14.0,13.066666666666666,66.0,82.0,0.3,39.0,55.0,2.0,50.0,752.3125,0.0250000038780011,267340.0,275.89410003662107,60.00173599243164,685.0
17,4,4,2018,18.0,13.466666666666669,26.0,20.0,0.3,39.0,47.0,2.0,50.0,752.3125,0.0250000038780011,267340.0,275.89410003662107,60.00173599243164,685.0
18,4,4,2018,18.0,13.766666666666667,26.0,21.809523809523807,0.3,41.0,44.0,2.0,50.00041218996048,751.3125,0.0250000035020001,267320.0,275.8866998291016,60.00365199279785,685.0
19,4,4,2018,19.0,14.166666666666666,27.0,23.619047619047624,0.3,45.0,37.0,2.0,50.00041218996048,751.3125,0.0250000035020001,267320.0,275.8866998291016,60.00365199279785,685.0
20,4,4,2018,22.0,14.766666666666667,31.0,25.42857142857143,0.4,48.0,31.0,2.0,50.00041218996048,751.3125,0.0250000035020001,267320.0,275.8866998291016,60.00365199279785,685.0
21,4,4,2018,26.0,15.433333333333334,37.0,27.23809523809524,0.4,40.0,37.0,2.0,50.00041218996048,751.4375,0.0250000033580008,266980.0,275.88959991455084,60.0047439956665,685.0625
22,4,4,2018,28.0,16.133333333333333,40.0,29.04761904761905,0.4,57.0,15.0,2.0,50.00041218996048,751.4375,0.0250000033580008,266980.0,275.88959991455084,60.0047439956665,685.0625
23,4,4,2018,28.0,16.9,40.0,30.85714285714285,0.4,63.0,5.0,2.0,50.00041218996048,751.4375,0.0250000033580008,266980.0,275.88959991455084,60.0047439956665,685.0625
0,5,4,2018,28.0,17.733333333333334,40.0,32.666666666666664,0.5,50.0,12.0,2.0,50.00041218996048,754.1875,0.0250000033750012,266800.0,275.89139984130856,60.00614799499512,723.0
1,5,4,2018,32.0,18.633333333333333,46.0,34.476190476190474,0.5,44.0,14.0,2.0,50.00041218996048,754.1875,0.0250000033750012,266800.0,275.89139984130856,60.00614799499512,723.0
2,5,4,2018,32.0,19.466666666666665,46.0,36.285714285714285,0.5,39.0,16.0,2.0,50.00041218996048,754.1875,0.0250000033750012,266800.0,275.89139984130856,60.00614799499512,723.0
3,5,4,2018,34.0,20.4,49.0,38.095238095238095,0.4,28.0,36.0,2.0,50.0,756.1875,0.0250000035900008,266416.0,275.9069998168945,60.0067439956665,772.375
4,5,4,2018,33.0,21.23333333333333,47.0,39.90476190476191,0.4,22.0,44.0,2.0,50.0,756.1875,0.0250000035900008,266416.0,275.9069998168945,60.0067439956665,772.375
5,5,4,2018,38.0,22.1,54.0,41.71428571428572,0.4,23.0,43.0,2.0,50.0,756.1875,0.0250000035900008,266416.0,275.9069998168945,60.0067439956665,772.375
6,5,4,2018,37.0,22.8,53.0,43.523809523809526,0.4,19.0,54.0,2.0,50.0,759.0625,0.0250000038200002,265948.0,275.9316000366211,60.00543999481202,767.75
7,5,4,2018,29.0,23.03333333333333,41.0,45.33333333333333,0.3,20.0,57.0,2.0,50.0,759.0625,0.0250000038200002,265948.0,275.9316000366211,60.00543999481202,767.75
8,5,4,2018,26.0,23.33333333333333,37.0,47.14285714285714,0.3,22.0,58.0,2.0,50.0,759.0625,0.0250000038200002,265948.0,275.9316000366211,60.00543999481202,767.75
9,5,4,2018,34.0,23.8,49.0,48.95238095238096,0.4,24.0,54.0,2.0,50.00003125190735,760.3125,0.0250000038959998,265704.0,275.948099975586,60.00759199523926,724.375
10,5,4,2018,40.0,24.6,56.0,50.76190476190475,0.4,23.0,52.0,2.0,50.00003125190735,760.3125,0.0250000038959998,265704.0,275.948099975586,60.00759199523926,724.375
11,5,4,2018,46.0,25.566666666666663,64.0,52.57142857142857,0.4,22.0,51.0,2.0,50.00003125190735,760.3125,0.0250000038959998,265704.0,275.948099975586,60.00759199523926,724.375
12,5,4,2018,48.0,26.566666666666663,66.0,54.38095238095239,0.4,22.0,49.0,2.0,50.00003125190735,759.125,0.0250000040010008,266016.0,275.9357000732422,60.00296399688721,685.0
13,5,4,2018,55.0,27.7,75.0,56.19047619047619,0.4,23.0,47.0,2.0,50.00003125190735,759.125,0.0250000040010008,266016.0,275.9357000732422,60.00296399688721,685.0
14,5,4,2018,55.0,28.766666666666666,75.0,58.0,0.4,27.0,41.0,2.0,50.00003125190735,759.125,0.0250000040010008,266016.0,275.9357000732422,60.00296399688721,685.0
15,5,4,2018,60.0,29.8,81.0,73.0,0.4,26.0,40.0,2.0,50.0,759.5,0.0250000039670001,266452.0,275.9394998168945,60.008547996521,685.0
16,5,4,2018,64.0,31.2,86.0,92.0,0.4,28.0,39.0,2.0,50.0,759.5,0.0250000039670001,266452.0,275.9394998168945,60.008547996521,685.0
17,5,4,2018,64.0,32.833333333333336,86.0,98.0,0.4,25.0,44.0,2.0,50.0,759.5,0.0250000039670001,266452.0,275.9394998168945,60.008547996521,685.0
18,5,4,2018,70.0,34.833333333333336,94.0,108.0,0.5,33.0,37.0,2.0,50.0,757.25,0.025000001515001,266420.0,275.9382000732422,60.00911199188232,685.0
19,5,4,2018,71.0,36.73333333333333,95.0,117.0,0.5,44.0,27.0,2.0,50.0,757.25,0.025000001515001,266420.0,275.9382000732422,60.00911199188232,685.0
20,5,4,2018,73.0,38.766666666666666,98.0,132.0,0.6,55.0,13.0,2.0,50.0,757.25,0.025000001515001,266420.0,275.9382000732422,60.00911199188232,685.0
21,5,4,2018,82.0,40.8,109.0,137.0,0.6,62.0,3.0,2.0,50.00001874923706,757.1875,0.0250000014690011,266136.0,275.9382000732422,60.00911199188232,685.0625
22,5,4,2018,63.0,42.43333333333333,104.0,158.0,0.4,39.0,42.0,2.0,50.00001874923706,757.1875,0.0250000014690011,266136.0,275.9382000732422,60.00911199188232,685.0625
23,5,4,2018,24.0,42.63333333333333,176.0,234.9499999999989,0.1,14.0,88.0,2.0,50.00001874923706,757.1875,0.0250000014690011,266136.0,275.9382000732422,60.00911199188232,685.0625
0,6,4,2018,23.0,42.8,151.0,234.9499999999989,0.1,11.0,94.0,2.0,50.0,753.3125,0.0250000014230012,266688.0,275.9433999633789,60.00911199188232,741.9375
1,6,4,2018,27.0,43.06666666666667,148.0,234.9499999999989,0.1,10.0,94.0,2.0,50.0,753.3125,0.0250000014230012,266688.0,275.9433999633789,60.00911199188232,741.9375
2,6,4,2018,15.0,42.833333333333336,90.0,129.0,0.1,11.0,93.0,2.0,50.0,753.3125,0.0250000014230012,266688.0,275.9433999633789,60.00911199188232,741.9375
3,6,4,2018,3.0,42.06666666666667,44.0,44.0,0.1,11.0,93.0,2.0,50.0,758.5625,0.0250000015140008,266988.0,275.9554000854492,60.00911199188232,785.6875
4,6,4,2018,3.0,41.23333333333333,38.0,38.0,0.1,9.0,95.5,2.0,50.0,758.5625,0.0250000015140008,266988.0,275.9554000854492,60.00911199188232,785.6875
5,6,4,2018,11.0,40.66666666666666,58.0,65.0,0.1,7.0,98.0,2.0,50.0,758.5625,0.0250000015140008,266988.0,275.9554000854492,60.00911199188232,785.6875
6,6,4,2018,7.0,39.96666666666667,64.0,77.0,0.1,10.0,96.0,2.0,50.0,759.0625,0.0250000015210006,267200.0,275.96769989013666,60.00911199188232,786.625
7,6,4,2018,13.0,39.333333333333336,68.0,85.0,0.2,10.0,98.0,2.0,50.0,759.0625,0.0250000015210006,267200.0,275.96769989013666,60.00911199188232,786.625
8,6,4,2018,9.0,38.56666666666667,68.0,86.0,0.2,11.0,95.0,2.0,50.0,759.0625,0.0250000015210006,267200.0,275.96769989013666,60.00911199188232,786.625
9,6,4,2018,7.0,37.66666666666666,57.0,64.0,0.2,14.0,91.0,2.0,50.0,758.125,0.025000002034001,267252.0,275.9625,60.00911199188232,738.25
10,6,4,2018,7.0,36.8,53.0,56.0,0.2,13.0,91.0,2.0,50.0,758.125,0.025000002034001,267252.0,275.9625,60.00911199188232,738.25
11,6,4,2018,7.0,35.766666666666666,48.0,48.0,0.2,13.0,88.0,2.0,50.0,758.125,0.025000002034001,267252.0,275.9625,60.00911199188232,738.25
12,6,4,2018,6.0,34.733333333333334,36.0,36.0,0.2,13.0,89.0,2.0,50.0,756.125,0.0250000017900001,267340.0,275.9454998779296,60.00691199493408,685.0
13,6,4,2018,6.0,33.96666666666667,47.0,47.0,0.2,12.0,90.0,2.0,50.0,756.125,0.0250000017900001,267340.0,275.9454998779296,60.00691199493408,685.0
14,6,4,2018,9.0,33.4,50.0,50.0,0.2,12.0,90.0,2.0,50.0,756.125,0.0250000017900001,267340.0,275.9454998779296,60.00691199493408,685.0
15,6,4,2018,7.0,32.5,29.0,29.0,0.2,11.0,94.0,2.0,50.0,753.9375,0.025000001193,267340.0,275.9319998168945,60.00911199188232,685.0
16,6,4,2018,9.0,31.466666666666665,42.0,42.0,0.2,10.0,95.0,2.0,50.0,753.9375,0.025000001193,267340.0,275.9319998168945,60.00911199188232,685.0
17,6,4,2018,5.0,30.1,35.0,35.0,0.1,10.0,98.0,2.0,50.0,753.9375,0.025000001193,267340.0,275.9319998168945,60.00911199188232,685.0
18,6,4,2018,5.0,28.666666666666668,34.0,34.0,0.2,11.0,97.0,2.0,50.0,752.5,0.0250000012810006,267340.0,275.9157998657226,60.00511999511719,685.0
19,6,4,2018,8.0,27.1,30.0,23.0,0.2,13.0,95.0,2.0,50.0,752.5,0.0250000012810006,267340.0,275.9157998657226,60.00511999511719,685.0
20,6,4,2018,9.0,25.566666666666663,43.0,43.0,0.2,13.0,94.0,2.0,50.0,752.5,0.0250000012810006,267340.0,275.9157998657226,60.00511999511719,685.0
21,6,4,2018,5.0,23.73333333333333,33.0,33.0,0.1,11.0,99.0,2.0,50.0,751.3125,0.0250000012170001,267340.0,275.904700012207,60.00231999206543,685.125
22,6,4,2018,6.0,21.8,38.0,38.0,0.1,9.0,107.0,2.0,50.0,751.3125,0.0250000012170001,267340.0,275.904700012207,60.00231999206543,685.125
23,6,4,2018,5.0,19.83333333333333,35.0,31.0,0.1,9.0,111.0,2.0,50.0,751.3125,0.0250000012170001,267340.0,275.904700012207,60.00231999206543,685.125
0,7,4,2018,7.0,17.733333333333334,33.0,33.0,0.1,12.0,105.0,2.0,50.0,742.1875,0.0250000012210011,267324.0,275.92739990234367,60.007391998291006,773.0625
3,7,4,2018,7.0,15.6,51.0,52.0,0.2,13.0,100.0,2.0,50.0,746.125,0.0250000012570004,266756.0,275.96669982910146,60.00287199401856,856.6124999999997
4,7,4,2018,9.0,13.466666666666669,52.0,53.0,0.2,21.0,92.0,2.0,50.0,746.125,0.0250000012570004,266756.0,275.96669982910146,60.00287199401856,856.6124999999997
5,7,4,2018,6.0,10.933333333333334,41.0,41.0,0.2,17.0,94.0,3.0,50.0,746.125,0.0250000012570004,266756.0,275.96669982910146,60.00287199401856,856.6124999999997
6,7,4,2018,5.0,9.0,35.0,35.0,0.2,18.0,91.0,3.0,50.0,750.3125,0.025000001743,265788.0,276.0029998779296,60.00898399353027,856.6124999999997
7,7,4,2018,5.0,8.366666666666667,33.0,33.0,0.2,17.0,91.0,2.0,50.0,750.3125,0.025000001743,265788.0,276.0029998779296,60.00898399353027,856.6124999999997
8,7,4,2018,5.0,7.766666666666667,28.0,19.0,0.2,19.0,90.0,2.0,50.0,750.3125,0.025000001743,265788.0,276.0029998779296,60.00898399353027,856.6124999999997
9,7,4,2018,4.0,7.0,29.0,23.0,0.2,16.0,93.0,2.0,50.0,752.25,0.0250000020250007,265140.0,276.01190002441405,60.008251991271976,745.0
10,7,4,2018,6.0,6.7,30.0,20.0,0.2,16.0,97.0,2.0,50.0,752.25,0.0250000020250007,265140.0,276.01190002441405,60.008251991271976,745.0
11,7,4,2018,6.0,6.8,32.0,23.0,0.2,13.0,101.0,2.0,50.0,752.25,0.0250000020250007,265140.0,276.01190002441405,60.008251991271976,745.0
12,7,4,2018,6.0,6.9,33.0,21.0,0.2,12.0,107.0,2.0,50.0,751.0625,0.0250000023040007,264744.0,275.99350006103515,60.002387992858885,685.0
13,7,4,2018,10.0,6.866666666666666,34.0,29.0,0.2,14.0,108.0,2.0,50.0,751.0625,0.0250000023040007,264744.0,275.99350006103515,60.002387992858885,685.0
14,7,4,2018,11.0,7.0,48.0,48.0,0.2,12.0,111.0,3.0,50.0,751.0625,0.0250000023040007,264744.0,275.99350006103515,60.002387992858885,685.0
15,7,4,2018,15.0,7.066666666666666,54.0,58.0,0.2,14.0,112.0,7.0,50.0,748.9375,0.0250000025079995,264728.0,275.9658999633789,60.00469599151612,685.0
16,7,4,2018,19.0,7.4,61.0,72.0,0.3,17.0,106.0,11.0,50.0,748.9375,0.0250000025079995,264728.0,275.9658999633789,60.00469599151612,685.0
17,7,4,2018,28.0,8.1,72.0,94.0,0.3,20.0,105.0,9.0,50.0,748.9375,0.0250000025079995,264728.0,275.9658999633789,60.00469599151612,685.0
18,7,4,2018,30.0,8.866666666666667,79.0,107.0,0.3,23.0,104.0,9.0,50.0,746.5625,0.0250000026789996,264260.0,275.9366000366211,60.00434799194336,685.0
19,7,4,2018,29.0,9.6,78.0,105.0,0.3,30.0,92.0,8.0,50.0,746.5625,0.0250000026789996,264260.0,275.9366000366211,60.00434799194336,685.0
20,7,4,2018,36.0,10.6,90.0,129.0,0.4,45.0,69.0,8.0,50.0,746.5625,0.0250000026789996,264260.0,275.9366000366211,60.00434799194336,685.0
21,7,4,2018,38.0,11.666666666666666,89.0,128.0,0.4,62.0,47.0,7.0,50.0,744.6875,0.0250000026140008,264488.0,275.9163000488281,60.001815994262685,685.125
22,7,4,2018,39.0,12.666666666666666,95.0,139.0,0.6,97.0,14.0,6.0,50.0,744.6875,0.0250000026140008,264488.0,275.9163000488281,60.001815994262685,685.125
23,7,4,2018,42.0,13.833333333333334,104.0,157.0,0.5,103.0,2.0,5.0,50.0,744.6875,0.0250000026140008,264488.0,275.9163000488281,60.001815994262685,685.125
0,8,4,2018,39.0,14.833333333333334,96.0,142.0,0.5,103.0,5.0,5.0,50.0,747.375,0.0250000023580007,264792.0,275.9713998413086,60.00493999481201,774.9375
1,8,4,2018,42.0,16.066666666666666,92.0,134.0,0.6,103.0,2.0,4.0,50.0,747.375,0.0250000023580007,264792.0,275.9713998413086,60.00493999481201,774.9375
2,8,4,2018,44.0,17.366666666666667,99.0,147.0,0.6,101.0,2.0,2.0,50.0,747.375,0.0250000023580007,264792.0,275.9713998413086,60.00493999481201,774.9375
3,8,4,2018,38.0,18.366666666666667,87.0,123.0,0.5,92.0,7.0,2.0,50.0,753.5625,0.0250000024239998,264840.0,276.0282998657226,60.00321999359131,856.6124999999997
4,8,4,2018,35.0,19.23333333333333,79.0,107.0,0.5,89.0,12.0,3.0,50.0,753.5625,0.0250000024239998,264840.0,276.0282998657226,60.00321999359131,856.6124999999997
5,8,4,2018,31.0,20.1,70.0,90.0,0.4,83.0,17.0,4.0,50.0,753.5625,0.0250000024239998,264840.0,276.0282998657226,60.00321999359131,856.6124999999997
6,8,4,2018,29.0,20.866666666666667,66.0,82.0,0.4,86.0,15.0,3.0,50.0,757.8125,0.0250000025949999,264500.0,276.0676998901367,60.00421599578858,856.6124999999997
7,8,4,2018,29.0,21.666666666666668,67.0,84.0,0.5,76.0,27.0,4.0,50.0,757.8125,0.0250000025949999,264500.0,276.0676998901367,60.00421599578858,856.6124999999997
8,8,4,2018,28.0,22.366666666666667,66.0,82.0,0.4,54.0,56.0,5.0,50.0,757.8125,0.0250000025949999,264500.0,276.0676998901367,60.00421599578858,856.6124999999997
9,8,4,2018,32.0,23.2,74.0,98.0,0.4,48.0,70.0,6.0,50.0,759.0,0.025000002882,264532.0,276.06419982910154,60.00892799377442,734.1875
10,8,4,2018,33.0,24.0,79.0,108.0,0.4,47.0,72.0,4.0,50.0,759.0,0.025000002882,264532.0,276.06419982910154,60.00892799377442,734.1875
11,8,4,2018,36.0,25.0,80.0,109.0,0.5,49.0,75.0,5.0,50.0,759.0,0.025000002882,264532.0,276.06419982910154,60.00892799377442,734.1875
12,8,4,2018,33.0,25.933333333333334,73.0,96.0,0.4,39.0,86.0,5.0,50.0,756.875,0.0250000033280011,264616.0,276.035,60.00532799530029,685.0
13,8,4,2018,30.0,26.766666666666666,68.0,85.0,0.4,34.0,95.0,6.0,50.0,756.875,0.0250000033280011,264616.0,276.035,60.00532799530029,685.0
14,8,4,2018,32.0,27.666666666666668,69.0,87.0,0.4,28.0,109.0,6.0,50.0,756.875,0.0250000033280011,264616.0,276.035,60.00532799530029,685.0
15,8,4,2018,42.0,28.933333333333334,85.0,119.0,0.6,34.0,109.0,8.0,50.0,754.3125,0.0250000032989997,264776.0,276.0091000366211,60.00449599456787,685.0
16,8,4,2018,42.0,30.133333333333333,94.0,137.0,0.6,36.0,104.0,10.0,50.0,754.3125,0.0250000032989997,264776.0,276.0091000366211,60.00449599456787,685.0
17,8,4,2018,48.0,31.53333333333333,95.0,139.0,0.6,36.0,105.0,9.0,50.0,754.3125,0.0250000032989997,264776.0,276.0091000366211,60.00449599456787,685.0
18,8,4,2018,52.0,33.06666666666667,97.0,144.0,0.6,38.0,107.0,9.0,50.0,751.5625,0.0250000031860005,264672.0,275.98259979248047,60.00319599151612,685.0
19,8,4,2018,49.0,34.36666666666667,90.0,130.0,0.5,42.0,102.0,17.0,50.0,751.5625,0.0250000031860005,264672.0,275.98259979248047,60.00319599151612,685.0
20,8,4,2018,52.0,35.733333333333334,93.0,136.0,0.6,49.0,89.0,14.0,50.0,751.5625,0.0250000031860005,264672.0,275.98259979248047,60.00319599151612,685.0
21,8,4,2018,58.0,37.16666666666666,102.0,154.0,0.6,57.0,72.0,9.0,50.0,749.625,0.0250000039179995,264696.0,275.95169982910147,60.00523999786377,685.125
22,8,4,2018,62.0,38.6,108.0,166.0,0.6,64.0,59.0,8.0,50.0,749.625,0.0250000039179995,264696.0,275.95169982910147,60.00523999786377,685.125
23,8,4,2018,68.0,39.93333333333333,112.0,174.0,0.6,68.0,48.0,7.0,50.0,749.625,0.0250000039179995,264696.0,275.95169982910147,60.00523999786377,685.125
0,9,4,2018,57.0,40.833333333333336,88.0,126.0,0.5,37.0,81.0,9.0,50.0,749.625,0.0250000034779999,264672.0,275.9741998291016,60.00382799530029,773.9375
1,9,4,2018,49.0,41.5,75.0,99.0,0.5,43.0,68.0,8.0,50.0,749.625,0.0250000034779999,264672.0,275.9741998291016,60.00382799530029,773.9375
2,9,4,2018,48.0,41.9,71.0,91.0,0.4,53.0,52.0,9.0,50.0,749.625,0.0250000034779999,264672.0,275.9741998291016,60.00382799530029,773.9375
3,9,4,2018,51.0,42.333333333333336,71.0,92.0,0.4,55.0,42.0,4.0,50.0,754.8125,0.0250000034760013,264212.0,276.0295999145509,60.00619999694824,856.6124999999997
4,9,4,2018,47.0,42.6,66.0,81.0,0.4,66.0,28.0,3.0,50.0,754.8125,0.0250000034760013,264212.0,276.0295999145509,60.00619999694824,856.6124999999997
5,9,4,2018,45.0,42.7,74.0,98.0,0.6,91.0,2.0,3.0,50.0,754.8125,0.0250000034760013,264212.0,276.0295999145509,60.00619999694824,856.6124999999997
6,9,4,2018,57.0,43.3,88.0,125.0,1.0,92.0,2.0,3.0,50.0,764.625,0.0250000037629995,263476.0,276.0675,60.00341199493408,837.625
7,9,4,2018,62.0,43.96666666666667,84.0,118.0,0.9,88.0,7.0,4.0,50.0,764.625,0.0250000037629995,263476.0,276.0675,60.00341199493408,837.625
8,9,4,2018,69.0,44.8,93.0,127.0,1.0,78.0,23.0,11.0,50.0,764.625,0.0250000037629995,263476.0,276.0675,60.00341199493408,837.625
9,9,4,2018,72.0,45.93333333333333,96.0,131.0,1.1,76.0,33.0,16.0,50.0,763.875,0.0250000043020006,263076.0,276.0703997802734,60.00305199432373,715.6875
10,9,4,2018,73.0,47.2,98.0,141.0,1.1,81.0,37.0,17.0,50.0,763.875,0.0250000043020006,263076.0,276.0703997802734,60.00305199432373,715.6875
11,9,4,2018,76.0,48.7,101.0,129.0,1.4,70.0,66.0,17.0,50.0,763.875,0.0250000043020006,263076.0,276.0703997802734,60.00305199432373,715.6875
12,9,4,2018,77.0,50.3,103.0,125.0,1.6,66.0,85.0,17.0,50.0,763.0625,0.025000004784001,263084.0,276.0530999755859,60.004547996521,685.0
13,9,4,2018,75.0,51.833333333333336,100.0,134.0,1.4,57.0,110.0,17.0,50.0,763.0625,0.025000004784001,263084.0,276.0530999755859,60.004547996521,685.0
14,9,4,2018,82.0,53.63333333333333,109.0,141.0,1.4,55.0,125.0,17.0,50.0,763.0625,0.025000004784001,263084.0,276.0530999755859,60.004547996521,685.0
15,9,4,2018,90.0,55.56666666666667,119.0,154.0,1.3,47.0,145.0,17.0,50.0,759.5625,0.0250000046459995,262952.0,276.02190002441404,60.0055359954834,685.0
16,9,4,2018,100.0,57.8,131.0,165.0,1.4,49.0,149.0,17.0,50.0,759.5625,0.0250000046459995,262952.0,276.02190002441404,60.0055359954834,685.0
17,9,4,2018,106.0,60.13333333333333,139.0,179.0,1.5,55.0,151.0,17.0,50.0,759.5625,0.0250000046459995,262952.0,276.02190002441404,60.0055359954834,685.0
18,9,4,2018,115.0,62.86666666666667,150.0,183.0,1.4,52.0,166.0,17.0,50.0,758.5,0.0250000051210001,262684.0,276.00320007324217,60.0027919921875,685.0
19,9,4,2018,117.0,65.76666666666667,153.0,186.0,1.4,70.0,141.0,17.0,50.0,758.5,0.0250000051210001,262684.0,276.00320007324217,60.0027919921875,685.0
20,9,4,2018,118.0,68.63333333333334,154.0,221.0,1.8,103.0,73.0,17.0,50.0,758.5,0.0250000051210001,262684.0,276.00320007324217,60.0027919921875,685.0
21,9,4,2018,130.0,71.56666666666666,171.0,234.9499999999989,1.6,103.0,61.0,17.0,50.0,757.875,0.0250000056680012,262540.0,275.98789978027344,60.00165999603272,685.125
22,9,4,2018,127.0,74.4,167.0,234.9499999999989,1.6,103.0,30.0,17.0,50.0,757.875,0.0250000056680012,262540.0,275.98789978027344,60.00165999603272,685.125
23,9,4,2018,110.0,76.46666666666667,144.0,225.0,1.3,85.0,75.0,16.0,50.0,757.875,0.0250000056680012,262540.0,275.98789978027344,60.00165999603272,685.125
0,10,4,2018,100.0,78.06666666666666,131.0,208.0,1.4,83.0,55.0,13.0,50.0,759.375,0.0250000055580008,262612.0,276.0320999145508,60.00393199157715,771.125
1,10,4,2018,93.0,79.53333333333333,129.0,207.0,1.6,89.0,27.0,12.0,50.0,759.375,0.0250000055580008,262612.0,276.0320999145508,60.00393199157715,771.125
2,10,4,2018,89.0,80.76666666666667,129.0,207.0,1.8,103.0,8.0,15.0,50.0,759.375,0.0250000055580008,262612.0,276.0320999145508,60.00393199157715,771.125
3,10,4,2018,92.0,81.9,126.0,201.0,1.7,103.0,6.0,15.0,50.0,763.0625,0.0250000031640008,262776.0,276.104400024414,60.00911199188232,856.6124999999997
4,10,4,2018,85.0,82.66666666666667,122.0,193.0,1.7,103.0,5.5,16.0,50.0,763.0625,0.0250000031640008,262776.0,276.104400024414,60.00911199188232,856.6124999999997
5,10,4,2018,87.0,83.3,124.0,198.0,1.7,103.0,5.0,15.0,50.0,763.0625,0.0250000031640008,262776.0,276.104400024414,60.00911199188232,856.6124999999997
6,10,4,2018,92.0,84.46666666666667,129.0,208.0,1.7,103.0,2.0,12.0,50.0,763.6875,0.0250000030860006,263000.0,276.1205999755859,60.00911199188232,856.6124999999997
7,10,4,2018,102.0,86.23333333333333,134.0,212.0,1.7,99.0,8.0,13.0,50.0,763.6875,0.0250000030860006,263000.0,276.1205999755859,60.00911199188232,856.6124999999997
8,10,4,2018,104.0,88.1,139.0,227.0,1.7,98.0,14.0,17.0,50.0,763.6875,0.0250000030860006,263000.0,276.1205999755859,60.00911199188232,856.6124999999997
9,10,4,2018,106.0,89.93333333333334,157.0,234.9499999999989,1.8,93.0,29.0,17.0,50.0,762.1875,0.0250000033030007,263460.0,276.0966998291016,60.00911199188232,754.9375
10,10,4,2018,111.0,92.06666666666666,155.0,234.9499999999989,1.7,75.0,63.0,17.0,50.0,762.1875,0.0250000033030007,263460.0,276.0966998291016,60.00911199188232,754.9375
11,10,4,2018,88.0,93.5,147.0,234.9499999999989,1.0,38.0,101.0,17.0,50.0,762.1875,0.0250000033030007,263460.0,276.0966998291016,60.00911199188232,754.9375
12,10,4,2018,22.0,92.33333333333331,179.0,234.9499999999989,0.2,11.0,103.0,2.0,50.0,759.3125,0.0250000032519996,264272.0,276.06959991455074,60.00358799743653,685.0
13,10,4,2018,17.0,90.83333333333331,117.0,183.0,0.1,10.0,107.0,2.0,50.0,759.3125,0.0250000032519996,264272.0,276.06959991455074,60.00358799743653,685.0
14,10,4,2018,20.0,89.2,135.0,219.0,0.1,11.0,106.0,2.0,50.0,759.3125,0.0250000032519996,264272.0,276.06959991455074,60.00358799743653,685.0
15,10,4,2018,14.0,87.26666666666667,135.0,219.0,0.2,11.0,101.0,2.0,50.0,756.9375,0.0250000031260009,264280.0,276.0485998535156,60.0053039932251,685.0
16,10,4,2018,14.0,85.3,155.0,234.9499999999989,0.2,10.0,104.0,2.0,50.0,756.9375,0.0250000031260009,264280.0,276.0485998535156,60.0053039932251,685.0
17,10,4,2018,6.0,82.96666666666667,79.0,108.0,0.2,11.0,106.0,2.0,50.0,756.9375,0.0250000031260009,264280.0,276.0485998535156,60.0053039932251,685.0
18,10,4,2018,10.0,80.73333333333333,53.0,56.0,0.2,13.0,102.0,2.0,50.0,751.75,0.0250000037479996,264884.0,275.98339996337893,60.00131999206543,685.0
19,10,4,2018,8.0,78.5,45.0,45.0,0.2,20.0,92.0,2.0,50.0,751.75,0.0250000037479996,264884.0,275.98339996337893,60.00131999206543,685.0
20,10,4,2018,7.0,76.0,40.0,40.0,0.2,22.0,88.0,2.0,50.0,751.75,0.0250000037479996,264884.0,275.98339996337893,60.00131999206543,685.0
21,10,4,2018,8.0,73.26666666666667,46.0,46.0,0.2,18.0,91.0,2.0,50.0,749.8125,0.0250000040000006,265060.0,275.9604998779297,60.00155199432373,685.125
22,10,4,2018,6.0,70.13333333333334,28.0,26.0,0.2,21.0,89.0,2.0,50.0,749.8125,0.0250000040000006,265060.0,275.9604998779297,60.00155199432373,685.125
23,10,4,2018,5.0,66.76666666666667,47.0,47.0,0.2,27.0,81.0,2.0,50.0,749.8125,0.0250000040000006,265060.0,275.9604998779297,60.00155199432373,685.125
0,11,4,2018,5.0,63.1,35.0,35.0,0.2,45.0,59.0,3.0,50.0,756.0625,0.0250000040160007,265220.0,276.0367999267578,60.00468399810791,776.4375
1,11,4,2018,14.0,59.66666666666666,37.0,37.0,0.2,47.0,56.0,3.0,50.0,756.0625,0.0250000040160007,265220.0,276.0367999267578,60.00468399810791,776.4375
2,11,4,2018,10.0,56.06666666666667,43.0,43.0,0.2,57.0,40.0,3.0,50.0,756.0625,0.0250000040160007,265220.0,276.0367999267578,60.00468399810791,776.4375
3,11,4,2018,8.0,52.0,46.0,46.0,0.2,74.0,22.0,3.0,50.0,761.5,0.0250000030960012,264972.0,276.1032000732422,60.00911199188232,856.6124999999997
4,11,4,2018,14.0,48.23333333333333,62.0,73.0,0.3,91.0,2.0,4.0,50.0,761.5,0.0250000030960012,264972.0,276.1032000732422,60.00911199188232,856.6124999999997
5,11,4,2018,17.0,45.13333333333333,64.0,77.0,0.3,82.0,2.0,4.0,50.0,761.5,0.0250000030960012,264972.0,276.1032000732422,60.00911199188232,856.6124999999997
6,11,4,2018,13.0,42.23333333333333,55.0,59.0,0.4,72.0,3.0,3.0,50.0,765.3125,0.025000002731001,264356.0,276.12820007324217,60.00365199279785,856.6124999999997
7,11,4,2018,14.0,39.6,63.0,75.0,0.4,71.0,7.0,5.0,50.0,765.3125,0.025000002731001,264356.0,276.12820007324217,60.00365199279785,856.6124999999997
8,11,4,2018,22.0,37.36666666666667,62.0,74.0,0.4,74.0,27.0,7.0,50.0,765.3125,0.025000002731001,264356.0,276.12820007324217,60.00365199279785,856.6124999999997
9,11,4,2018,17.0,34.86666666666667,59.0,67.0,0.3,44.0,62.0,6.0,50.0,766.25,0.0250000034539997,263912.0,276.11720001220704,60.00889999389649,723.8125
10,11,4,2018,27.0,32.93333333333333,58.0,65.0,0.3,34.0,74.0,6.0,50.0,766.25,0.0250000034539997,263912.0,276.11720001220704,60.00889999389649,723.8125
11,11,4,2018,19.0,30.666666666666668,52.0,53.0,0.3,28.0,87.0,6.0,50.0,766.25,0.0250000034539997,263912.0,276.11720001220704,60.00889999389649,723.8125
12,11,4,2018,15.0,28.1,43.0,43.0,0.2,23.0,99.0,5.0,50.0,761.0625,0.0250000040509998,263688.0,276.0641000366211,60.00378399658203,685.0
13,11,4,2018,11.0,25.066666666666663,36.0,27.0,0.2,14.0,116.0,3.0,50.0,761.0625,0.0250000040509998,263688.0,276.0641000366211,60.00378399658203,685.0
14,11,4,2018,13.0,22.03333333333333,40.0,40.0,0.2,16.0,123.0,5.0,50.0,761.0625,0.0250000040509998,263688.0,276.0641000366211,60.00378399658203,685.0
15,11,4,2018,27.0,19.4,81.0,112.0,0.3,20.0,140.0,9.0,50.0,760.9375,0.0250000048390012,264828.0,276.04539978027344,60.00377199554443,685.0
16,11,4,2018,30.0,16.7,73.0,96.0,0.3,21.0,143.0,9.0,50.0,760.9375,0.0250000048390012,264828.0,276.04539978027344,60.00377199554443,685.0
17,11,4,2018,30.0,14.766666666666667,80.0,110.0,0.3,22.0,134.0,8.0,50.0,760.9375,0.0250000048390012,264828.0,276.04539978027344,60.00377199554443,685.0
18,11,4,2018,27.0,14.933333333333334,80.0,110.0,0.3,24.0,128.0,6.0,50.0,756.8125,0.0250000049970001,264928.0,276.0010998535156,60.0020239944458,685.0
19,11,4,2018,23.0,15.133333333333333,81.0,111.0,0.3,36.0,103.0,6.0,50.0,756.8125,0.0250000049970001,264928.0,276.0010998535156,60.0020239944458,685.0
20,11,4,2018,25.0,15.3,82.0,113.0,0.3,39.0,92.0,7.0,50.0,756.8125,0.0250000049970001,264928.0,276.0010998535156,60.0020239944458,685.0
21,11,4,2018,29.0,15.8,82.0,113.0,0.4,43.0,81.0,9.0,50.0,755.3125,0.025000004234001,265520.0,276.0003997802734,60.00373199462891,685.125
22,11,4,2018,33.0,16.433333333333334,84.0,117.0,0.4,67.0,50.0,9.0,50.0,755.3125,0.025000004234001,265520.0,276.0003997802734,60.00373199462891,685.125
23,11,4,2018,47.0,17.8,100.0,150.0,0.5,79.0,34.0,13.0,50.0,755.3125,0.025000004234001,265520.0,276.0003997802734,60.00373199462891,685.125
0,12,4,2018,54.0,19.266666666666666,110.0,169.0,0.5,103.0,6.0,10.0,50.0,756.9375,0.0250000030150003,266168.0,276.032200012207,60.005943992614746,770.3125
1,12,4,2018,55.0,20.83333333333333,112.0,173.0,0.6,103.0,2.0,8.0,50.0,756.9375,0.0250000030150003,266168.0,276.032200012207,60.005943992614746,770.3125
2,12,4,2018,46.0,22.133333333333333,111.0,172.0,0.5,96.0,2.0,7.0,50.0,756.9375,0.0250000030150003,266168.0,276.032200012207,60.005943992614746,770.3125
3,12,4,2018,36.0,23.066666666666663,101.0,151.0,0.3,94.0,2.0,6.0,50.0,762.3125,0.0250000031669996,266404.0,276.0703997802734,60.00861999511719,856.6124999999997
4,12,4,2018,25.0,23.7,66.0,82.0,0.2,85.0,6.0,5.0,50.0,762.3125,0.0250000031669996,266404.0,276.0703997802734,60.00861999511719,856.6124999999997
5,12,4,2018,13.0,23.966666666666665,44.0,44.0,0.2,81.0,10.0,2.0,50.0,762.3125,0.0250000031669996,266404.0,276.0703997802734,60.00861999511719,856.6124999999997
6,12,4,2018,15.0,24.3,65.0,79.0,0.2,82.0,5.0,2.0,50.0,764.5625,0.0250000034299995,266192.0,276.1,60.00833599090576,856.6124999999997
7,12,4,2018,14.0,24.3,68.0,85.0,0.3,75.0,14.0,4.0,50.0,764.5625,0.0250000034299995,266192.0,276.1,60.00833599090576,856.6124999999997
8,12,4,2018,39.0,25.266666666666666,121.0,192.0,1.0,68.0,28.0,17.0,50.0,764.5625,0.0250000034299995,266192.0,276.1,60.00833599090576,856.6124999999997
9,12,4,2018,35.0,26.166666666666668,121.0,191.0,0.7,43.0,55.0,12.0,50.00004375457764,763.25,0.0250000030950009,266212.0,276.082200012207,60.00733199310303,741.625
10,12,4,2018,25.0,26.53333333333333,110.0,170.0,0.4,30.0,76.0,7.0,50.00004375457764,763.25,0.0250000030950009,266212.0,276.082200012207,60.00733199310303,741.625
11,12,4,2018,30.0,26.966666666666665,114.0,178.0,0.7,35.0,79.0,9.0,50.00004375457764,763.25,0.0250000030950009,266212.0,276.082200012207,60.00733199310303,741.625
12,12,4,2018,31.0,27.566666666666663,118.0,186.0,0.7,34.0,89.0,10.0,50.0,758.1875,0.0250000026719998,266616.0,276.0410998535156,60.00642399597168,685.0
13,12,4,2018,45.0,28.6,121.0,191.0,0.7,31.0,102.0,12.0,50.0,758.1875,0.0250000026719998,266616.0,276.0410998535156,60.00642399597168,685.0
14,12,4,2018,39.0,29.166666666666668,112.0,174.0,0.6,23.0,121.0,10.0,50.0,758.1875,0.0250000026719998,266616.0,276.0410998535156,60.00642399597168,685.0
15,12,4,2018,40.0,29.933333333333334,108.0,165.0,0.4,24.0,122.0,8.0,50.0,756.6875,0.0250000024570003,266624.0,276.0295999145509,60.0038039932251,685.0
16,12,4,2018,33.0,30.133333333333333,110.0,169.0,0.4,21.0,124.0,7.0,50.0,756.6875,0.0250000024570003,266624.0,276.0295999145509,60.0038039932251,685.0
17,12,4,2018,64.0,31.633333333333333,99.0,148.0,0.3,20.0,130.0,6.0,50.0,756.6875,0.0250000024570003,266624.0,276.0295999145509,60.0038039932251,685.0
18,12,4,2018,22.0,31.866666666666667,94.0,137.0,0.3,26.0,117.0,4.0,50.0,755.8125,0.0250000023839995,266912.0,276.0219998168945,60.0053159942627,685.0
19,12,4,2018,24.0,32.3,105.0,159.0,0.4,37.0,99.0,4.0,50.0,755.8125,0.0250000023839995,266912.0,276.0219998168945,60.0053159942627,685.0
20,12,4,2018,23.0,32.63333333333333,109.0,167.0,0.3,41.0,80.0,4.0,50.0,755.8125,0.0250000023839995,266912.0,276.0219998168945,60.0053159942627,685.0
21,12,4,2018,17.0,32.3,92.0,133.0,0.4,48.0,67.0,4.0,50.0,755.625,0.0250000030010007,267076.0,276.00940002441405,60.000643997192384,685.125
22,12,4,2018,17.0,31.866666666666667,75.0,100.0,0.3,34.0,81.0,4.0,50.0,755.625,0.0250000030010007,267076.0,276.00940002441405,60.000643997192384,685.125
23,12,4,2018,12.0,31.266666666666666,64.0,77.0,0.3,30.0,83.0,4.0,50.0,755.625,0.0250000030010007,267076.0,276.00940002441405,60.000643997192384,685.125
0,13,4,2018,13.0,30.8,59.0,68.0,0.4,46.0,62.0,4.0,50.00013750076294,770.0625,0.0250000038900002,267076.0,276.004400024414,60.00205199432373,717.25
1,13,4,2018,15.0,30.53333333333333,60.0,70.0,0.4,56.0,53.0,5.0,50.00013750076294,770.0625,0.0250000038900002,267076.0,276.004400024414,60.00205199432373,717.25
2,13,4,2018,19.0,30.33333333333333,55.0,60.0,0.4,55.0,50.0,5.0,50.00013750076294,770.0625,0.0250000038900002,267076.0,276.004400024414,60.00205199432373,717.25
3,13,4,2018,20.0,30.03333333333333,66.0,82.0,0.4,61.0,44.0,6.0,50.00041218996048,769.0625,0.0250000050109997,266944.0,275.98699981689447,60.00179999542236,751.125
4,13,4,2018,26.0,29.8,63.0,76.0,0.6,62.0,41.0,8.0,50.00041218996048,769.0625,0.0250000050109997,266944.0,275.98699981689447,60.00179999542236,751.125
5,13,4,2018,18.0,28.83333333333333,61.0,71.0,0.7,80.0,21.0,10.0,50.00041218996048,769.0625,0.0250000050109997,266944.0,275.98699981689447,60.00179999542236,751.125
6,13,4,2018,27.0,27.933333333333334,69.0,87.0,1.2,69.0,30.0,17.0,50.0,774.125,0.0250000069900006,266780.0,275.99380004882806,60.00168399810791,717.0625
7,13,4,2018,36.0,27.3,76.0,101.0,1.3,75.0,27.0,17.0,50.0,774.125,0.0250000069900006,266780.0,275.99380004882806,60.00168399810791,717.0625
8,13,4,2018,36.0,26.966666666666665,105.0,159.0,1.0,80.0,13.0,7.0,50.0,774.125,0.0250000069900006,266780.0,275.99380004882806,60.00168399810791,717.0625
9,13,4,2018,33.0,26.866666666666667,72.0,94.0,0.8,67.0,28.0,6.0,50.00041218996048,771.875,0.0250000072000008,266516.0,275.98779998779287,60.00606799316406,692.9375
10,13,4,2018,61.0,28.066666666666663,83.0,114.0,0.8,64.0,31.0,4.0,50.00041218996048,771.875,0.0250000072000008,266516.0,275.98779998779287,60.00606799316406,692.9375
11,13,4,2018,37.0,28.866666666666667,65.0,79.0,0.8,63.0,32.0,3.0,50.00041218996048,771.875,0.0250000072000008,266516.0,275.98779998779287,60.00606799316406,692.9375
12,13,4,2018,38.0,29.633333333333333,68.0,85.0,0.8,63.0,30.0,2.0,50.00041218996048,771.0,0.0250000071569997,266516.0,275.98079986572264,60.005639991760255,685.0
13,13,4,2018,38.0,30.433333333333334,57.0,64.0,0.9,65.0,31.0,2.0,50.00041218996048,771.0,0.0250000071569997,266516.0,275.98079986572264,60.005639991760255,685.0
14,13,4,2018,41.0,30.5,58.0,66.0,1.0,66.0,28.0,2.0,50.00041218996048,771.0,0.0250000071569997,266516.0,275.98079986572264,60.005639991760255,685.0
15,13,4,2018,40.0,30.666666666666668,56.0,58.0,0.8,56.0,40.0,2.0,50.0,770.5,0.0250000052930004,266372.0,275.9830999755859,60.00588399505615,685.0
16,13,4,2018,38.0,31.1,54.0,51.0,0.8,49.0,42.0,2.0,50.0,770.5,0.0250000052930004,266372.0,275.9830999755859,60.00588399505615,685.0
17,13,4,2018,32.0,31.166666666666668,46.0,41.0,0.7,44.0,43.0,2.0,50.0,770.5,0.0250000052930004,266372.0,275.9830999755859,60.00588399505615,685.0
18,13,4,2018,27.0,31.03333333333333,39.0,74.81818181818181,0.6,36.0,60.0,2.0,50.0,770.5,0.0250000067830011,265996.0,275.9779998779297,60.00343599700928,685.0
19,13,4,2018,36.0,30.73333333333333,51.0,108.63636363636364,0.6,30.0,74.0,2.0,50.0,770.5,0.0250000067830011,265996.0,275.9779998779297,60.00343599700928,685.0
20,13,4,2018,41.0,30.8,58.0,142.45454545454547,0.6,29.0,68.0,2.0,50.0,770.5,0.0250000067830011,265996.0,275.9779998779297,60.00343599700928,685.0
21,13,4,2018,35.0,30.633333333333333,50.0,176.27272727272728,0.5,27.0,70.0,2.0,50.00008749961853,769.3125,0.0250000041110012,266120.0,275.9782000732422,60.00259599304199,685.125
22,13,4,2018,33.0,30.633333333333333,47.0,210.0909090909091,0.5,21.0,71.0,2.0,50.00008749961853,769.3125,0.0250000041110012,266120.0,275.9782000732422,60.00259599304199,685.125
23,13,4,2018,33.0,29.6,47.0,234.9499999999989,0.5,22.0,65.0,2.0,50.00008749961853,769.3125,0.0250000041110012,266120.0,275.9782000732422,60.00259599304199,685.125
0,14,4,2018,34.0,30.0,49.0,234.9499999999989,0.4,21.0,65.0,2.0,50.00008749961853,753.625,0.0250000028809998,266300.0,275.9847998046875,60.00452799224853,766.6875
1,14,4,2018,20.0,29.866666666666667,29.0,234.9499999999989,0.3,18.0,75.0,2.0,50.00008749961853,753.625,0.0250000028809998,266300.0,275.9847998046875,60.00452799224853,766.6875
2,14,4,2018,22.0,29.83333333333333,31.0,234.9499999999989,0.3,20.0,67.0,2.0,50.00008749961853,753.625,0.0250000028809998,266300.0,275.9847998046875,60.00452799224853,766.6875
3,14,4,2018,29.0,30.23333333333333,41.0,234.9499999999989,0.3,27.0,55.0,2.0,50.0,755.25,0.0250000022219996,266188.0,276.02459991455083,60.00911199188232,856.6124999999997
4,14,4,2018,152.0,34.733333333333334,224.0,234.9499999999989,0.1,12.0,74.5,2.0,50.0,755.25,0.0250000022219996,266188.0,276.02459991455083,60.00911199188232,856.6124999999997
5,14,4,2018,77.0,36.9,224.0,234.9499999999989,0.1,11.0,94.0,2.0,50.0,755.25,0.0250000022219996,266188.0,276.02459991455083,60.00911199188232,856.6124999999997
6,14,4,2018,27.0,37.36666666666667,151.0,234.9499999999989,0.1,12.0,95.0,2.0,50.0,756.5,0.0250000021359995,265688.0,276.05589996337886,60.00911199188232,856.6124999999997
7,14,4,2018,20.0,37.53333333333333,97.0,143.0,0.1,12.0,94.0,2.0,50.0,756.5,0.0250000021359995,265688.0,276.05589996337886,60.00911199188232,856.6124999999997
8,14,4,2018,16.0,37.43333333333333,73.0,95.0,0.1,15.0,92.0,2.0,50.0,756.5,0.0250000021359995,265688.0,276.05589996337886,60.00911199188232,856.6124999999997
10,14,4,2018,9.0,37.06666666666667,53.0,56.0,0.1,14.0,100.0,2.0,50.0,756.5,0.0250000021359995,265688.0,276.05589996337886,60.00911199188232,856.6124999999997
11,14,4,2018,9.0,36.5,44.0,44.0,0.2,14.0,104.0,2.0,50.0,756.5,0.0250000021359995,265688.0,276.05589996337886,60.00911199188232,856.6124999999997
12,14,4,2018,8.0,36.16666666666666,35.0,35.0,0.2,14.0,109.0,2.0,50.0,755.0,0.0250000014310013,265876.0,276.0417999267578,60.0072679977417,685.0625
13,14,4,2018,11.0,35.63333333333333,49.0,49.0,0.1,13.0,113.0,2.0,50.0,755.0,0.0250000014310013,265876.0,276.0417999267578,60.0072679977417,685.0625
14,14,4,2018,6.0,34.63333333333333,67.0,84.0,0.1,12.0,116.0,2.0,50.0,755.0,0.0250000014310013,265876.0,276.0417999267578,60.0072679977417,685.0625
15,14,4,2018,14.0,33.9,90.0,130.0,0.1,13.0,113.0,2.0,50.0,753.5625,0.0250000016840007,266328.0,276.0207000732421,60.00427199554444,685.0
16,14,4,2018,16.0,33.333333333333336,113.0,175.0,0.1,12.0,113.0,2.0,50.0,753.5625,0.0250000016840007,266328.0,276.0207000732421,60.00427199554444,685.0
17,14,4,2018,26.0,32.166666666666664,142.0,234.0,0.1,13.0,110.0,2.0,50.0,753.5625,0.0250000016840007,266328.0,276.0207000732421,60.00427199554444,685.0
18,14,4,2018,30.0,31.933333333333334,182.0,234.9499999999989,0.1,14.0,108.0,2.0,50.0,751.1875,0.0250000021669995,266296.0,275.98529998779287,60.00235599517822,685.0
19,14,4,2018,41.0,32.03333333333333,182.0,234.9499999999989,0.1,17.0,103.0,2.0,50.0,751.1875,0.0250000021669995,266296.0,275.98529998779287,60.00235599517822,685.0
20,14,4,2018,32.0,31.83333333333333,179.0,234.9499999999989,0.2,20.0,98.0,2.0,50.0,751.1875,0.0250000021669995,266296.0,275.98529998779287,60.00235599517822,685.0
21,14,4,2018,40.0,31.8,224.0,234.9499999999989,0.2,24.0,92.0,2.0,50.0,748.0,0.0250000027499999,266520.0,275.9389999389648,60.00328799438476,685.125
22,14,4,2018,42.0,31.866666666666667,224.0,234.9499999999989,0.1,21.0,94.0,2.0,50.0,748.0,0.0250000027499999,266520.0,275.9389999389648,60.00328799438476,685.125
23,14,4,2018,35.0,31.766666666666666,185.0,234.9499999999989,0.1,21.0,92.0,2.0,50.0,748.0,0.0250000027499999,266520.0,275.9389999389648,60.00328799438476,685.125
0,15,4,2018,31.0,31.73333333333333,146.0,234.9499999999989,0.1,24.0,87.0,2.0,50.0,751.625,0.0250000021979995,266608.0,276.0194998168945,60.00367199707031,783.5
1,15,4,2018,25.0,31.666666666666668,116.0,181.0,0.1,29.0,80.0,2.0,50.0,751.625,0.0250000021979995,266608.0,276.0194998168945,60.00367199707031,783.5
2,15,4,2018,20.0,31.133333333333333,92.0,134.0,0.1,26.0,81.0,2.0,50.0,751.625,0.0250000021979995,266608.0,276.0194998168945,60.00367199707031,783.5
3,15,4,2018,19.0,30.4,81.0,111.0,0.1,33.0,70.0,2.0,50.0,756.5625,0.0250000020800009,266440.0,276.065,60.00423199462891,856.6124999999997
4,15,4,2018,21.0,29.933333333333334,78.0,106.0,0.2,54.0,50.0,2.0,50.0,756.5625,0.0250000020800009,266440.0,276.065,60.00423199462891,856.6124999999997
5,15,4,2018,28.0,29.766666666666666,96.0,141.0,0.3,80.0,19.0,2.0,50.0,756.5625,0.0250000020800009,266440.0,276.065,60.00423199462891,856.6124999999997
6,15,4,2018,31.0,29.7,108.0,165.0,0.3,90.0,2.0,2.0,50.0,758.4375,0.0250000019490011,265836.0,276.0885998535156,60.00690799713135,856.6124999999997
7,15,4,2018,33.0,29.666666666666668,112.0,173.0,0.4,86.0,4.0,2.0,50.0,758.4375,0.0250000019490011,265836.0,276.0885998535156,60.00690799713135,856.6124999999997
8,15,4,2018,29.0,29.966666666666665,85.0,119.0,0.4,75.0,18.0,2.0,50.0,758.4375,0.0250000019490011,265836.0,276.0885998535156,60.00690799713135,856.6124999999997
9,15,4,2018,21.0,29.933333333333334,72.0,93.0,0.3,58.0,45.0,2.0,50.0,761.25,0.0250000024070013,265576.0,276.0863000488281,60.00911199188232,754.6875
10,15,4,2018,13.0,29.4,49.0,49.0,0.2,24.0,89.0,2.0,50.0,761.25,0.0250000024070013,265576.0,276.0863000488281,60.00911199188232,754.6875
11,15,4,2018,13.0,24.766666666666666,53.0,55.0,0.2,17.0,109.0,2.0,50.0,761.25,0.0250000024070013,265576.0,276.0863000488281,60.00911199188232,754.6875
12,15,4,2018,14.0,22.666666666666668,57.0,63.0,0.1,16.0,115.0,2.0,50.0,756.6875,0.0250000029290001,265724.0,276.04660003662104,60.00428399658203,685.0625
13,15,4,2018,13.0,22.2,52.0,54.0,0.1,14.0,118.0,2.0,50.0,756.6875,0.0250000029290001,265724.0,276.04660003662104,60.00428399658203,685.0625
14,15,4,2018,12.0,21.933333333333334,46.0,46.0,0.1,13.0,120.0,2.0,50.0,756.6875,0.0250000029290001,265724.0,276.04660003662104,60.00428399658203,685.0625
15,15,4,2018,10.0,21.73333333333333,55.0,60.0,0.1,12.0,125.0,2.0,50.0,755.1875,0.0250000035350006,265956.0,276.0207998657225,60.00549599456787,685.0
16,15,4,2018,15.0,21.933333333333334,57.0,64.0,0.1,14.0,124.0,2.0,50.0,755.1875,0.0250000035350006,265956.0,276.0207998657225,60.00549599456787,685.0
17,15,4,2018,20.0,22.3,66.0,82.0,0.2,16.0,124.0,2.0,50.0,755.1875,0.0250000035350006,265956.0,276.0207998657225,60.00549599456787,685.0
18,15,4,2018,22.0,22.766666666666666,67.0,83.0,0.2,19.0,122.0,2.0,50.0,753.125,0.0250000038910005,265820.0,275.9969998168945,60.00405199432373,685.0
19,15,4,2018,24.0,23.2,69.0,87.0,0.2,30.0,104.0,3.0,50.0,753.125,0.0250000038910005,265820.0,275.9969998168945,60.00405199432373,685.0
20,15,4,2018,26.0,23.866666666666667,76.0,102.0,0.3,41.0,83.0,4.0,50.0,753.125,0.0250000038910005,265820.0,275.9969998168945,60.00405199432373,685.0
21,15,4,2018,30.0,24.4,83.0,115.0,0.4,72.0,48.0,5.0,50.0,750.1875,0.0250000040370002,265860.0,275.9613998413085,60.00215199279785,685.125
22,15,4,2018,32.0,24.933333333333334,83.0,116.0,0.3,57.0,58.0,9.0,50.0,750.1875,0.0250000040370002,265860.0,275.9613998413085,60.00215199279785,685.125
23,15,4,2018,36.0,25.266666666666666,79.0,108.0,0.3,53.0,59.0,11.0,50.0,750.1875,0.0250000040370002,265860.0,275.9613998413085,60.00215199279785,685.125
0,16,4,2018,39.0,25.566666666666663,86.0,121.0,0.4,47.0,57.0,12.0,50.0,754.8125,0.0250000041260011,265936.0,276.00929992675776,60.00371999359131,777.625
1,16,4,2018,40.0,25.53333333333333,88.0,125.0,0.4,56.0,43.0,8.0,50.0,754.8125,0.0250000041260011,265936.0,276.00929992675776,60.00371999359131,777.625
2,16,4,2018,41.0,25.83333333333333,89.0,127.0,0.5,62.0,34.0,9.0,50.0,754.8125,0.0250000041260011,265936.0,276.00929992675776,60.00371999359131,777.625
3,16,4,2018,43.0,25.933333333333334,92.0,134.0,0.5,95.0,3.0,6.0,50.0,761.9375,0.025000004261,265692.0,276.0703997802734,60.00332399749756,856.6124999999997
4,16,4,2018,41.0,25.9,92.0,133.0,0.5,89.0,2.5,4.0,50.0,761.9375,0.025000004261,265692.0,276.0703997802734,60.00332399749756,856.6124999999997
5,16,4,2018,40.0,26.066666666666663,97.0,144.0,0.4,78.0,2.0,3.0,50.0,761.9375,0.025000004261,265692.0,276.0703997802734,60.00332399749756,856.6124999999997
6,16,4,2018,53.0,26.8,112.0,173.0,0.5,80.0,2.0,3.0,50.0,765.0625,0.0250000037949998,265124.0,276.1126998901367,60.00911199188232,856.6124999999997
7,16,4,2018,54.0,27.766666666666666,112.0,174.0,0.6,80.0,2.0,4.0,50.0,765.0625,0.0250000037949998,265124.0,276.1126998901367,60.00911199188232,856.6124999999997
8,16,4,2018,165.0,34.36666666666667,224.0,170.5,0.6,85.0,6.0,8.0,50.0,765.0625,0.0250000037949998,265124.0,276.1126998901367,60.00911199188232,856.6124999999997
9,16,4,2018,62.0,35.8,109.0,167.0,0.6,72.0,27.0,13.0,50.0,767.0,0.0250000048920009,264840.0,276.1066998291016,60.00911199188232,755.3125
10,16,4,2018,63.0,37.2,99.0,147.0,0.6,68.0,43.0,17.0,50.0,767.0,0.0250000048920009,264840.0,276.1066998291016,60.00911199188232,755.3125
11,16,4,2018,64.0,38.4,108.0,165.0,0.7,59.0,72.0,17.0,50.0,767.0,0.0250000048920009,264840.0,276.1066998291016,60.00911199188232,755.3125
12,16,4,2018,80.0,40.03333333333333,132.0,214.0,0.9,48.0,114.0,17.0,50.0,765.0625,0.0250000055730007,265156.0,276.075599975586,60.00164799499512,685.0625
13,16,4,2018,88.0,41.86666666666667,138.0,225.0,0.9,34.0,145.0,17.0,50.0,765.0625,0.0250000055730007,265156.0,276.075599975586,60.00164799499512,685.0625
14,16,4,2018,87.0,43.8,131.0,211.0,0.9,28.0,168.0,17.0,50.0,765.0625,0.0250000055730007,265156.0,276.075599975586,60.00164799499512,685.0625
15,16,4,2018,96.0,46.3,138.0,225.0,1.0,29.0,173.0,17.0,50.0,763.1875,0.0250000061499998,265268.0,276.04779998779287,60.00364799499512,685.0
16,16,4,2018,99.0,49.16666666666666,135.0,219.0,0.9,28.0,181.0,17.0,50.0,763.1875,0.0250000061499998,265268.0,276.04779998779287,60.00364799499512,685.0
17,16,4,2018,97.0,51.96666666666667,142.0,233.0,0.8,25.0,181.0,17.0,50.0,763.1875,0.0250000061499998,265268.0,276.04779998779287,60.00364799499512,685.0
18,16,4,2018,90.0,54.5,147.0,234.9499999999989,0.6,26.0,181.0,15.0,50.0,760.5625,0.0250000062220003,265060.0,276.0213000488281,60.00265599822998,685.0
19,16,4,2018,83.0,56.833333333333336,163.0,234.9499999999989,0.6,29.0,167.0,11.0,50.0,760.5625,0.0250000062220003,265060.0,276.0213000488281,60.00265599822998,685.0
20,16,4,2018,92.0,59.5,187.0,234.9499999999989,0.6,34.0,153.0,9.0,50.0,760.5625,0.0250000062220003,265060.0,276.0213000488281,60.00265599822998,685.0
21,16,4,2018,90.0,62.16666666666666,184.0,234.9499999999989,0.6,39.0,141.0,8.0,50.0,758.625,0.0250000061409995,265108.0,276.00329986572257,60.00251199340821,685.1875
22,16,4,2018,90.0,64.66666666666667,179.0,234.9499999999989,0.6,47.0,121.0,6.0,50.0,758.625,0.0250000061409995,265108.0,276.00329986572257,60.00251199340821,685.1875
23,16,4,2018,87.0,66.9,179.0,234.9499999999989,0.5,43.0,111.0,5.0,50.0,758.625,0.0250000061409995,265108.0,276.00329986572257,60.00251199340821,685.1875
0,17,4,2018,81.0,68.86666666666666,168.0,234.9499999999989,0.5,36.0,111.0,5.0,50.0,760.375,0.0250000062490012,265188.0,276.019700012207,60.00513599395752,773.5
1,17,4,2018,85.0,70.9,166.0,234.9499999999989,0.5,50.0,82.0,4.0,50.0,760.375,0.0250000062490012,265188.0,276.019700012207,60.00513599395752,773.5
2,17,4,2018,87.0,72.93333333333334,164.0,234.9499999999989,0.5,49.0,75.0,4.0,50.0,760.375,0.0250000062490012,265188.0,276.019700012207,60.00513599395752,773.5
3,17,4,2018,73.0,74.36666666666666,158.0,234.9499999999989,0.5,40.0,78.0,4.0,50.0,766.375,0.0250000064870007,265000.0,276.0622998046875,60.00637199401857,856.6124999999997
4,17,4,2018,68.0,75.56666666666666,151.0,234.9499999999989,0.5,49.0,63.0,3.0,50.0,766.375,0.0250000064870007,265000.0,276.0622998046875,60.00637199401857,856.6124999999997
5,17,4,2018,70.0,76.7,150.0,234.9499999999989,0.5,51.0,57.0,3.0,50.0,766.375,0.0250000064870007,265000.0,276.0622998046875,60.00637199401857,856.6124999999997
6,17,4,2018,66.0,77.6,144.0,234.9499999999989,0.5,53.0,51.0,2.0,50.0,771.4375,0.0250000065059997,264656.0,276.1089999389648,60.00761199188232,854.0625
7,17,4,2018,64.0,78.4,140.0,229.0,0.5,45.0,56.0,2.0,50.0,771.4375,0.0250000065059997,264656.0,276.1089999389648,60.00761199188232,854.0625
8,17,4,2018,76.0,79.56666666666666,137.0,224.0,0.5,42.0,64.0,4.0,50.0,771.4375,0.0250000065059997,264656.0,276.1089999389648,60.00761199188232,854.0625
9,17,4,2018,85.0,80.96666666666667,140.0,229.0,0.5,37.0,75.0,7.0,50.0,772.5,0.0250000066830012,264292.0,276.11679992675784,60.00507999420166,752.0625
10,17,4,2018,165.0,85.6,224.0,234.9499999999989,0.5,36.0,84.0,11.0,50.0,772.5,0.0250000066830012,264292.0,276.11679992675784,60.00507999420166,752.0625
11,17,4,2018,84.0,87.06666666666666,145.0,234.9499999999989,0.5,30.0,103.0,14.0,50.0,772.5,0.0250000066830012,264292.0,276.11679992675784,60.00507999420166,752.0625
12,17,4,2018,88.0,88.23333333333333,148.0,234.9499999999989,0.5,25.0,126.0,15.0,50.0,768.75,0.0250000069939997,264420.0,276.0792999267578,60.00041599273682,685.0625
13,17,4,2018,98.0,89.7,154.0,234.9499999999989,0.6,24.0,140.0,17.0,50.0,768.75,0.0250000069939997,264420.0,276.0792999267578,60.00041599273682,685.0625
14,17,4,2018,106.0,85.96666666666667,156.0,234.9499999999989,0.6,24.0,160.0,17.0,50.0,768.75,0.0250000069939997,264420.0,276.0792999267578,60.00041599273682,685.0625
15,17,4,2018,116.0,87.76666666666667,163.0,234.9499999999989,0.7,24.0,179.0,17.0,50.0,767.625,0.0250000072250012,264544.0,276.0658999633789,60.00413599395752,685.0
16,17,4,2018,122.0,89.73333333333333,166.0,234.9499999999989,0.8,25.0,181.0,17.0,50.0,767.625,0.0250000072250012,264544.0,276.0658999633789,60.00413599395752,685.0
17,17,4,2018,124.0,91.73333333333332,166.0,234.9499999999989,0.8,28.0,181.0,17.0,50.0,767.625,0.0250000072250012,264544.0,276.0658999633789,60.00413599395752,685.0
18,17,4,2018,126.0,93.26666666666668,166.0,234.9499999999989,1.0,35.0,181.0,17.0,50.0,766.8125,0.0250000077309999,264248.0,276.05209991455075,60.00324799346924,685.0
19,17,4,2018,123.0,94.43333333333334,161.0,234.9499999999989,1.1,47.0,179.0,17.0,50.0,766.8125,0.0250000077309999,264248.0,276.05209991455075,60.00324799346924,685.0
20,17,4,2018,129.0,95.83333333333331,170.0,234.9499999999989,1.1,59.0,143.0,17.0,50.0,766.8125,0.0250000077309999,264248.0,276.05209991455075,60.00324799346924,685.0
21,17,4,2018,115.0,96.46666666666668,164.0,234.9499999999989,0.9,79.0,103.0,13.0,50.0,764.3125,0.0250000076590012,264376.0,276.03,60.00111999511719,685.1875
22,17,4,2018,118.0,97.1,173.0,234.9499999999989,0.9,103.0,58.0,9.0,50.0,764.3125,0.0250000076590012,264376.0,276.03,60.00111999511719,685.1875
23,17,4,2018,125.0,98.03333333333332,170.0,234.9499999999989,0.8,73.0,77.0,6.0,50.0,764.3125,0.0250000076590012,264376.0,276.03,60.00111999511719,685.1875
0,18,4,2018,97.0,98.26666666666668,149.0,234.9499999999989,0.6,66.0,73.0,6.0,50.0,766.8125,0.0250000074330009,264476.0,276.044400024414,60.0043039932251,764.125
1,18,4,2018,80.0,98.16666666666669,139.0,228.0,0.5,59.0,70.0,5.0,50.0,766.8125,0.0250000074330009,264476.0,276.044400024414,60.0043039932251,764.125
2,18,4,2018,73.0,97.53333333333332,135.0,219.0,0.5,49.0,68.0,5.0,50.0,766.8125,0.0250000074330009,264476.0,276.044400024414,60.0043039932251,764.125
3,18,4,2018,66.0,96.73333333333332,131.0,212.0,0.5,49.0,58.0,3.0,50.0,772.6875,0.0250000080399997,264136.0,276.08440002441404,60.00341999816894,845.0625
4,18,4,2018,70.0,96.06666666666666,126.0,201.0,0.5,48.0,37.5,2.0,50.0,772.6875,0.0250000080399997,264136.0,276.08440002441404,60.00341999816894,845.0625
5,18,4,2018,66.0,95.36666666666666,124.0,197.0,0.6,78.0,17.0,2.0,50.0,772.6875,0.0250000080399997,264136.0,276.08440002441404,60.00341999816894,845.0625
6,18,4,2018,69.0,94.96666666666668,126.0,201.0,0.6,86.0,4.0,2.0,50.0,775.3125,0.0250000083930008,263732.0,276.12759979248045,60.00369199371338,856.6124999999997
7,18,4,2018,65.0,94.3,127.0,203.0,0.5,74.0,17.0,2.0,50.0,775.3125,0.0250000083930008,263732.0,276.12759979248045,60.00369199371338,856.6124999999997
8,18,4,2018,72.0,93.8,136.0,222.0,0.6,58.0,37.0,4.0,50.0,775.3125,0.0250000083930008,263732.0,276.12759979248045,60.00369199371338,856.6124999999997
9,18,4,2018,74.0,93.83333333333331,139.0,227.0,0.6,41.0,65.0,6.0,50.0,777.9375,0.0250000082090012,263440.0,276.1385000610352,60.00892799377442,753.75
10,18,4,2018,80.0,94.23333333333332,141.0,232.0,0.5,32.0,86.0,11.0,50.0,777.9375,0.0250000082090012,263440.0,276.1385000610352,60.00892799377442,753.75
11,18,4,2018,92.0,94.96666666666668,148.0,234.9499999999989,0.5,29.0,105.0,15.0,50.0,777.9375,0.0250000082090012,263440.0,276.1385000610352,60.00892799377442,753.75
12,18,4,2018,93.0,95.86666666666666,150.0,234.9499999999989,0.5,25.0,129.0,15.0,50.0,774.8125,0.0250000095290001,263668.0,276.0988000488281,60.00078799438477,685.0625
13,18,4,2018,101.0,97.1,151.0,234.9499999999989,0.6,21.0,156.0,17.0,50.0,774.8125,0.0250000095290001,263668.0,276.0988000488281,60.00078799438477,685.0625
14,18,4,2018,106.0,98.1,155.0,234.9499999999989,0.6,20.0,176.0,17.0,50.0,774.8125,0.0250000095290001,263668.0,276.0988000488281,60.00078799438477,685.0625
15,18,4,2018,111.0,98.96666666666668,157.0,234.9499999999989,0.6,20.0,181.0,17.0,50.0,770.625,0.0250000093489997,263888.0,276.0642999267577,60.001547996521,685.0
16,18,4,2018,122.0,97.03333333333332,163.0,234.9499999999989,0.7,21.0,181.0,17.0,50.0,770.625,0.0250000093489997,263888.0,276.0642999267577,60.001547996521,685.0
17,18,4,2018,133.0,98.66666666666669,176.0,234.9499999999989,0.8,25.0,181.0,17.0,50.0,770.625,0.0250000093489997,263888.0,276.0642999267577,60.001547996521,685.0
18,18,4,2018,137.0,100.3,181.0,234.9499999999989,1.0,32.0,181.0,16.0,50.0,767.8125,0.0250000088750012,264024.0,276.0439999389648,60.00205999755861,685.0
19,18,4,2018,132.0,101.43333333333334,174.0,234.9499999999989,1.0,39.0,181.0,12.0,50.0,767.8125,0.0250000088750012,264024.0,276.0439999389648,60.00205999755861,685.0
20,18,4,2018,145.0,102.73333333333332,193.0,234.9499999999989,1.1,46.0,170.0,11.0,50.0,767.8125,0.0250000088750012,264024.0,276.0439999389648,60.00205999755861,685.0
21,18,4,2018,157.0,104.1,207.0,234.9499999999989,1.1,47.0,161.0,12.0,50.0,767.4375,0.0250000088400002,264424.0,276.0407998657226,60.00249599456787,685.1875
22,18,4,2018,163.0,105.46666666666668,213.0,234.9499999999989,1.3,79.0,97.0,9.0,50.0,767.4375,0.0250000088400002,264424.0,276.0407998657226,60.00249599456787,685.1875
23,18,4,2018,164.0,106.8,214.0,234.9499999999989,1.4,103.0,33.0,7.0,50.0,767.4375,0.0250000088400002,264424.0,276.0407998657226,60.00249599456787,685.1875
0,19,4,2018,165.0,108.13333333333334,216.0,234.9499999999989,1.3,103.0,9.0,6.0,50.0,770.125,0.025000009246001,264720.0,276.0669998168945,60.00333199310303,770.375
1,19,4,2018,165.0,109.73333333333332,221.0,234.9499999999989,1.2,103.0,2.0,6.0,50.0,770.125,0.025000009246001,264720.0,276.0669998168945,60.00333199310303,770.375
2,19,4,2018,164.0,110.9,214.0,234.9499999999989,1.0,103.0,11.0,5.0,50.0,770.125,0.025000009246001,264720.0,276.0669998168945,60.00333199310303,770.375
3,19,4,2018,155.0,112.23333333333332,205.0,234.9499999999989,0.9,99.0,24.0,3.0,50.0,779.3125,0.0250000106690004,264796.0,276.11850006103515,60.0045719909668,846.3125
4,19,4,2018,142.0,113.03333333333332,189.0,234.9499999999989,0.8,80.0,42.0,3.0,50.0,779.3125,0.0250000106690004,264796.0,276.11850006103515,60.0045719909668,846.3125
5,19,4,2018,139.0,113.5,184.0,228.0,0.8,72.0,50.0,2.0,50.0,779.3125,0.0250000106690004,264796.0,276.11850006103515,60.0045719909668,846.3125
6,19,4,2018,139.0,114.9,184.0,234.9499999999989,0.8,78.0,42.0,2.0,50.0,784.3125,0.0250000104220006,264436.0,276.15,60.00359999084473,826.9375
7,19,4,2018,139.0,116.86666666666666,184.0,234.9499999999989,1.0,88.0,37.0,3.0,50.0,784.3125,0.0250000104220006,264436.0,276.15,60.00359999084473,826.9375
8,19,4,2018,145.0,119.26666666666668,193.0,234.9499999999989,0.9,82.0,51.0,5.0,50.0,784.3125,0.0250000104220006,264436.0,276.15,60.00359999084473,826.9375
9,19,4,2018,153.0,122.16666666666669,203.0,234.9499999999989,1.0,82.0,77.0,9.0,50.0,782.5,0.0250000092179998,264164.0,276.147200012207,60.00670399475098,723.1875
10,19,4,2018,142.0,124.56666666666666,189.0,234.9499999999989,1.1,70.0,105.0,14.0,50.0,782.5,0.0250000092179998,264164.0,276.147200012207,60.00670399475098,723.1875
11,19,4,2018,157.0,127.6,207.0,234.9499999999989,1.1,75.0,98.0,15.0,50.0,782.5,0.0250000092179998,264164.0,276.147200012207,60.00670399475098,723.1875
12,19,4,2018,142.2,130.04,141.0,232.0,1.0,72.0,123.0,15.0,50.0,777.625,0.0250000086279995,264396.0,276.11339996337887,60.0030239944458,685.0625
13,19,4,2018,127.4,132.12,44.0,6.0,0.9,55.0,142.0,8.0,50.0,777.625,0.0250000086279995,264396.0,276.11339996337887,60.0030239944458,685.0625
14,19,4,2018,112.6,133.47333333333333,71.66666666666667,61.33333333333334,0.8333333333333334,42.66666666666666,179.0,9.0,50.0,777.625,0.0250000086279995,264396.0,276.11339996337887,60.0030239944458,685.0625
15,19,4,2018,97.8,134.26666666666668,99.33333333333334,116.66666666666669,0.7666666666666666,30.33333333333333,181.0,10.0,50.0,774.875,0.0250000088030006,264596.0,276.0888998413085,60.002547996521,685.0
16,19,4,2018,83.0,134.36666666666667,127.0,172.0,0.7,18.0,181.0,11.0,50.0,774.875,0.0250000088030006,264596.0,276.0888998413085,60.002547996521,685.0
17,19,4,2018,75.0,133.8,133.0,173.0,0.7,21.0,181.0,11.0,50.0,774.875,0.0250000088030006,264596.0,276.0888998413085,60.002547996521,685.0
18,19,4,2018,75.0,133.2,125.0,181.0,0.8,30.0,181.0,9.0,50.0,772.25,0.0250000089810006,264588.0,276.06509979248045,60.00235199737549,685.0
19,19,4,2018,81.0,132.53333333333333,126.0,202.0,1.0,43.0,181.0,9.0,50.0,772.25,0.0250000089810006,264588.0,276.06509979248045,60.00235199737549,685.0
20,19,4,2018,76.0,131.53333333333333,137.0,223.0,1.0,43.0,181.0,11.0,50.0,772.25,0.0250000089810006,264588.0,276.06509979248045,60.00235199737549,685.0
21,19,4,2018,72.0,130.23333333333332,133.0,216.0,1.0,48.0,173.0,10.0,50.0,767.5625,0.0250000080249998,264708.0,276.0322998046874,60.00269199371338,685.1875
22,19,4,2018,68.0,128.43333333333334,124.0,197.0,0.9,48.0,150.0,8.0,50.0,767.5625,0.0250000080249998,264708.0,276.0322998046874,60.00269199371338,685.1875
23,19,4,2018,70.0,126.33333333333331,116.0,182.0,1.0,61.0,123.0,7.0,50.0,767.5625,0.0250000080249998,264708.0,276.0322998046874,60.00269199371338,685.1875
0,20,4,2018,81.0,124.46666666666668,112.0,174.0,1.0,49.0,128.0,7.0,50.0,766.3125,0.0250000080930013,264716.0,276.05850006103515,60.0002679977417,779.0625
1,20,4,2018,94.0,123.2,124.0,171.0,1.0,50.0,114.0,5.0,50.0,766.3125,0.0250000080930013,264716.0,276.05850006103515,60.0002679977417,779.0625
2,20,4,2018,114.0,122.16666666666669,149.0,161.0,0.9,35.0,132.0,7.0,50.0,766.3125,0.0250000080930013,264716.0,276.05850006103515,60.0002679977417,779.0625
3,20,4,2018,116.0,120.8,151.0,152.0,0.9,39.0,128.0,5.0,50.0,772.9375,0.025000008227,264372.0,276.1092999267578,60.0030359954834,856.6124999999997
4,20,4,2018,121.0,119.4,159.0,157.0,1.0,32.0,99.5,4.0,50.0,772.9375,0.025000008227,264372.0,276.1092999267578,60.0030359954834,856.6124999999997
5,20,4,2018,130.0,118.26666666666668,171.0,160.0,1.0,54.0,71.0,4.0,50.0,772.9375,0.025000008227,264372.0,276.1092999267578,60.0030359954834,856.6124999999997
6,20,4,2018,145.0,117.56666666666666,193.0,176.0,1.2,68.0,37.0,3.0,50.0,779.8125,0.0250000087379999,263940.0,276.1635998535156,60.00537599182129,856.6124999999997
7,20,4,2018,161.0,117.23333333333332,211.0,190.0,1.6,71.0,37.0,4.0,50.0,779.8125,0.0250000087379999,263940.0,276.1635998535156,60.00537599182129,856.6124999999997
8,20,4,2018,165.0,117.7,224.0,224.0,1.8,65.0,47.0,10.0,50.0,779.8125,0.0250000087379999,263940.0,276.1635998535156,60.00537599182129,856.6124999999997
9,20,4,2018,165.0,118.63333333333334,224.0,226.0,1.8,68.0,61.0,17.0,50.0,779.625,0.0250000081259999,263556.0,276.17119995117184,60.00694799804688,757.25
10,20,4,2018,165.0,119.73333333333332,224.0,209.0,1.8,55.0,99.0,17.0,50.0,779.625,0.0250000081259999,263556.0,276.17119995117184,60.00694799804688,757.25
11,20,4,2018,162.0,120.5,212.0,209.0,1.8,54.0,126.0,17.0,50.0,779.625,0.0250000081259999,263556.0,276.17119995117184,60.00694799804688,757.25
12,20,4,2018,146.0,120.73333333333332,194.0,182.0,1.5,39.0,169.0,17.0,50.00003749847412,774.4375,0.0250000079200007,263748.0,276.1275,60.00265999603271,685.0625
13,20,4,2018,139.0,120.73333333333332,184.0,181.0,1.3,28.0,181.0,17.0,50.00003749847412,774.4375,0.0250000079200007,263748.0,276.1275,60.00265999603271,685.0625
14,20,4,2018,108.0,119.5,141.0,161.0,1.0,21.0,181.0,17.0,50.00003749847412,774.4375,0.0250000079200007,263748.0,276.1275,60.00265999603271,685.0625
15,20,4,2018,80.0,117.06666666666666,121.0,138.0,0.7,18.0,181.0,14.0,50.00001874923706,772.9375,0.0250000090800002,263852.0,276.10070007324214,60.00251599121093,685.0
16,20,4,2018,69.0,114.63333333333334,125.0,144.0,0.6,18.0,181.0,12.0,50.00001874923706,772.9375,0.0250000090800002,263852.0,276.10070007324214,60.00251599121093,685.0
17,20,4,2018,62.0,111.46666666666668,127.0,143.0,0.6,20.0,181.0,10.0,50.00001874923706,772.9375,0.0250000090800002,263852.0,276.10070007324214,60.00251599121093,685.0
18,20,4,2018,66.0,108.92666666666668,122.0,149.0,0.7,32.0,181.0,9.0,50.0,771.4375,0.0250000098590003,263756.0,276.0794998168945,60.00277199554444,685.0
19,20,4,2018,67.0,106.91333333333334,107.0,163.0,0.7,58.0,181.0,8.0,50.0,771.4375,0.0250000098590003,263756.0,276.0794998168945,60.00277199554444,685.0
20,20,4,2018,81.0,105.86,120.0,189.0,0.9,72.0,166.0,7.0,50.0,771.4375,0.0250000098590003,263756.0,276.0794998168945,60.00277199554444,685.0
21,20,4,2018,93.0,105.7,131.0,211.0,1.0,69.0,148.0,6.0,50.0,770.1875,0.0250000099790003,263860.0,276.0675,60.00461599731445,685.1875
22,20,4,2018,96.0,106.13333333333334,127.0,204.0,0.9,76.0,133.0,6.0,50.0,770.1875,0.0250000099790003,263860.0,276.0675,60.00461599731445,685.1875
23,20,4,2018,101.0,107.0,133.0,216.0,0.9,79.0,119.0,5.0,50.0,770.1875,0.0250000099790003,263860.0,276.0675,60.00461599731445,685.1875
0,21,4,2018,104.0,107.96666666666668,137.0,224.0,1.0,103.0,60.0,4.0,50.0,780.1875,0.0250000090420004,264144.0,276.0619000244141,60.00521199798584,718.375
1,21,4,2018,99.0,108.56666666666666,139.0,228.0,0.9,103.0,31.0,4.0,50.0,780.1875,0.0250000090420004,264144.0,276.0619000244141,60.00521199798584,718.375
2,21,4,2018,96.0,109.23333333333332,134.0,217.0,1.0,103.0,15.0,5.0,50.0,780.1875,0.0250000090420004,264144.0,276.0619000244141,60.00521199798584,718.375
3,21,4,2018,115.0,110.66666666666669,150.0,229.0,1.2,103.0,17.0,4.0,50.00041218996048,775.3125,0.0250000095200007,264460.0,276.0300997924804,60.00498799133301,761.3125
4,21,4,2018,131.0,112.76666666666668,173.0,194.0,1.2,72.0,67.0,3.0,50.00041218996048,775.3125,0.0250000095200007,264460.0,276.0300997924804,60.00498799133301,761.3125
5,21,4,2018,130.0,114.76666666666668,171.0,142.0,1.1,48.0,90.0,2.0,50.00041218996048,775.3125,0.0250000095200007,264460.0,276.0300997924804,60.00498799133301,761.3125
6,21,4,2018,125.0,116.23333333333332,164.0,134.11764705882354,1.1,42.0,102.0,2.0,50.00041218996048,776.6875,0.0250000098610008,264916.0,276.031900024414,60.00783999633789,745.5625
7,21,4,2018,125.0,117.26666666666668,164.0,126.23529411764706,1.1,40.0,94.0,2.0,50.00041218996048,776.6875,0.0250000098610008,264916.0,276.031900024414,60.00783999633789,745.5625
8,21,4,2018,122.0,117.53333333333332,160.0,118.35294117647058,1.4,44.0,73.0,2.0,50.00041218996048,776.6875,0.0250000098610008,264916.0,276.031900024414,60.00783999633789,745.5625
9,21,4,2018,111.0,117.36666666666666,145.0,110.47058823529412,1.8,52.0,53.0,2.0,50.0,775.8125,0.0250000094630001,265232.0,276.0288000488281,60.00577599334717,709.625
10,21,4,2018,105.0,116.83333333333331,138.0,102.58823529411764,1.8,59.0,43.0,2.0,50.0,775.8125,0.0250000094630001,265232.0,276.0288000488281,60.00577599334717,709.625
11,21,4,2018,110.0,116.16666666666669,144.0,94.70588235294116,1.8,55.0,48.0,2.0,50.0,775.8125,0.0250000094630001,265232.0,276.0288000488281,60.00577599334717,709.625
12,21,4,2018,103.0,114.76666666666668,135.0,86.8235294117647,1.8,63.0,38.0,2.0,50.0,773.3125,0.0250000080830007,265748.0,276.0135998535156,60.0052679977417,685.0625
13,21,4,2018,83.0,112.16666666666669,110.0,78.94117647058823,1.8,48.0,52.0,2.0,50.0,773.3125,0.0250000080830007,265748.0,276.0135998535156,60.0052679977417,685.0625
14,21,4,2018,64.0,108.36666666666666,86.0,71.05882352941177,1.8,35.0,74.0,2.0,50.0,773.3125,0.0250000080830007,265748.0,276.0135998535156,60.0052679977417,685.0625
15,21,4,2018,29.0,103.23333333333332,41.0,63.17647058823529,1.3,26.0,88.0,2.0,50.00009375572205,772.5,0.0250000073889996,266084.0,276.00959991455073,60.00389599609375,685.0
16,21,4,2018,17.0,97.96666666666668,27.0,55.29411764705881,1.0,23.0,85.0,2.0,50.00009375572205,772.5,0.0250000073889996,266084.0,276.00959991455073,60.00389599609375,685.0
17,21,4,2018,12.0,92.96666666666668,18.0,47.41176470588235,0.7,30.0,59.0,2.0,50.00009375572205,772.5,0.0250000073889996,266084.0,276.00959991455073,60.00389599609375,685.0
18,21,4,2018,7.0,88.33333333333333,16.0,39.52941176470589,0.6,32.0,46.0,2.0,50.000025005340575,771.375,0.0250000076050013,266068.0,275.9994000244141,60.00443599700928,685.0
19,21,4,2018,9.0,84.0,17.0,31.64705882352941,0.5,33.0,48.0,2.0,50.000025005340575,771.375,0.0250000076050013,266068.0,275.9994000244141,60.00443599700928,685.0
20,21,4,2018,7.0,80.63333333333334,19.0,23.764705882352928,0.5,28.0,60.0,2.0,50.000025005340575,771.375,0.0250000076050013,266068.0,275.9994000244141,60.00443599700928,685.0
21,21,4,2018,5.0,78.13333333333334,19.0,15.882352941176464,0.5,28.0,61.0,2.0,50.00016875267029,770.8125,0.0250000064180009,266248.0,276.00029998779297,60.00911199188232,685.25
22,21,4,2018,6.0,76.03333333333333,17.0,8.0,0.5,32.0,53.0,2.0,50.00016875267029,770.8125,0.0250000064180009,266248.0,276.00029998779297,60.00911199188232,685.25
23,21,4,2018,9.0,74.26666666666667,16.0,7.888888888888888,0.5,32.0,51.0,2.0,50.00016875267029,770.8125,0.0250000064180009,266248.0,276.00029998779297,60.00911199188232,685.25
0,22,4,2018,5.0,72.23333333333333,18.0,7.777777777777778,0.5,27.0,59.0,2.0,50.00005000114441,773.6875,0.0250000052969995,266536.0,276.0033999633789,60.00430799102783,707.9375
1,22,4,2018,3.0,70.1,23.0,7.666666666666668,0.4,18.0,74.0,2.0,50.00005000114441,773.6875,0.0250000052969995,266536.0,276.0033999633789,60.00430799102783,707.9375
2,22,4,2018,4.0,67.53333333333333,23.0,7.555555555555554,0.4,17.0,75.0,2.0,50.00005000114441,773.6875,0.0250000052969995,266536.0,276.0033999633789,60.00430799102783,707.9375
3,22,4,2018,3.0,64.53333333333333,23.0,7.444444444444445,0.4,16.0,73.0,2.0,50.00020625114441,774.0,0.0250000050900001,266664.0,276.00989990234365,60.00631199645997,735.5
4,22,4,2018,3.0,61.43333333333333,6.0,7.333333333333332,0.3,12.0,72.5,2.0,50.00020625114441,774.0,0.0250000050900001,266664.0,276.00989990234365,60.00631199645997,735.5
5,22,4,2018,3.0,58.16666666666666,23.0,7.222222222222222,0.3,13.0,72.0,2.0,50.00020625114441,774.0,0.0250000050900001,266664.0,276.00989990234365,60.00631199645997,735.5
6,22,4,2018,7.0,54.93333333333333,24.0,7.111111111111112,0.3,16.0,76.0,2.0,50.000250005722044,775.4375,0.025000005861001,266400.0,276.015,60.00324799346924,728.0625
7,22,4,2018,3.0,51.73333333333333,23.0,7.0,0.3,18.0,75.0,2.0,50.000250005722044,775.4375,0.025000005861001,266400.0,276.015,60.00324799346924,728.0625
8,22,4,2018,7.0,48.766666666666666,24.0,7.5,0.3,22.0,76.0,2.0,50.000250005722044,775.4375,0.025000005861001,266400.0,276.015,60.00324799346924,728.0625
9,22,4,2018,5.0,45.1,23.0,8.0,0.4,24.0,75.0,2.0,50.00005000114441,775.1875,0.0250000057699996,266408.0,276.0129998779296,60.00545599365234,702.0
10,22,4,2018,9.0,41.03333333333333,24.0,10.0,0.3,24.0,77.0,2.0,50.00005000114441,775.1875,0.0250000057699996,266408.0,276.0129998779296,60.00545599365234,702.0
11,22,4,2018,11.0,37.06666666666667,25.0,25.0,0.4,32.0,63.0,2.0,50.00005000114441,775.1875,0.0250000057699996,266408.0,276.0129998779296,60.00545599365234,702.0
12,22,4,2018,9.0,33.2,27.0,20.0,0.3,22.0,85.0,2.0,50.00005000114441,774.6875,0.0250000055689998,266576.0,276.01119995117193,60.003491996765135,685.0625
13,22,4,2018,7.0,29.266666666666666,28.0,24.0,0.3,19.0,91.0,2.0,50.00005000114441,774.6875,0.0250000055689998,266576.0,276.01119995117193,60.003491996765135,685.0625
14,22,4,2018,10.0,25.53333333333333,30.0,19.0,0.3,18.0,95.0,2.0,50.00005000114441,774.6875,0.0250000055689998,266576.0,276.01119995117193,60.003491996765135,685.0625
15,22,4,2018,8.0,22.1,29.0,20.0,0.3,20.0,93.0,2.0,50.00009375572205,773.8125,0.0250000070220008,266756.0,275.9994000244141,60.00200799560547,685.0
16,22,4,2018,7.0,18.83333333333333,27.0,22.0,0.3,24.0,87.0,2.0,50.00009375572205,773.8125,0.0250000070220008,266756.0,275.9994000244141,60.00200799560547,685.0
17,22,4,2018,7.0,15.4,26.0,26.0,0.3,26.0,84.0,2.0,50.00009375572205,773.8125,0.0250000070220008,266756.0,275.9994000244141,60.00200799560547,685.0
18,22,4,2018,9.0,12.266666666666667,26.0,26.0,0.4,33.0,78.0,2.0,50.000025005340575,772.75,0.0250000067219994,266604.0,275.9916000366211,60.00302799224853,685.0
19,22,4,2018,12.0,9.9,38.0,38.0,0.4,44.0,66.0,2.0,50.000025005340575,772.75,0.0250000067219994,266604.0,275.9916000366211,60.00302799224853,685.0
20,22,4,2018,11.0,8.133333333333333,41.0,41.0,0.4,40.0,60.0,2.0,50.000025005340575,772.75,0.0250000067219994,266604.0,275.9916000366211,60.00302799224853,685.0
21,22,4,2018,13.0,7.6,32.0,32.0,0.4,33.0,67.0,2.0,50.0,773.0,0.0250000061300005,266540.0,275.99579986572263,60.00670399475098,685.25
22,22,4,2018,10.0,7.366666666666666,23.0,23.0,0.3,30.0,73.0,2.0,50.0,773.0,0.0250000061300005,266540.0,275.99579986572263,60.00670399475098,685.25
23,22,4,2018,9.0,7.266666666666667,22.0,22.0,0.3,34.0,66.0,2.0,50.0,773.0,0.0250000061300005,266540.0,275.99579986572263,60.00670399475098,685.25
0,23,4,2018,9.0,7.333333333333333,21.0,21.0,0.4,36.0,56.0,2.0,50.0,769.625,0.0250000060200002,266712.0,276.00899993896485,60.00341999816894,730.875
1,23,4,2018,12.0,7.433333333333334,21.0,17.0,0.4,41.0,45.0,2.0,50.0,769.625,0.0250000060200002,266712.0,276.00899993896485,60.00341999816894,730.875
2,23,4,2018,14.0,7.666666666666667,33.0,16.0,0.4,65.0,21.0,2.0,50.0,769.625,0.0250000060200002,266712.0,276.00899993896485,60.00341999816894,730.875
3,23,4,2018,14.0,7.966666666666667,29.0,15.0,0.4,57.0,29.0,2.0,50.0,772.5,0.0250000059559997,266812.0,276.0316998291015,60.00546399688721,776.125
4,23,4,2018,17.0,8.333333333333334,35.0,18.0,0.4,70.0,13.0,2.0,50.0,772.5,0.0250000059559997,266812.0,276.0316998291015,60.00546399688721,776.125
5,23,4,2018,17.0,8.6,32.0,18.0,0.4,64.0,16.0,2.0,50.0,772.5,0.0250000059559997,266812.0,276.0316998291015,60.00546399688721,776.125
6,23,4,2018,14.0,8.9,28.0,15.0,0.4,55.0,26.0,2.0,50.0,773.1875,0.0250000054529998,266392.0,276.0557000732422,60.00671199798584,785.875
7,23,4,2018,18.0,9.4,34.0,25.0,0.5,67.0,21.0,2.0,50.0,773.1875,0.0250000054529998,266392.0,276.0557000732422,60.00671199798584,785.875
8,23,4,2018,17.0,9.833333333333334,33.0,33.0,0.5,54.0,38.0,2.0,50.0,773.1875,0.0250000054529998,266392.0,276.0557000732422,60.00671199798584,785.875
9,23,4,2018,17.0,10.3,50.0,50.0,0.5,52.0,42.0,2.0,50.0,770.1875,0.0250000059530008,266160.0,276.0729998779296,60.00491199493408,743.125
10,23,4,2018,20.0,10.866666666666667,51.0,52.0,0.5,43.0,50.0,2.0,50.0,770.1875,0.0250000059530008,266160.0,276.0729998779296,60.00491199493408,743.125
11,23,4,2018,19.0,11.4,38.0,38.0,0.4,38.0,57.0,2.0,50.0,770.1875,0.0250000059530008,266160.0,276.0729998779296,60.00491199493408,743.125
12,23,4,2018,17.0,11.733333333333333,38.0,38.0,0.4,38.0,65.0,2.0,50.0,772.3125,0.0250000068920012,266504.0,276.0354998779297,60.00330799102783,685.0625
13,23,4,2018,20.0,12.3,34.0,34.0,0.4,30.0,81.0,2.0,50.0,772.3125,0.0250000068920012,266504.0,276.0354998779297,60.00330799102783,685.0625
14,23,4,2018,14.0,12.533333333333331,30.0,24.0,0.4,21.0,97.0,2.0,50.0,772.3125,0.0250000068920012,266504.0,276.0354998779297,60.00330799102783,685.0625
15,23,4,2018,13.0,12.8,33.0,28.0,0.4,20.0,105.0,2.0,50.0,770.3125,0.0250000070380009,266824.0,276.0175,60.00168799591064,685.0
16,23,4,2018,18.0,13.1,37.0,35.0,0.4,19.0,118.0,2.0,50.0,770.3125,0.0250000070380009,266824.0,276.0175,60.00168799591064,685.0
17,23,4,2018,15.0,13.233333333333333,41.0,41.0,0.4,21.0,121.0,2.0,50.0,770.3125,0.0250000070380009,266824.0,276.0175,60.00168799591064,685.0
18,23,4,2018,17.0,13.5,45.0,45.0,0.4,26.0,115.0,2.0,50.0,766.4375,0.0250000067779999,266872.0,275.98579986572264,60.000987991333005,685.0
19,23,4,2018,23.0,14.033333333333331,54.0,57.0,0.4,34.0,102.0,2.0,50.0,766.4375,0.0250000067779999,266872.0,275.98579986572264,60.000987991333005,685.0
20,23,4,2018,31.0,14.733333333333333,68.0,86.0,0.5,50.0,75.0,2.0,50.0,766.4375,0.0250000067779999,266872.0,275.98579986572264,60.000987991333005,685.0
21,23,4,2018,27.0,15.366666666666667,69.0,88.0,0.5,57.0,63.0,2.0,50.0,764.6875,0.0250000063209999,266800.0,275.9729998779297,60.00245199584961,685.25
22,23,4,2018,34.0,16.266666666666666,76.0,101.0,0.6,103.0,7.0,2.0,50.0,764.6875,0.0250000063209999,266800.0,275.9729998779297,60.00245199584961,685.25
23,23,4,2018,33.0,17.133333333333333,88.0,125.0,0.8,103.0,2.0,2.0,50.0,764.6875,0.0250000063209999,266800.0,275.9729998779297,60.00245199584961,685.25
0,24,4,2018,35.0,18.0,81.0,111.0,0.6,92.0,2.0,2.0,50.0,761.625,0.0250000064850002,266920.0,276.0417999267578,60.00231199645996,786.875
1,24,4,2018,32.0,18.666666666666668,77.0,103.0,0.6,91.0,2.0,2.0,50.0,761.625,0.0250000064850002,266920.0,276.0417999267578,60.00231199645996,786.875
2,24,4,2018,38.0,19.566666666666663,86.0,122.0,0.7,88.0,2.0,3.0,50.0,761.625,0.0250000064850002,266920.0,276.0417999267578,60.00231199645996,786.875
3,24,4,2018,32.0,20.2,73.0,96.0,0.4,79.0,2.0,2.0,50.0,760.5,0.0250000039530005,266820.0,276.08259979248044,60.00531199645996,856.6124999999997
4,24,4,2018,20.0,20.53333333333333,56.0,61.0,0.4,80.0,3.5,2.0,50.0,760.5,0.0250000039530005,266820.0,276.08259979248044,60.00531199645996,856.6124999999997
5,24,4,2018,20.0,20.9,56.0,61.0,0.3,72.0,5.0,2.0,50.0,760.5,0.0250000039530005,266820.0,276.08259979248044,60.00531199645996,856.6124999999997
6,24,4,2018,24.0,21.4,50.0,50.0,0.4,63.0,11.0,2.0,50.0,766.0625,0.0250000031369999,266280.0,276.1001998901367,60.00415999603271,856.6124999999997
7,24,4,2018,21.0,21.7,54.0,57.0,0.5,76.0,7.0,2.0,50.0,766.0625,0.0250000031369999,266280.0,276.1001998901367,60.00415999603271,856.6124999999997
8,24,4,2018,21.0,21.933333333333334,59.0,68.0,0.5,58.0,32.0,2.0,50.0,766.0625,0.0250000031369999,266280.0,276.1001998901367,60.00415999603271,856.6124999999997
9,24,4,2018,19.0,22.1,51.0,51.0,0.4,42.0,54.0,2.0,50.00001874923706,762.75,0.0250000032740011,266012.0,276.10789978027344,60.00408799743652,765.875
10,24,4,2018,13.0,21.966666666666665,26.0,52.17886178861789,0.3,29.0,82.0,2.0,50.00001874923706,762.75,0.0250000032740011,266012.0,276.10789978027344,60.00408799743652,765.875
11,24,4,2018,7.0,21.633333333333333,34.0,53.35772357723579,0.2,22.0,108.0,2.0,50.00001874923706,762.75,0.0250000032740011,266012.0,276.10789978027344,60.00408799743652,765.875
12,24,4,2018,10.0,21.5,41.0,54.53658536585365,0.2,17.0,130.0,2.0,50.0,762.0625,0.0250000047280006,265936.0,276.06350006103514,60.00608399200439,685.0625
13,24,4,2018,9.0,21.2,42.0,55.71544715447155,0.2,16.0,134.0,2.0,50.0,762.0625,0.0250000047280006,265936.0,276.06350006103514,60.00608399200439,685.0625
14,24,4,2018,9.0,20.933333333333334,42.0,56.89430894308943,0.2,16.0,134.0,2.0,50.0,762.0625,0.0250000047280006,265936.0,276.06350006103514,60.00608399200439,685.0625
15,24,4,2018,9.0,20.666666666666668,43.0,58.07317073170732,0.2,16.0,138.0,2.0,50.0,760.3125,0.0250000051410012,265988.0,276.0379998779297,60.00415599822998,685.0
16,24,4,2018,12.0,20.4,44.0,59.2520325203252,0.2,17.0,142.0,2.0,50.0,760.3125,0.0250000051410012,265988.0,276.0379998779297,60.00415599822998,685.0
17,24,4,2018,13.0,20.2,45.0,60.43089430894309,0.2,18.0,144.0,2.0,50.0,760.3125,0.0250000051410012,265988.0,276.0379998779297,60.00415599822998,685.0
18,24,4,2018,17.0,20.2,43.0,61.609756097560975,0.2,24.0,138.0,2.0,50.0,756.6875,0.0250000057830009,265856.0,275.9901998901367,60.00211199188232,685.0
19,24,4,2018,19.0,20.166666666666668,37.0,62.788617886178855,0.3,41.0,117.0,2.0,50.0,756.6875,0.0250000057830009,265856.0,275.9901998901367,60.00211199188232,685.0
20,24,4,2018,24.0,20.5,34.0,63.96747967479676,0.4,51.0,99.0,2.0,50.0,756.6875,0.0250000057830009,265856.0,275.9901998901367,60.00211199188232,685.0
21,24,4,2018,24.0,20.866666666666667,34.0,65.14634146341464,0.3,45.0,93.0,2.0,50.0,754.8125,0.0250000057520009,265800.0,275.9714999389648,60.00204399108887,685.25
22,24,4,2018,25.0,21.1,36.0,66.32520325203252,0.4,51.0,80.0,2.0,50.0,754.8125,0.0250000057520009,265800.0,275.9714999389648,60.00204399108887,685.25
23,24,4,2018,27.0,21.5,42.0,67.5040650406504,0.4,84.0,45.0,2.0,50.0,754.8125,0.0250000057520009,265800.0,275.9714999389648,60.00204399108887,685.25
0,25,4,2018,27.0,21.83333333333333,50.0,68.6829268292683,0.4,99.0,27.0,2.0,50.0,761.3125,0.0250000060099996,265808.0,276.0475,60.00142399597168,788.75
1,25,4,2018,27.0,21.966666666666665,46.0,69.86178861788618,0.4,91.0,34.0,2.0,50.0,761.3125,0.0250000060099996,265808.0,276.0475,60.00142399597168,788.75
2,25,4,2018,25.0,21.766666666666666,44.0,71.04065040650406,0.3,88.0,30.0,2.0,50.0,761.3125,0.0250000060099996,265808.0,276.0475,60.00142399597168,788.75
3,25,4,2018,25.0,21.7,45.0,72.21951219512195,0.4,90.0,20.0,2.0,50.0,765.4375,0.0250000050540007,265504.0,276.1063000488281,60.00654399108887,856.6124999999997
4,25,4,2018,30.0,21.566666666666663,52.0,73.39837398373984,0.4,103.0,3.0,2.0,50.0,765.4375,0.0250000050540007,265504.0,276.1063000488281,60.00654399108887,856.6124999999997
5,25,4,2018,20.0,21.133333333333333,48.0,74.57723577235772,0.3,96.0,2.0,2.0,50.0,765.4375,0.0250000050540007,265504.0,276.1063000488281,60.00654399108887,856.6124999999997
6,25,4,2018,17.0,20.53333333333333,40.0,75.75609756097559,0.3,79.0,17.0,2.0,50.0000625038147,768.625,0.025000003870001,265100.0,276.1292999267577,60.00911199188232,856.6124999999997
7,25,4,2018,17.0,20.03333333333333,38.0,76.9349593495935,0.4,75.0,17.0,2.0,50.0000625038147,768.625,0.025000003870001,265100.0,276.1292999267577,60.00911199188232,856.6124999999997
8,25,4,2018,17.0,19.33333333333333,29.0,78.11382113821139,0.4,58.0,38.0,2.0,50.0000625038147,768.625,0.025000003870001,265100.0,276.1292999267577,60.00911199188232,856.6124999999997
9,25,4,2018,20.0,18.933333333333334,29.0,79.29268292682926,0.4,52.0,53.0,2.0,50.00003749847412,769.125,0.0250000045430008,264708.0,276.12039978027343,60.00911199188232,756.875
10,25,4,2018,29.0,19.23333333333333,41.0,80.47154471544715,0.4,54.0,70.0,2.0,50.00003749847412,769.125,0.0250000045430008,264708.0,276.12039978027343,60.00911199188232,756.875
11,25,4,2018,32.0,19.633333333333333,46.0,81.65040650406505,0.4,54.0,85.0,2.0,50.00003749847412,769.125,0.0250000045430008,264708.0,276.12039978027343,60.00911199188232,756.875
12,25,4,2018,25.0,19.666666666666668,37.0,82.82926829268294,0.3,35.0,117.0,2.0,50.0,766.0625,0.0250000062339995,264708.0,276.0745999145508,60.002743995666506,685.0625
13,25,4,2018,14.0,19.433333333333334,44.0,84.00813008130079,0.2,21.0,142.0,2.0,50.0,766.0625,0.0250000062339995,264708.0,276.0745999145508,60.002743995666506,685.0625
14,25,4,2018,17.0,19.3,49.0,85.1869918699187,0.2,16.0,156.0,2.0,50.0,766.0625,0.0250000062339995,264708.0,276.0745999145508,60.002743995666506,685.0625
15,25,4,2018,24.0,19.466666666666665,56.0,86.3658536585366,0.3,15.0,165.0,2.0,50.0,765.625,0.0250000080389995,264620.0,276.0455999755859,60.00305199432373,685.0
16,25,4,2018,23.0,19.8,61.0,87.54471544715446,0.3,14.0,169.0,4.0,50.0,765.625,0.0250000080389995,264620.0,276.0455999755859,60.00305199432373,685.0
17,25,4,2018,23.0,20.33333333333333,64.0,88.72357723577234,0.2,14.0,171.0,3.0,50.0,765.625,0.0250000080389995,264620.0,276.0455999755859,60.00305199432373,685.0
18,25,4,2018,29.0,20.966666666666665,61.0,89.90243902439026,0.3,18.0,169.0,4.0,50.0,763.875,0.0250000080880001,264436.0,276.0288000488281,60.00134399414063,685.0
19,25,4,2018,33.0,21.766666666666666,59.0,91.08130081300814,0.4,26.0,167.0,6.0,50.0,763.875,0.0250000080880001,264436.0,276.0288000488281,60.00134399414063,685.0
20,25,4,2018,45.0,22.966666666666665,63.0,92.26016260162602,0.5,39.0,141.0,4.0,50.0,763.875,0.0250000080880001,264436.0,276.0288000488281,60.00134399414063,685.0
21,25,4,2018,52.0,24.4,71.0,93.43902439024392,0.6,47.0,121.0,4.0,50.0,760.125,0.0250000072230007,264508.0,276.0035998535156,60.00087199401855,685.25
22,25,4,2018,81.0,26.7,108.0,94.6178861788618,0.9,31.0,135.0,6.0,50.0,760.125,0.0250000072230007,264508.0,276.0035998535156,60.00087199401855,685.25
23,25,4,2018,86.0,29.133333333333333,114.0,95.79674796747967,0.9,34.0,113.0,7.0,50.0,760.125,0.0250000072230007,264508.0,276.0035998535156,60.00087199401855,685.25
0,26,4,2018,96.0,31.766666666666666,126.0,96.97560975609755,1.0,40.0,89.0,7.0,50.0,764.375,0.0250000078030005,264544.0,276.0403997802734,60.00117199707032,782.125
1,26,4,2018,103.0,34.56666666666667,135.0,98.15447154471543,0.9,47.0,70.0,7.0,50.0,764.375,0.0250000078030005,264544.0,276.0403997802734,60.00117199707032,782.125
2,26,4,2018,111.0,37.46666666666667,145.0,99.33333333333334,0.9,52.0,52.0,6.0,50.0,764.375,0.0250000078030005,264544.0,276.0403997802734,60.00117199707032,782.125
3,26,4,2018,113.0,40.43333333333333,148.0,100.51219512195122,1.0,66.0,31.0,5.0,50.0,770.75,0.0250000071240011,264552.0,276.0978997802734,60.00435199737549,856.6124999999997
4,26,4,2018,122.0,43.66666666666666,160.0,101.6910569105691,1.0,76.0,16.5,3.0,50.0,770.75,0.0250000071240011,264552.0,276.0978997802734,60.00435199737549,856.6124999999997
5,26,4,2018,119.0,46.73333333333333,156.0,102.869918699187,1.0,83.0,2.0,3.0,50.0,770.75,0.0250000071240011,264552.0,276.0978997802734,60.00435199737549,856.6124999999997
6,26,4,2018,124.0,49.96666666666667,163.0,104.04878048780488,1.1,79.0,2.0,3.0,50.0,774.3125,0.0250000058750007,264240.0,276.14850006103507,60.005891998291006,856.6124999999997
7,26,4,2018,118.0,53.0,154.0,105.22764227642276,1.1,82.0,2.0,3.0,50.0,774.3125,0.0250000058750007,264240.0,276.14850006103507,60.005891998291006,856.6124999999997
8,26,4,2018,123.0,56.266666666666666,161.0,106.40650406504064,1.1,91.0,11.0,6.0,50.0,774.3125,0.0250000058750007,264240.0,276.14850006103507,60.005891998291006,856.6124999999997
9,26,4,2018,113.0,59.2,148.0,107.58536585365854,0.9,75.0,42.0,9.0,50.0,775.0625,0.0250000059840008,264236.0,276.1591998291016,60.00607999420166,760.5625
10,26,4,2018,127.0,62.43333333333333,167.0,108.76422764227642,0.9,67.0,76.0,14.0,50.0,775.0625,0.0250000059840008,264236.0,276.1591998291016,60.00607999420166,760.5625
11,26,4,2018,120.0,65.76666666666667,157.0,109.9430894308943,0.9,49.0,124.0,16.0,50.0,775.0625,0.0250000059840008,264236.0,276.1591998291016,60.00607999420166,760.5625
12,26,4,2018,110.0,68.86666666666666,144.0,111.1219512195122,0.8,39.0,160.0,15.0,50.000056257247934,771.9375,0.0250000079040005,264720.0,276.099100036621,60.00278799438478,685.0625
13,26,4,2018,114.0,72.1,149.0,112.30081300813008,0.8,40.0,175.0,12.0,50.000056257247934,771.9375,0.0250000079040005,264720.0,276.099100036621,60.00278799438478,685.0625
14,26,4,2018,102.0,74.93333333333334,134.0,113.47967479674796,0.7,40.0,181.0,10.0,50.000056257247934,771.9375,0.0250000079040005,264720.0,276.099100036621,60.00278799438478,685.0625
15,26,4,2018,92.0,77.33333333333333,121.0,114.65853658536584,0.7,40.0,181.0,8.0,50.0,767.875,0.0250000069980006,264860.0,276.0742999267578,60.00263199615478,685.0
16,26,4,2018,101.0,79.73333333333333,133.0,115.83739837398376,0.6,36.0,181.0,8.0,50.0,767.875,0.0250000069980006,264860.0,276.0742999267578,60.00263199615478,685.0
17,26,4,2018,102.0,82.06666666666666,134.0,117.01626016260164,0.7,31.0,181.0,9.0,50.0,767.875,0.0250000069980006,264860.0,276.0742999267578,60.00263199615478,685.0
18,26,4,2018,93.0,84.33333333333333,123.0,118.19512195121952,0.7,35.0,181.0,8.0,50.0,764.4375,0.0250000066050011,266084.0,276.04779998779287,60.00313599395752,685.0
19,26,4,2018,91.0,86.9,120.0,119.3739837398374,0.8,53.0,181.0,7.0,50.0,764.4375,0.0250000066050011,266084.0,276.04779998779287,60.00313599395752,685.0
20,26,4,2018,89.0,89.3,118.0,120.5528455284553,0.9,79.0,133.0,6.0,50.0,764.4375,0.0250000066050011,266084.0,276.04779998779287,60.00313599395752,685.0
21,26,4,2018,100.0,91.83333333333331,131.0,121.73170731707316,1.1,103.0,45.0,5.0,50.0,762.4375,0.025000007096,266528.0,276.02169982910146,60.00102799224854,685.25
22,26,4,2018,100.0,94.4,131.0,122.91056910569108,1.0,103.0,58.0,4.0,50.0,762.4375,0.025000007096,266528.0,276.02169982910146,60.00102799224854,685.25
23,26,4,2018,90.0,96.63333333333334,119.0,124.08943089430896,0.8,103.0,50.0,4.0,50.0,762.4375,0.025000007096,266528.0,276.02169982910146,60.00102799224854,685.25
0,27,4,2018,59.0,97.63333333333334,80.0,125.26829268292684,0.7,101.0,48.0,4.0,50.0,764.125,0.0250000055040009,266688.0,276.0735998535156,60.00504399108887,787.25
1,27,4,2018,78.0,99.13333333333334,104.0,126.44715447154472,0.9,103.0,35.0,3.0,50.0,764.125,0.0250000055040009,266688.0,276.0735998535156,60.00504399108887,787.25
2,27,4,2018,81.0,100.33333333333331,108.0,127.6260162601626,0.9,47.0,86.0,3.0,50.0,764.125,0.0250000055040009,266688.0,276.0735998535156,60.00504399108887,787.25
3,27,4,2018,74.0,101.06666666666666,99.0,128.8048780487805,0.9,103.0,20.0,3.0,50.0,767.3125,0.0250000045929998,266460.0,276.1122998046875,60.00789199829102,856.6124999999997
4,27,4,2018,70.0,100.7,94.0,129.98373983739842,0.8,103.0,5.0,2.0,50.0,767.3125,0.0250000045929998,266460.0,276.1122998046875,60.00789199829102,856.6124999999997
5,27,4,2018,54.0,99.63333333333334,74.0,131.16260162601628,0.7,99.0,11.0,2.0,50.0,767.3125,0.0250000045929998,266460.0,276.1122998046875,60.00789199829102,856.6124999999997
6,27,4,2018,52.0,98.16666666666669,71.0,132.34146341463415,0.7,100.0,5.0,2.0,50.0,769.0,0.0250000045370012,265888.0,276.1333999633789,60.00911199188232,856.6124999999997
7,27,4,2018,52.0,96.46666666666668,71.0,133.52032520325204,0.8,86.0,8.0,3.0,50.0,769.0,0.0250000045370012,265888.0,276.1333999633789,60.00911199188232,856.6124999999997
8,27,4,2018,48.0,94.36666666666666,66.0,134.6991869918699,0.8,73.0,27.0,4.0,50.0,769.0,0.0250000045370012,265888.0,276.1333999633789,60.00911199188232,856.6124999999997
9,27,4,2018,51.0,92.3,70.0,135.8780487804878,0.7,69.0,54.0,6.0,50.0,772.125,0.025000004637001,265444.0,276.13119995117194,60.00867199707032,753.625
10,27,4,2018,40.0,89.56666666666666,56.0,137.0569105691057,0.7,33.0,106.0,9.0,50.0,772.125,0.025000004637001,265444.0,276.13119995117194,60.00867199707032,753.625
11,27,4,2018,37.0,86.83333333333333,53.0,138.2357723577236,0.6,23.0,128.0,7.0,50.0,772.125,0.025000004637001,265444.0,276.13119995117194,60.00867199707032,753.625
12,27,4,2018,26.0,83.56666666666666,42.0,139.41463414634148,0.4,18.0,135.0,4.0,50.0,768.625,0.0250000063010007,265344.0,276.0917999267578,60.0052439956665,685.0625
13,27,4,2018,25.0,80.46666666666667,45.0,140.59349593495935,0.3,14.0,143.0,2.0,50.0,768.625,0.0250000063010007,265344.0,276.0917999267578,60.0052439956665,685.0625
14,27,4,2018,22.0,77.1,46.0,141.77235772357724,0.3,15.0,148.0,2.0,50.0,768.625,0.0250000063010007,265344.0,276.0917999267578,60.0052439956665,685.0625
15,27,4,2018,25.0,74.16666666666667,48.0,142.95121951219508,0.3,16.0,155.0,2.0,50.0,766.1875,0.0250000066410005,265352.0,276.0644000244141,60.00360399627686,685.0
16,27,4,2018,23.0,70.7,50.0,144.130081300813,0.3,18.0,160.0,3.0,50.0,766.1875,0.0250000066410005,265352.0,276.0644000244141,60.00360399627686,685.0
17,27,4,2018,27.0,67.6,53.0,145.3089430894309,0.3,19.0,162.0,8.0,50.0,766.1875,0.0250000066410005,265352.0,276.0644000244141,60.00360399627686,685.0
18,27,4,2018,27.0,64.83333333333333,48.0,146.48780487804882,0.4,25.0,152.0,7.0,50.0,764.1875,0.0250000068149995,265032.0,276.0435998535156,60.00297599792482,685.0
19,27,4,2018,48.0,62.63333333333333,66.0,147.66666666666669,0.5,31.0,146.0,5.0,50.0,764.1875,0.0250000068149995,265032.0,276.0435998535156,60.00297599792482,685.0
20,27,4,2018,31.0,60.266666666666666,44.0,148.8455284552846,0.6,39.0,126.0,5.0,50.0,764.1875,0.0250000068149995,265032.0,276.0435998535156,60.00297599792482,685.0
21,27,4,2018,36.0,58.4,51.0,150.02439024390245,0.6,49.0,104.0,6.0,50.0,761.8125,0.0250000069629997,264936.0,276.01869995117187,60.0025359954834,685.3125
22,27,4,2018,35.0,56.2,50.0,151.20325203252034,0.5,49.0,95.0,6.0,50.0,761.8125,0.0250000069629997,264936.0,276.01869995117187,60.0025359954834,685.3125
23,27,4,2018,37.0,54.03333333333333,53.0,152.3821138211382,0.6,43.0,93.0,6.0,50.0,761.8125,0.0250000069629997,264936.0,276.01869995117187,60.0025359954834,685.3125
0,28,4,2018,40.0,52.266666666666666,56.0,153.5609756097561,0.6,42.0,89.0,5.0,50.0,766.375,0.0250000070680007,264888.0,276.05600006103515,60.00354399108887,778.6875
1,28,4,2018,42.0,50.63333333333333,59.0,154.739837398374,0.6,47.0,76.0,5.0,50.0,766.375,0.0250000070680007,264888.0,276.05600006103515,60.00354399108887,778.6875
2,28,4,2018,42.0,49.06666666666667,59.0,155.91869918699192,0.5,68.0,48.0,3.0,50.0,766.375,0.0250000070680007,264888.0,276.05600006103515,60.00354399108887,778.6875
3,28,4,2018,45.0,47.23333333333333,63.0,157.09756097560978,0.6,102.0,11.0,2.0,50.0,776.0625,0.0250000080850012,264492.0,276.11499999999995,60.00281199645996,854.75
4,28,4,2018,43.0,45.333333333333336,60.0,158.27642276422762,0.6,100.0,6.5,2.0,50.0,776.0625,0.0250000080850012,264492.0,276.11499999999995,60.00281199645996,854.75
5,28,4,2018,50.0,44.0,69.0,159.45528455284554,0.7,95.0,2.0,2.0,50.0,776.0625,0.0250000080850012,264492.0,276.11499999999995,60.00281199645996,854.75
6,28,4,2018,50.0,43.7,69.0,160.6341463414634,0.7,95.0,2.0,2.0,50.0,781.75,0.0250000092350002,263924.0,276.15399993896483,60.00413199615478,848.125
7,28,4,2018,41.0,42.46666666666667,58.0,161.8130081300813,0.6,91.0,5.0,2.0,50.0,781.75,0.0250000092350002,263924.0,276.15399993896483,60.00413199615478,848.125
8,28,4,2018,46.0,41.3,64.0,162.9918699186992,0.6,87.0,20.0,3.0,50.0,781.75,0.0250000092350002,263924.0,276.15399993896483,60.00413199615478,848.125
9,28,4,2018,48.0,40.43333333333333,66.0,164.1707317073171,0.6,83.0,38.0,5.0,50.0,783.1875,0.0250000092709995,263516.0,276.1704998779297,60.005187995910646,754.625
10,28,4,2018,52.0,39.833333333333336,71.0,165.34959349593495,0.6,81.0,56.0,7.0,50.0,783.1875,0.0250000092709995,263516.0,276.1704998779297,60.005187995910646,754.625
11,28,4,2018,58.0,39.96666666666667,79.0,166.52845528455285,0.6,70.0,90.0,7.0,50.0,783.1875,0.0250000092709995,263516.0,276.1704998779297,60.005187995910646,754.625
12,28,4,2018,78.0,40.833333333333336,104.0,167.70731707317077,0.7,64.0,122.0,7.0,50.0,779.3125,0.0250000109350001,263568.0,276.1191000366211,60.00245999145508,685.0625
13,28,4,2018,105.0,42.6,138.0,168.8861788617886,0.8,65.0,146.0,7.0,50.0,779.3125,0.0250000109350001,263568.0,276.1191000366211,60.00245999145508,685.0625
14,28,4,2018,108.0,44.6,141.0,170.0650406504065,0.8,43.0,181.0,9.0,50.0,779.3125,0.0250000109350001,263568.0,276.1191000366211,60.00245999145508,685.0625
15,28,4,2018,111.0,46.6,145.0,171.24390243902442,0.8,27.0,181.0,9.0,50.0,776.3125,0.0250000106359999,263556.0,276.096900024414,60.00279599761963,685.0
16,28,4,2018,103.0,48.7,135.0,172.42276422764232,0.8,25.0,181.0,9.0,50.0,776.3125,0.0250000106359999,263556.0,276.096900024414,60.00279599761963,685.0
17,28,4,2018,102.0,50.86666666666667,136.0,173.60162601626018,0.8,27.0,181.0,9.0,50.0,776.3125,0.0250000106359999,263556.0,276.096900024414,60.00279599761963,685.0
18,28,4,2018,112.0,53.73333333333333,146.0,174.78048780487808,0.9,28.0,181.0,9.0,50.0,773.5,0.0250000102409999,263260.0,276.0767999267578,60.00168399810791,685.0
19,28,4,2018,119.0,56.86666666666667,156.0,175.95934959349594,0.9,31.0,181.0,7.0,50.0,773.5,0.0250000102409999,263260.0,276.0767999267578,60.00168399810791,685.0
20,28,4,2018,144.0,60.93333333333333,191.0,177.1382113821138,1.0,42.0,181.0,6.0,50.0,773.5,0.0250000102409999,263260.0,276.0767999267578,60.00168399810791,685.0
21,28,4,2018,165.0,66.03333333333333,224.0,178.3170731707317,1.2,58.0,181.0,6.0,50.0,768.9375,0.025000009486,263244.0,276.04369995117185,60.0015359954834,685.3125
22,28,4,2018,165.0,71.96666666666667,224.0,179.4959349593496,1.2,50.0,181.0,7.0,50.0,768.9375,0.025000009486,263244.0,276.04369995117185,60.0015359954834,685.3125
23,28,4,2018,165.0,77.76666666666667,224.0,180.6747967479675,1.2,49.0,181.0,6.0,50.0,768.9375,0.025000009486,263244.0,276.04369995117185,60.0015359954834,685.3125
0,29,4,2018,165.0,83.66666666666667,224.0,181.85365853658536,1.2,53.0,172.0,6.0,50.0,774.4375,0.0250000095230005,263332.0,276.0810998535156,60.00274799346924,765.875
1,29,4,2018,165.0,89.1,224.0,183.03252032520325,1.4,48.0,156.0,6.0,50.0,774.4375,0.0250000095230005,263332.0,276.0810998535156,60.00274799346924,765.875
2,29,4,2018,165.0,95.36666666666666,224.0,184.21138211382117,1.4,103.0,54.0,3.0,50.0,774.4375,0.0250000095230005,263332.0,276.0810998535156,60.00274799346924,765.875
3,29,4,2018,165.0,101.66666666666669,224.0,185.39024390243904,1.4,103.0,28.0,2.0,50.0,778.0625,0.0250000087930001,263192.0,276.1244000244141,60.00215199279785,853.625
4,29,4,2018,165.0,108.0,224.0,186.5691056910569,1.3,103.0,5.0,2.0,50.0,778.0625,0.0250000087930001,263192.0,276.1244000244141,60.00215199279785,853.625
5,29,4,2018,165.0,113.13333333333334,224.0,187.7479674796748,1.2,103.0,10.0,2.0,50.0,778.0625,0.0250000087930001,263192.0,276.1244000244141,60.00215199279785,853.625
6,29,4,2018,165.0,117.36666666666666,217.0,188.9268292682927,1.2,103.0,2.0,2.0,50.0,782.875,0.0250000099110007,262900.0,276.1505999755859,60.00483599090576,840.5
7,29,4,2018,126.0,120.16666666666669,166.0,190.1056910569106,1.0,103.0,10.0,2.0,50.0,782.875,0.0250000099110007,262900.0,276.1505999755859,60.00483599090576,840.5
8,29,4,2018,91.0,121.8,120.0,191.28455284552845,0.8,78.0,34.0,6.0,50.0,782.875,0.0250000099110007,262900.0,276.1505999755859,60.00483599090576,840.5
9,29,4,2018,68.0,122.56666666666666,91.0,192.4634146341464,0.7,55.0,69.0,9.0,50.0,790.9375,0.025000010799,262700.0,276.1607998657226,60.00453999328613,726.1875
10,29,4,2018,141.0,125.83333333333331,187.0,193.64227642276424,1.0,67.0,91.0,10.0,50.0,790.9375,0.025000010799,262700.0,276.1607998657226,60.00453999328613,726.1875
11,29,4,2018,165.0,129.96666666666667,224.0,194.8211382113821,1.1,70.0,113.0,8.0,50.0,790.9375,0.025000010799,262700.0,276.1607998657226,60.00453999328613,726.1875
12,29,4,2018,142.0,133.03333333333333,189.0,196.0,1.0,55.0,107.0,8.0,50.0,782.25,0.0250000113369999,263228.0,276.12739990234365,60.00293599700928,685.0625
13,29,4,2018,145.0,136.5,193.0,205.0,0.9,45.0,150.0,13.0,50.0,782.25,0.0250000113369999,263228.0,276.12739990234365,60.00293599700928,685.0625
14,29,4,2018,124.0,139.1,163.0,179.0,0.9,36.0,181.0,17.0,50.0,782.25,0.0250000113369999,263228.0,276.12739990234365,60.00293599700928,685.0625
15,29,4,2018,106.0,141.03333333333333,139.0,186.0,0.9,30.0,181.0,17.0,50.0,778.9375,0.0250000078900009,263640.0,276.12889984130857,60.004983993530274,685.0
16,29,4,2018,105.0,142.8,138.0,185.0,1.0,37.0,181.0,14.0,50.0,778.9375,0.0250000078900009,263640.0,276.12889984130857,60.004983993530274,685.0
17,29,4,2018,111.0,144.518333333333,145.0,201.0,1.0,33.0,181.0,16.0,50.0,778.9375,0.0250000078900009,263640.0,276.12889984130857,60.004983993530274,685.0
18,29,4,2018,119.0,144.518333333333,156.0,229.0,1.1,42.0,181.0,14.0,50.0,773.5625,0.025000006589001,264388.0,276.0970999145508,60.00194799804687,685.0
19,29,4,2018,131.0,144.518333333333,173.0,234.9499999999989,1.3,44.0,181.0,12.0,50.0,773.5625,0.025000006589001,264388.0,276.0970999145508,60.00194799804687,685.0
20,29,4,2018,134.0,144.518333333333,177.0,234.9499999999989,1.3,81.0,124.0,9.0,50.0,773.5625,0.025000006589001,264388.0,276.0970999145508,60.00194799804687,685.0
21,29,4,2018,125.0,144.518333333333,164.0,234.9499999999989,1.2,89.0,98.0,9.0,50.0,770.6875,0.0250000065780002,265000.0,276.072200012207,60.00572399139404,685.3125
22,29,4,2018,103.0,144.518333333333,135.0,208.0,1.1,79.0,103.0,8.0,50.0,770.6875,0.0250000065780002,265000.0,276.072200012207,60.00572399139404,685.3125
23,29,4,2018,101.0,144.518333333333,133.0,201.0,1.0,73.0,109.0,8.0,50.0,770.6875,0.0250000065780002,265000.0,276.072200012207,60.00572399139404,685.3125
0,30,4,2018,78.0,144.518333333333,110.0,170.0,0.8,46.0,129.0,7.0,50.0,768.1875,0.0250000079779997,265456.0,276.0819998168945,60.00631199645997,791.625
1,30,4,2018,46.0,144.518333333333,106.0,161.0,0.5,33.0,109.0,4.0,50.0,768.1875,0.0250000079779997,265456.0,276.0819998168945,60.00631199645997,791.625
2,30,4,2018,34.0,140.86666666666667,101.0,152.0,0.4,34.0,85.0,4.0,50.0,768.1875,0.0250000079779997,265456.0,276.0819998168945,60.00631199645997,791.625
3,30,4,2018,23.0,135.7,80.0,109.0,0.4,41.0,68.0,2.0,50.0,773.5,0.0250000076599996,265268.0,276.1027999877929,60.00646799468994,856.6124999999997
4,30,4,2018,19.0,129.63333333333333,67.0,83.0,0.3,36.0,69.5,2.0,50.0,773.5,0.0250000076599996,265268.0,276.1027999877929,60.00646799468994,856.6124999999997
5,30,4,2018,14.0,123.4,51.0,52.0,0.3,25.0,71.0,2.0,50.0,773.5,0.0250000076599996,265268.0,276.1027999877929,60.00646799468994,856.6124999999997
6,30,4,2018,14.0,117.06666666666666,53.0,55.0,0.4,33.0,65.0,2.0,50.0,778.8125,0.0250000077090002,264980.0,276.1107000732422,60.00808799743653,814.0625
7,30,4,2018,13.0,110.46666666666668,58.0,66.0,0.5,24.0,78.0,2.0,50.0,778.8125,0.0250000077090002,264980.0,276.1107000732422,60.00808799743653,814.0625
8,30,4,2018,28.0,104.1,65.0,79.0,0.9,23.0,80.0,5.0,50.0,778.8125,0.0250000077090002,264980.0,276.1107000732422,60.00808799743653,814.0625
9,30,4,2018,27.0,97.5,62.0,74.0,1.0,20.0,86.0,8.0,50.0,778.0,0.0250000076660011,264660.0,276.1066998291016,60.00754399108887,739.6875
10,30,4,2018,30.0,91.0,64.0,77.0,0.9,18.0,91.0,9.0,50.0,778.0,0.0250000076660011,264660.0,276.1066998291016,60.00754399108887,739.6875
11,30,4,2018,22.0,85.36666666666666,65.0,79.0,0.7,16.0,101.0,7.0,50.0,778.0,0.0250000076660011,264660.0,276.1066998291016,60.00754399108887,739.6875
12,30,4,2018,32.0,80.86666666666666,64.0,77.0,0.7,16.0,107.0,5.0,50.0,772.5625,0.0250000074969995,264932.0,276.0832998657225,60.00364799499512,685.0625
13,30,4,2018,32.0,77.73333333333333,56.0,62.0,0.7,14.0,123.0,6.0,50.0,772.5625,0.0250000074969995,264932.0,276.0832998657225,60.00364799499512,685.0625
14,30,4,2018,25.0,75.53333333333333,64.0,78.0,0.7,14.0,136.0,6.0,50.0,772.5625,0.0250000074969995,264932.0,276.0832998657225,60.00364799499512,685.0625
15,30,4,2018,25.0,74.1,66.0,82.0,0.6,18.0,139.0,5.0,50.0,771.0,0.025000008297,265000.0,276.0619000244141,60.00143599700928,685.0
16,30,4,2018,35.0,70.56666666666666,62.0,73.0,0.5,15.0,157.0,4.0,50.0,771.0,0.025000008297,265000.0,276.0619000244141,60.00143599700928,685.0
17,30,4,2018,31.0,65.8,62.0,74.0,0.5,16.0,160.0,3.0,50.0,771.0,0.025000008297,265000.0,276.0619000244141,60.00143599700928,685.0
18,30,4,2018,32.0,62.13333333333333,63.0,76.0,0.5,18.0,161.0,3.0,50.0,767.8125,0.0250000084739998,264984.0,276.032200012207,60.002487991333005,685.0
19,30,4,2018,31.0,58.333333333333336,66.0,82.0,0.5,21.0,157.0,2.0,50.0,767.8125,0.0250000084739998,264984.0,276.032200012207,60.002487991333005,685.0
20,30,4,2018,32.0,55.266666666666666,71.0,91.0,0.5,25.0,135.0,2.0,50.0,767.8125,0.0250000084739998,264984.0,276.032200012207,60.002487991333005,685.0
21,30,4,2018,34.0,52.86666666666667,69.0,88.0,0.7,31.0,105.0,2.0,50.0,768.5625,0.0250000079950001,265096.0,276.0435000610352,60.00313999176026,685.3125
22,30,4,2018,30.0,50.36666666666667,69.0,87.0,0.6,35.0,84.0,2.0,50.0,768.5625,0.0250000079950001,265096.0,276.0435000610352,60.00313999176026,685.3125
23,30,4,2018,23.0,47.43333333333333,64.0,77.0,0.6,30.0,91.0,2.0,50.0,768.5625,0.0250000079950001,265096.0,276.0435000610352,60.00313999176026,685.3125
0,1,5,2018,26.0,44.333333333333336,61.0,72.0,0.5,38.0,81.0,2.0,50.0,764.625,0.0250000058770012,265272.0,276.0819998168945,60.00669999694824,794.875
1,1,5,2018,33.0,41.06666666666667,69.0,87.0,0.6,55.0,57.0,2.0,50.0,764.625,0.0250000058770012,265272.0,276.0819998168945,60.00669999694824,794.875
2,1,5,2018,32.0,37.66666666666666,74.0,97.0,0.6,102.0,5.0,2.0,50.0,764.625,0.0250000058770012,265272.0,276.0819998168945,60.00669999694824,794.875
3,1,5,2018,35.0,34.666666666666664,74.0,98.0,0.6,86.0,14.0,2.0,50.0,771.25,0.0250000050429999,265172.0,276.0925997924804,60.00911199188232,842.1875
4,1,5,2018,39.0,32.53333333333333,78.0,105.0,0.7,80.0,7.0,2.0,50.0,771.25,0.0250000050429999,265172.0,276.0925997924804,60.00911199188232,842.1875
5,1,5,2018,42.0,30.566666666666663,79.0,107.0,0.7,60.0,20.0,2.0,50.0,771.25,0.0250000050429999,265172.0,276.0925997924804,60.00911199188232,842.1875
6,1,5,2018,39.0,29.266666666666666,75.0,100.0,0.6,62.0,16.0,2.0,50.0,773.875,0.0250000040920004,265044.0,276.0964999389648,60.00911199188232,808.125
7,1,5,2018,44.0,29.2,97.0,144.0,0.6,56.0,26.0,2.0,50.0,773.875,0.0250000040920004,265044.0,276.0964999389648,60.00911199188232,808.125
8,1,5,2018,72.0,30.466666666666665,224.0,234.9499999999989,0.5,45.0,42.0,3.0,50.0,773.875,0.0250000040920004,265044.0,276.0964999389648,60.00911199188232,808.125
9,1,5,2018,161.0,35.06666666666667,224.0,234.9499999999989,0.4,25.0,67.0,2.0,50.00041218996048,773.125,0.0250000077030006,265472.0,276.04699981689447,60.00322799682617,730.5
10,1,5,2018,118.0,38.36666666666667,224.0,234.9499999999989,0.3,20.0,79.0,2.0,50.00041218996048,773.125,0.0250000077030006,265472.0,276.04699981689447,60.00322799682617,730.5
11,1,5,2018,92.0,40.96666666666667,224.0,234.9499999999989,0.3,19.0,86.0,2.0,50.00041218996048,773.125,0.0250000077030006,265472.0,276.04699981689447,60.00322799682617,730.5
12,1,5,2018,56.0,42.36666666666667,214.0,234.9499999999989,0.3,17.0,93.0,2.0,50.0,768.3125,0.0250000073889996,265704.0,276.034100036621,60.00472799682617,685.0625
13,1,5,2018,56.0,43.8,184.0,234.9499999999989,0.2,15.0,98.0,2.0,50.0,768.3125,0.0250000073889996,265704.0,276.034100036621,60.00472799682617,685.0625
14,1,5,2018,47.0,44.43333333333333,177.0,234.9499999999989,0.2,17.0,98.0,2.0,50.0,768.3125,0.0250000073889996,265704.0,276.034100036621,60.00472799682617,685.0625
15,1,5,2018,43.0,44.96666666666667,155.0,234.9499999999989,0.2,17.0,101.0,2.0,50.0,769.0,0.025000008944001,265720.0,276.0269998168945,60.00518399810791,685.0
16,1,5,2018,27.0,44.86666666666667,128.0,206.0,0.3,21.0,89.0,2.0,50.0,769.0,0.025000008944001,265720.0,276.0269998168945,60.00518399810791,685.0
17,1,5,2018,23.0,44.9,108.0,165.0,0.4,35.0,70.0,2.0,50.0,769.0,0.025000008944001,265720.0,276.0269998168945,60.00518399810791,685.0
18,1,5,2018,17.0,44.4,82.0,113.0,0.4,34.0,66.0,2.0,50.0,767.0,0.025000007542001,265776.0,276.02049987792964,60.00280799102783,685.0
19,1,5,2018,15.0,43.833333333333336,67.0,84.0,0.4,37.0,55.0,2.0,50.0,767.0,0.025000007542001,265776.0,276.02049987792964,60.00280799102783,685.0
20,1,5,2018,12.0,43.4,49.0,49.0,0.4,35.0,53.0,2.0,50.0,767.0,0.025000007542001,265776.0,276.02049987792964,60.00280799102783,685.0
21,1,5,2018,22.0,43.3,54.0,58.0,0.4,39.0,43.0,2.0,50.0,764.75,0.0250000055970009,265968.0,276.0203997802734,60.00417199707032,685.375
22,1,5,2018,20.0,42.8,58.0,65.0,0.4,38.0,43.0,2.0,50.0,764.75,0.0250000055970009,265968.0,276.0203997802734,60.00417199707032,685.375
23,1,5,2018,23.0,42.53333333333333,62.0,73.0,0.5,25.0,58.0,2.0,50.0,764.75,0.0250000055970009,265968.0,276.0203997802734,60.00417199707032,685.375
0,2,5,2018,28.0,42.4,65.0,79.0,0.5,54.0,22.0,2.0,50.0,758.875,0.0250000041650012,266176.0,276.0617999267577,60.00563599395752,797.6875
1,2,5,2018,18.0,41.96666666666667,51.0,52.0,0.4,47.0,21.0,2.0,50.0,758.875,0.0250000041650012,266176.0,276.0617999267577,60.00563599395752,797.6875
2,2,5,2018,9.0,41.2,17.0,17.0,0.3,32.0,33.0,2.0,50.0,758.875,0.0250000041650012,266176.0,276.0617999267577,60.00563599395752,797.6875
3,2,5,2018,10.0,40.4,43.0,43.0,0.3,58.0,6.0,2.0,50.0,761.25,0.0250000025399997,266104.0,276.0979998779297,60.0052919921875,856.6124999999997
4,2,5,2018,9.0,39.7,29.0,29.0,0.3,55.0,4.5,2.0,50.0,761.25,0.0250000025399997,266104.0,276.0979998779297,60.0052919921875,856.6124999999997
5,2,5,2018,11.0,39.3,33.0,33.0,0.3,66.0,3.0,2.0,50.0,761.25,0.0250000025399997,266104.0,276.0979998779297,60.0052919921875,856.6124999999997
6,2,5,2018,8.0,38.7,26.0,21.0,0.3,52.0,24.0,2.0,50.00001250267029,769.4375,0.0250000024939999,265600.0,276.099100036621,60.00608399200439,832.25
7,2,5,2018,11.0,37.96666666666667,40.0,40.0,0.3,58.0,23.0,2.0,50.00001250267029,769.4375,0.0250000024939999,265600.0,276.099100036621,60.00608399200439,832.25
8,2,5,2018,18.0,37.5,53.0,55.0,0.3,42.0,46.0,2.0,50.00001250267029,769.4375,0.0250000024939999,265600.0,276.099100036621,60.00608399200439,832.25
9,2,5,2018,16.0,36.86666666666667,25.0,21.0,0.2,21.0,81.0,2.0,50.00016875267029,771.4375,0.0250000036210008,265316.0,276.101600036621,60.00898799133301,745.8125
10,2,5,2018,16.0,36.1,30.0,20.0,0.2,18.0,95.0,2.0,50.00016875267029,771.4375,0.0250000036210008,265316.0,276.101600036621,60.00898799133301,745.8125
11,2,5,2018,17.0,35.266666666666666,33.0,18.0,0.1,18.0,107.0,2.0,50.00016875267029,771.4375,0.0250000036210008,265316.0,276.101600036621,60.00898799133301,745.8125
12,2,5,2018,26.0,34.833333333333336,45.0,45.0,0.1,17.0,112.0,2.0,50.0,763.75,0.0250000037080012,265348.0,276.06720001220697,60.00399199676514,685.125
13,2,5,2018,41.0,34.733333333333334,58.0,48.0,0.1,16.0,115.0,2.0,50.0,763.75,0.0250000037080012,265348.0,276.06720001220697,60.00399199676514,685.125
14,2,5,2018,27.0,33.233333333333334,59.0,68.0,0.1,17.0,117.0,2.0,50.0,763.75,0.0250000037080012,265348.0,276.06720001220697,60.00399199676514,685.125
15,2,5,2018,25.0,28.7,59.0,68.0,0.1,20.0,120.0,2.0,50.0,762.0,0.0250000039189998,265628.0,276.0526998901367,60.00485199737549,685.0
16,2,5,2018,25.0,25.6,83.0,116.0,0.2,26.0,112.0,2.0,50.0,762.0,0.0250000039189998,265628.0,276.0526998901367,60.00485199737549,685.0
17,2,5,2018,21.0,23.23333333333333,51.0,52.0,0.2,19.0,118.0,2.0,50.0,762.0,0.0250000039189998,265628.0,276.0526998901367,60.00485199737549,685.0
18,2,5,2018,26.0,22.23333333333333,50.0,50.0,0.2,19.0,112.0,2.0,50.0,759.875,0.0250000039259996,266000.0,276.03119995117186,60.00378399658203,685.0
19,2,5,2018,27.0,21.266666666666666,70.0,89.0,0.2,28.0,98.0,2.0,50.0,759.875,0.0250000039259996,266000.0,276.03119995117186,60.00378399658203,685.0
20,2,5,2018,17.5,20.28333333333333,33.0,73.5,0.2,16.0,107.0,2.0,50.0,759.875,0.0250000039259996,266000.0,276.03119995117186,60.00378399658203,685.0
21,2,5,2018,8.0,19.116666666666667,54.0,58.0,0.2,21.0,95.0,2.0,50.0,757.6875,0.0250000038150008,266308.0,276.01190002441405,60.003627990722656,685.375
22,2,5,2018,8.0,18.48333333333333,33.0,33.0,0.2,30.0,83.0,2.0,50.0,757.6875,0.0250000038150008,266308.0,276.01190002441405,60.003627990722656,685.375
23,2,5,2018,7.0,17.95,39.0,39.0,0.2,39.0,69.0,2.0,50.0,757.6875,0.0250000038150008,266308.0,276.01190002441405,60.003627990722656,685.375
0,3,5,2018,6.0,17.583333333333332,54.0,58.0,0.2,68.0,38.0,2.0,50.0,756.6875,0.025000003099,266356.0,276.05529998779286,60.00367199707031,800.3125
1,3,5,2018,10.0,17.416666666666668,58.0,66.0,0.2,78.0,23.0,2.0,50.0,756.6875,0.025000003099,266356.0,276.05529998779286,60.00367199707031,800.3125
2,3,5,2018,14.0,17.483333333333334,66.0,81.0,0.2,86.0,11.0,2.0,50.0,756.6875,0.025000003099,266356.0,276.05529998779286,60.00367199707031,800.3125
3,3,5,2018,10.0,17.083333333333332,63.0,75.0,0.2,75.0,22.0,2.0,50.0,759.5,0.0250000019950009,266300.0,276.09139984130854,60.0050239944458,856.6124999999997
4,3,5,2018,9.0,16.716666666666665,63.0,75.0,0.2,70.0,19.0,2.0,50.0,759.5,0.0250000019950009,266300.0,276.09139984130854,60.0050239944458,856.6124999999997
5,3,5,2018,3.0,16.05,51.0,52.0,0.2,44.0,39.0,2.0,50.0,759.5,0.0250000019950009,266300.0,276.09139984130854,60.0050239944458,856.6124999999997
6,3,5,2018,9.0,15.416666666666666,52.0,54.0,0.2,55.0,29.0,2.0,50.0,761.375,0.0250000022520013,265676.0,276.11169982910155,60.00559199523926,856.6124999999997
7,3,5,2018,9.0,15.116666666666667,66.0,82.0,0.3,52.0,33.0,3.0,50.0,761.375,0.0250000022520013,265676.0,276.11169982910155,60.00559199523926,856.6124999999997
8,3,5,2018,12.0,15.216666666666669,69.0,88.0,0.3,46.0,42.0,3.0,50.0,761.375,0.0250000022520013,265676.0,276.11169982910155,60.00559199523926,856.6124999999997
9,3,5,2018,9.0,15.183333333333334,51.0,52.0,0.3,35.0,63.0,3.0,50.0,763.125,0.0250000031770002,265200.0,276.11739990234366,60.0083039932251,773.25
10,3,5,2018,11.0,15.25,36.0,36.0,0.2,22.0,90.0,2.0,50.0,763.125,0.0250000031770002,265200.0,276.11739990234366,60.0083039932251,773.25
11,3,5,2018,7.0,15.116666666666667,34.0,34.0,0.1,16.0,103.0,2.0,50.0,763.125,0.0250000031770002,265200.0,276.11739990234366,60.0083039932251,773.25
12,3,5,2018,9.0,15.15,33.0,29.0,0.1,15.0,106.0,2.0,50.0,761.3125,0.0250000040339995,264964.0,276.079700012207,60.00393199157715,685.125
13,3,5,2018,7.0,15.016666666666667,35.0,27.0,0.1,15.0,112.0,2.0,50.0,761.3125,0.0250000040339995,264964.0,276.079700012207,60.00393199157715,685.125
14,3,5,2018,8.0,14.683333333333334,37.0,31.0,0.1,16.0,119.0,2.0,50.0,761.3125,0.0250000040339995,264964.0,276.079700012207,60.00393199157715,685.125
15,3,5,2018,13.0,14.583333333333334,56.0,62.0,0.1,16.0,130.0,2.0,50.0,760.0,0.0250000047389995,265056.0,276.05009979248047,60.00369999694824,685.0
16,3,5,2018,12.0,14.45,66.0,82.0,0.2,18.0,128.0,2.0,50.0,760.0,0.0250000047389995,265056.0,276.05009979248047,60.00369999694824,685.0
17,3,5,2018,14.0,14.35,71.0,91.0,0.2,18.0,126.0,2.0,50.0,760.0,0.0250000047389995,265056.0,276.05009979248047,60.00369999694824,685.0
18,3,5,2018,17.0,14.05,75.0,100.0,0.2,20.0,130.0,2.0,50.0,758.0625,0.0250000051419995,264784.0,276.0222998046874,60.00321999359131,685.0
19,3,5,2018,16.0,13.216666666666669,75.0,99.0,0.2,22.0,126.0,2.0,50.0,758.0625,0.0250000051419995,264784.0,276.0222998046874,60.00321999359131,685.0
20,3,5,2018,14.0,12.783333333333331,66.0,82.0,0.3,35.0,103.0,3.0,50.0,758.0625,0.0250000051419995,264784.0,276.0222998046874,60.00321999359131,685.0
21,3,5,2018,24.0,12.75,72.0,94.0,0.4,51.0,77.0,3.0,50.0,756.0,0.0250000055369995,264728.0,275.99369995117183,60.00147199249268,685.375
22,3,5,2018,24.0,12.716666666666669,73.0,96.0,0.3,51.0,68.0,3.0,50.0,756.0,0.0250000055369995,264728.0,275.99369995117183,60.00147199249268,685.375
23,3,5,2018,27.0,12.916666666666666,83.0,116.0,0.4,59.0,54.0,4.0,50.0,756.0,0.0250000055369995,264728.0,275.99369995117183,60.00147199249268,685.375
0,4,5,2018,28.0,12.983333333333333,83.0,116.0,0.4,62.0,48.0,4.0,50.0,766.75,0.0250000057260002,264596.0,276.0476998901367,60.00363599395752,769.1875
1,4,5,2018,25.0,12.916666666666666,78.0,106.0,0.4,64.0,41.0,3.0,50.0,766.75,0.0250000057260002,264596.0,276.0476998901367,60.00363599395752,769.1875
2,4,5,2018,29.0,13.3,77.0,104.0,0.4,80.0,19.0,4.0,50.0,766.75,0.0250000057260002,264596.0,276.0476998901367,60.00363599395752,769.1875
3,4,5,2018,35.0,14.2,86.0,121.0,0.5,93.0,2.0,2.0,50.0,765.25,0.0250000058050006,264200.0,276.089700012207,60.00158799743652,856.6124999999997
4,4,5,2018,39.0,15.233333333333333,91.0,131.0,0.5,92.0,2.0,2.0,50.0,765.25,0.0250000058050006,264200.0,276.089700012207,60.00158799743652,856.6124999999997
5,4,5,2018,35.0,16.166666666666668,82.0,113.0,0.5,88.0,2.0,2.0,50.0,765.25,0.0250000058050006,264200.0,276.089700012207,60.00158799743652,856.6124999999997
6,4,5,2018,29.0,16.933333333333334,73.0,95.0,0.4,88.0,2.0,2.0,50.0,770.3125,0.0250000059280004,263624.0,276.1351998901367,60.00403999328614,856.6124999999997
7,4,5,2018,85.0,19.433333333333334,113.0,108.0,0.4,86.0,9.0,3.0,50.0,770.3125,0.0250000059280004,263624.0,276.1351998901367,60.00403999328614,856.6124999999997
8,4,5,2018,64.0,21.1,39.0,106.0,0.5,77.0,24.0,3.0,50.0,770.3125,0.0250000059280004,263624.0,276.1351998901367,60.00403999328614,856.6124999999997
9,4,5,2018,43.0,22.2,77.0,104.0,0.5,71.0,40.0,4.0,50.0,774.5625,0.0250000075720008,263296.0,276.1458999633789,60.00772799682617,769.9375
10,4,5,2018,44.0,23.366666666666667,85.0,120.0,0.5,63.0,61.0,6.0,50.0,774.5625,0.0250000075720008,263296.0,276.1458999633789,60.00772799682617,769.9375
11,4,5,2018,68.0,25.53333333333333,91.0,113.0,0.4,62.0,78.0,6.0,50.0,774.5625,0.0250000075720008,263296.0,276.1458999633789,60.00772799682617,769.9375
12,4,5,2018,61.0,27.266666666666666,89.0,127.0,0.5,75.0,84.0,7.0,50.0,774.1875,0.0250000084189996,263352.0,276.11959991455075,60.00256399536133,685.125
13,4,5,2018,59.0,28.933333333333334,90.0,130.0,0.5,60.0,118.0,11.0,50.0,774.1875,0.0250000084189996,263352.0,276.11959991455075,60.00256399536133,685.125
14,4,5,2018,56.0,30.4,81.0,111.0,0.4,28.0,181.0,12.0,50.0,774.1875,0.0250000084189996,263352.0,276.11959991455075,60.00256399536133,685.125
15,4,5,2018,137.0,34.666666666666664,181.0,122.33333333333331,0.5,25.0,181.0,12.0,50.0,773.1875,0.0250000091260001,263372.0,276.1030999755859,60.00263199615478,685.0
16,4,5,2018,155.0,39.46666666666667,205.0,133.66666666666666,0.5,26.0,181.0,13.0,50.0,773.1875,0.0250000091260001,263372.0,276.1030999755859,60.00263199615478,685.0
17,4,5,2018,146.0,44.1,111.0,145.0,0.6,25.0,181.0,16.0,50.0,773.1875,0.0250000091260001,263372.0,276.1030999755859,60.00263199615478,685.0
18,4,5,2018,137.0,48.36666666666667,109.0,157.0,0.6,32.0,181.0,16.0,50.00003749847412,770.4375,0.0250000094020003,263580.0,276.0758999633789,60.00228399658203,685.0
19,4,5,2018,128.0,52.4,169.0,188.0,0.7,38.0,181.0,16.0,50.00003749847412,770.4375,0.0250000094020003,263580.0,276.0758999633789,60.00228399658203,685.0
20,4,5,2018,131.0,56.5,173.0,171.0,0.8,44.0,181.0,14.0,50.00003749847412,770.4375,0.0250000094020003,263580.0,276.0758999633789,60.00228399658203,685.0
21,4,5,2018,119.0,60.03333333333333,156.0,189.0,0.9,53.0,165.0,13.0,50.0,768.25,0.0250000092799998,263740.0,276.0572998046875,60.00340799713135,685.375
22,4,5,2018,96.5,62.85,134.0,218.0,0.9,51.0,158.0,13.0,50.0,768.25,0.0250000092799998,263740.0,276.0572998046875,60.00340799713135,685.375
23,4,5,2018,74.0,64.85,129.0,207.0,1.1,79.0,110.0,11.0,50.0,768.25,0.0250000092799998,263740.0,276.0572998046875,60.00340799713135,685.375
0,5,5,2018,116.0,68.15,151.0,218.0,1.3,84.0,84.0,9.0,50.0,776.0625,0.0250000058230012,263988.0,276.1072998046875,60.0043639907837,759.9375
1,5,5,2018,116.0,71.48333333333333,151.0,202.0,1.3,79.0,79.0,9.0,50.0,776.0625,0.0250000058230012,263988.0,276.1072998046875,60.0043639907837,759.9375
2,5,5,2018,111.0,74.71666666666667,145.0,185.0,1.2,90.0,59.0,8.0,50.0,776.0625,0.0250000058230012,263988.0,276.1072998046875,60.0043639907837,759.9375
3,5,5,2018,90.0,76.91666666666667,119.0,155.0,0.9,98.0,49.0,7.0,50.0,784.1875,0.0250000036210008,264136.0,276.13649993896485,60.00596799468994,779.5625
4,5,5,2018,89.0,79.08333333333333,118.0,147.0,0.8,95.0,55.0,8.0,50.0,784.1875,0.0250000036210008,264136.0,276.13649993896485,60.00596799468994,779.5625
5,5,5,2018,82.0,80.91666666666667,109.0,143.0,0.8,94.0,55.0,7.0,50.0,784.1875,0.0250000036210008,264136.0,276.13649993896485,60.00596799468994,779.5625
6,5,5,2018,84.0,82.78333333333333,111.0,146.0,0.8,103.0,46.0,6.0,50.0,786.5625,0.0250000033270008,263952.0,276.1369998168945,60.00736799621582,758.1875
7,5,5,2018,92.0,85.01666666666667,121.0,154.0,0.9,103.0,47.0,8.0,50.0,786.5625,0.0250000033270008,263952.0,276.1369998168945,60.00736799621582,758.1875
8,5,5,2018,72.0,86.45,112.0,173.0,0.7,98.0,51.0,11.0,50.0,786.5625,0.0250000033270008,263952.0,276.1369998168945,60.00736799621582,758.1875
9,5,5,2018,59.0,87.25,162.0,234.9499999999989,0.5,80.0,59.0,7.0,50.0,783.1875,0.0250000036620013,264092.0,276.12,60.0072679977417,719.875
10,5,5,2018,62.0,88.01666666666667,224.0,234.9499999999989,0.4,43.0,91.0,3.0,50.0,783.1875,0.0250000036620013,264092.0,276.12,60.0072679977417,719.875
11,5,5,2018,82.0,89.58333333333333,224.0,234.9499999999989,0.3,30.0,102.0,2.0,50.0,783.1875,0.0250000036620013,264092.0,276.12,60.0072679977417,719.875
12,5,5,2018,102.0,92.01666666666668,224.0,234.9499999999989,0.2,22.0,108.0,2.0,50.0,779.625,0.0250000044880006,264360.0,276.09869995117185,60.00141599273682,685.125
13,5,5,2018,113.0,92.95,224.0,234.9499999999989,0.2,21.0,110.0,2.0,50.0,779.625,0.0250000044880006,264360.0,276.09869995117185,60.00141599273682,685.125
14,5,5,2018,82.0,93.55,224.0,234.9499999999989,0.2,27.0,100.0,2.0,50.0,779.625,0.0250000044880006,264360.0,276.09869995117185,60.00141599273682,685.125
15,5,5,2018,72.0,94.51666666666668,224.0,234.9499999999989,0.3,38.0,89.0,2.0,50.0,777.25,0.0250000053170006,264356.0,276.073099975586,60.00211199188232,685.0
16,5,5,2018,53.0,94.81666666666666,184.0,234.9499999999989,0.2,30.0,97.0,2.0,50.0,777.25,0.0250000053170006,264356.0,276.073099975586,60.00211199188232,685.0
17,5,5,2018,39.0,93.85,145.0,234.9499999999989,0.2,35.0,88.0,2.0,50.0,777.25,0.0250000053170006,264356.0,276.073099975586,60.00211199188232,685.0
18,5,5,2018,39.0,93.11666666666666,150.0,234.9499999999989,0.3,40.0,78.0,2.0,50.0,773.875,0.0250000066440012,264604.0,276.037200012207,60.00205599212647,685.0
19,5,5,2018,46.0,92.68333333333334,171.0,234.9499999999989,0.3,52.0,64.0,2.0,50.0,773.875,0.0250000066440012,264604.0,276.037200012207,60.00205599212647,685.0
20,5,5,2018,53.0,92.58333333333331,147.0,234.9499999999989,0.3,53.0,60.0,2.0,50.0,773.875,0.0250000066440012,264604.0,276.037200012207,60.00205599212647,685.0
21,5,5,2018,86.0,90.88333333333334,120.0,190.0,0.4,53.0,58.0,2.0,50.0,772.25,0.0250000071869995,264728.0,276.02019989013667,60.00235999298096,685.375
22,5,5,2018,47.0,87.28333333333333,154.0,234.9499999999989,0.5,80.0,35.0,3.0,50.0,772.25,0.0250000071869995,264728.0,276.02019989013667,60.00235999298096,685.375
23,5,5,2018,60.0,84.41666666666667,224.0,234.9499999999989,0.6,74.0,47.0,4.0,50.0,772.25,0.0250000071869995,264728.0,276.02019989013667,60.00235999298096,685.375
0,6,5,2018,61.0,81.88333333333334,223.0,234.9499999999989,0.6,70.0,46.0,4.0,50.0,768.25,0.025000007096,264744.0,276.08,60.00193599700928,788.9375
1,6,5,2018,58.0,79.55,196.0,234.9499999999989,0.6,82.0,35.0,3.0,50.0,768.25,0.025000007096,264744.0,276.08,60.00193599700928,788.9375
2,6,5,2018,58.0,77.11666666666666,174.0,234.9499999999989,0.6,103.0,2.0,3.0,50.0,768.25,0.025000007096,264744.0,276.08,60.00193599700928,788.9375
3,6,5,2018,76.0,75.68333333333334,165.0,234.9499999999989,0.5,103.0,2.0,2.0,50.0,770.3125,0.0250000064979996,264472.0,276.11749999999995,60.00650799560547,856.6124999999997
4,6,5,2018,59.0,74.43333333333334,166.0,234.9499999999989,0.5,102.0,2.0,2.0,50.0,770.3125,0.0250000064979996,264472.0,276.11749999999995,60.00650799560547,856.6124999999997
5,6,5,2018,52.0,73.7,155.0,234.9499999999989,0.5,83.0,2.0,2.0,50.0,770.3125,0.0250000064979996,264472.0,276.11749999999995,60.00650799560547,856.6124999999997
6,6,5,2018,48.0,71.43333333333334,147.0,234.9499999999989,0.5,73.0,4.0,2.0,50.0,772.875,0.0250000051899999,263920.0,276.1523999023437,60.00444799804689,856.6124999999997
7,6,5,2018,44.0,69.03333333333333,147.0,234.9499999999989,0.5,59.0,16.0,2.0,50.0,772.875,0.0250000051899999,263920.0,276.1523999023437,60.00444799804689,856.6124999999997
8,6,5,2018,46.0,66.86666666666666,142.0,233.0,0.5,45.0,47.0,3.0,50.0,772.875,0.0250000051899999,263920.0,276.1523999023437,60.00444799804689,856.6124999999997
9,6,5,2018,48.0,65.46666666666667,143.0,234.9499999999989,0.5,40.0,98.0,6.0,50.0,783.25,0.0250000063140001,263724.0,276.14149993896484,60.00817199707031,734.875
10,6,5,2018,42.0,63.9,113.0,176.0,0.5,26.0,138.0,6.0,50.0,783.25,0.0250000063140001,263724.0,276.14149993896484,60.00817199707031,734.875
11,6,5,2018,41.0,62.53333333333333,115.0,180.0,0.5,23.0,144.0,6.0,50.0,783.25,0.0250000063140001,263724.0,276.14149993896484,60.00817199707031,734.875
12,6,5,2018,47.0,61.3,128.0,205.0,0.4,18.0,162.0,5.0,50.0,773.0625,0.0250000075540002,263812.0,276.1077999877929,60.00282799530029,685.125
13,6,5,2018,47.0,59.8,133.0,215.0,0.4,17.0,172.0,5.0,50.0,773.0625,0.0250000075540002,263812.0,276.1077999877929,60.00282799530029,685.125
14,6,5,2018,48.0,59.0,128.0,206.0,0.4,16.0,181.0,4.0,50.0,773.0625,0.0250000075540002,263812.0,276.1077999877929,60.00282799530029,685.125
15,6,5,2018,41.0,58.4,119.0,187.0,0.4,17.0,179.0,3.0,50.0,771.875,0.0250000085540004,263832.0,276.08600006103507,60.003283996582034,685.0
16,6,5,2018,45.0,57.833333333333336,117.0,183.0,0.4,21.0,170.0,3.0,50.0,771.875,0.0250000085540004,263832.0,276.08600006103507,60.003283996582034,685.0
17,6,5,2018,43.0,56.53333333333333,130.0,209.0,0.4,19.0,179.0,3.0,50.0,771.875,0.0250000085540004,263832.0,276.08600006103507,60.003283996582034,685.0
18,6,5,2018,43.0,54.56666666666667,116.0,181.0,0.4,25.0,171.0,3.0,50.0,770.6875,0.0250000091890003,263840.0,276.06869995117194,60.00385599517822,685.0
19,6,5,2018,41.0,52.16666666666666,118.0,186.0,0.5,29.0,164.0,4.0,50.0,770.6875,0.0250000091890003,263840.0,276.06869995117194,60.00385599517822,685.0
20,6,5,2018,41.0,50.8,113.0,176.0,0.5,33.0,141.0,4.0,50.0,770.6875,0.0250000091890003,263840.0,276.06869995117194,60.00385599517822,685.0
21,6,5,2018,46.0,49.93333333333333,125.0,199.0,0.5,31.0,126.0,7.0,50.0,769.3125,0.0250000091440007,264308.0,276.0569000244141,60.003491996765135,685.375
22,6,5,2018,43.0,49.6,124.0,197.0,0.5,29.0,114.0,5.0,50.0,769.3125,0.0250000091440007,264308.0,276.0569000244141,60.003491996765135,685.375
23,6,5,2018,40.0,49.63333333333333,105.0,160.0,0.5,30.0,102.0,7.0,50.0,769.3125,0.0250000091440007,264308.0,276.0569000244141,60.003491996765135,685.375
0,7,5,2018,54.0,50.13333333333333,107.0,164.0,0.5,34.0,91.0,5.0,50.0,778.875,0.025000008456001,264512.0,276.07889984130856,60.00492399597168,740.875
1,7,5,2018,46.0,50.13333333333333,105.0,159.0,0.5,41.0,77.0,4.0,50.0,778.875,0.025000008456001,264512.0,276.07889984130856,60.00492399597168,740.875
2,7,5,2018,47.0,49.93333333333333,103.0,155.0,0.5,84.0,25.0,4.0,50.0,778.875,0.025000008456001,264512.0,276.07889984130856,60.00492399597168,740.875
3,7,5,2018,40.0,48.4,86.0,122.0,0.5,84.0,21.0,2.0,50.0,778.25,0.0250000073920004,264500.0,276.1097998046875,60.004031997680656,826.25
4,7,5,2018,39.0,48.13333333333333,100.0,149.0,0.5,100.0,5.0,2.0,50.0,778.25,0.0250000073920004,264500.0,276.1097998046875,60.004031997680656,826.25
5,7,5,2018,43.0,47.56666666666667,109.0,167.0,0.5,103.0,2.0,2.0,50.0,778.25,0.0250000073920004,264500.0,276.1097998046875,60.004031997680656,826.25
6,7,5,2018,46.0,47.06666666666667,104.0,158.0,0.5,92.0,19.0,2.0,50.0,770.0,0.0250000072290003,264504.0,276.1095999145508,60.0037559967041,856.6124999999997
7,7,5,2018,42.0,46.53333333333333,107.0,164.0,0.5,80.0,34.0,3.0,50.0,770.0,0.0250000072290003,264504.0,276.1095999145508,60.0037559967041,856.6124999999997
8,7,5,2018,47.0,46.16666666666666,113.0,176.0,0.6,71.0,47.0,4.0,50.0,770.0,0.0250000072290003,264504.0,276.1095999145508,60.0037559967041,856.6124999999997
9,7,5,2018,54.0,45.43333333333333,99.0,147.0,0.5,51.0,88.0,6.0,50.00001874923706,771.0,0.0250000074749998,264416.0,276.11509979248046,60.00359599304199,771.375
10,7,5,2018,52.0,45.2,102.0,153.0,0.6,45.0,101.0,7.0,50.00001874923706,771.0,0.0250000074749998,264416.0,276.11509979248046,60.00359599304199,771.375
11,7,5,2018,62.0,45.53333333333333,103.0,156.0,0.7,45.0,115.0,10.0,50.00001874923706,771.0,0.0250000074749998,264416.0,276.11509979248046,60.00359599304199,771.375
12,7,5,2018,77.0,46.5,124.0,198.0,0.9,35.0,158.0,13.0,50.0,772.0,0.0250000068190004,264480.0,276.08690002441404,60.00335599517823,685.125
13,7,5,2018,82.0,47.766666666666666,121.0,191.0,0.9,28.0,181.0,15.0,50.0,772.0,0.0250000068190004,264480.0,276.08690002441404,60.00335599517823,685.125
14,7,5,2018,81.0,48.93333333333333,119.0,188.0,0.7,21.0,181.0,11.0,50.0,772.0,0.0250000068190004,264480.0,276.08690002441404,60.00335599517823,685.125
15,7,5,2018,87.0,50.23333333333333,115.0,180.0,0.7,23.0,181.0,8.0,50.0,767.75,0.0250000058479998,264444.0,276.06119995117183,60.00319199371338,685.0
16,7,5,2018,65.0,51.0,108.0,130.0,0.8,21.0,181.0,8.0,50.0,767.75,0.0250000058479998,264444.0,276.06119995117183,60.00319199371338,685.0
17,7,5,2018,61.0,51.66666666666666,107.0,164.0,0.6,20.0,181.0,7.0,50.0,767.75,0.0250000058479998,264444.0,276.06119995117183,60.00319199371338,685.0
18,7,5,2018,49.0,51.73333333333333,75.0,100.0,0.5,24.0,153.0,5.0,50.0,763.5,0.0250000049830004,265760.0,276.0338000488281,60.00195999145508,685.0
19,7,5,2018,36.0,51.36666666666667,74.0,97.0,0.5,29.0,122.0,3.0,50.0,763.5,0.0250000049830004,265760.0,276.0338000488281,60.00195999145508,685.0
20,7,5,2018,32.0,50.833333333333336,72.0,93.0,0.4,40.0,92.0,3.0,50.0,763.5,0.0250000049830004,265760.0,276.0338000488281,60.00195999145508,685.0
21,7,5,2018,30.0,50.46666666666667,68.0,85.0,0.3,41.0,79.0,2.0,50.0,761.8125,0.0250000052940007,266108.0,276.01320007324216,60.00165199279785,685.4375
22,7,5,2018,27.0,49.86666666666667,64.0,78.0,0.3,54.0,55.0,2.0,50.0,761.8125,0.0250000052940007,266108.0,276.01320007324216,60.00165199279785,685.4375
23,7,5,2018,26.0,49.3,66.0,81.0,0.3,45.0,58.0,2.0,50.0,761.8125,0.0250000052940007,266108.0,276.01320007324216,60.00165199279785,685.4375
0,8,5,2018,25.0,48.7,63.0,76.0,0.3,52.0,48.0,2.0,50.0,760.875,0.0250000040930006,266248.0,276.0779998779296,60.00164399719238,800.125
1,8,5,2018,19.0,47.96666666666667,49.0,49.0,0.3,38.0,77.0,2.0,50.0,760.875,0.0250000040930006,266248.0,276.0779998779296,60.00164399719238,800.125
2,8,5,2018,21.0,47.3,59.0,68.0,0.3,85.0,27.0,3.0,50.0,760.875,0.0250000040930006,266248.0,276.0779998779296,60.00164399719238,800.125
3,8,5,2018,24.0,46.56666666666667,67.0,83.0,0.3,100.0,2.0,3.0,50.0,765.375,0.0250000040770005,266080.0,276.1080999755859,60.00505199432373,856.6124999999997
4,8,5,2018,26.0,46.0,89.0,127.0,0.4,90.0,2.0,2.0,50.0,765.375,0.0250000040770005,266080.0,276.1080999755859,60.00505199432373,856.6124999999997
5,8,5,2018,25.0,45.5,74.0,98.0,0.4,70.0,2.0,2.0,50.0,765.375,0.0250000040770005,266080.0,276.1080999755859,60.00505199432373,856.6124999999997
6,8,5,2018,20.0,44.36666666666667,64.0,77.0,0.4,66.0,4.0,2.0,50.0,771.5625,0.0250000047239996,265804.0,276.13169982910154,60.00714399719238,856.6124999999997
7,8,5,2018,22.0,43.56666666666667,73.0,95.0,0.6,69.0,7.0,2.0,50.0,771.5625,0.0250000047239996,265804.0,276.13169982910154,60.00714399719238,856.6124999999997
8,8,5,2018,31.0,43.03333333333333,74.0,97.0,0.6,65.0,22.0,3.0,50.0,771.5625,0.0250000047239996,265804.0,276.13169982910154,60.00714399719238,856.6124999999997
9,8,5,2018,40.0,43.03333333333333,56.0,49.0,0.4,47.0,83.0,4.0,50.0,768.9375,0.0250000049559995,265652.0,276.13209991455074,60.00631999206543,771.4375
10,8,5,2018,30.0,42.73333333333333,59.0,68.0,0.3,24.0,114.0,3.0,50.0,768.9375,0.0250000049559995,265652.0,276.13209991455074,60.00631999206543,771.4375
11,8,5,2018,34.0,42.43333333333333,62.0,73.0,0.3,15.0,135.0,3.0,50.0,768.9375,0.0250000049559995,265652.0,276.13209991455074,60.00631999206543,771.4375
12,8,5,2018,36.0,42.1,80.0,110.0,0.3,16.0,146.0,3.0,50.0,766.125,0.0250000046340003,266064.0,276.0966998291016,60.00365199279785,685.125
13,8,5,2018,23.5,41.48333333333333,58.0,65.0,0.3,13.0,157.0,2.0,50.0,766.125,0.0250000046340003,266064.0,276.0966998291016,60.00365199279785,685.125
14,8,5,2018,11.0,40.28333333333333,59.0,74.33333333333333,0.3,13.0,167.0,2.0,50.0,766.125,0.0250000046340003,266064.0,276.0966998291016,60.00365199279785,685.125
15,8,5,2018,21.0,39.18333333333333,64.0,83.66666666666667,0.3,13.0,171.0,2.0,50.0,762.875,0.0250000046980008,266292.0,276.0644998168945,60.00293599700928,685.0
16,8,5,2018,33.0,38.55,74.0,93.0,0.3,13.0,179.0,2.0,50.0,762.875,0.0250000046980008,266292.0,276.0644998168945,60.00293599700928,685.0
17,8,5,2018,30.0,37.48333333333333,79.0,94.0,0.3,14.0,181.0,3.0,50.0,762.875,0.0250000046980008,266292.0,276.0644998168945,60.00293599700928,685.0
18,8,5,2018,21.0,35.61666666666667,88.0,110.0,0.4,17.0,181.0,4.0,50.0,759.875,0.0250000053170006,266248.0,276.02369995117186,60.00136799621582,685.0
19,8,5,2018,28.0,33.81666666666667,85.0,120.0,0.5,22.0,181.0,4.0,50.0,759.875,0.0250000053170006,266248.0,276.02369995117186,60.00136799621582,685.0
20,8,5,2018,31.0,32.15,93.0,135.0,0.6,52.0,144.0,4.0,50.0,759.875,0.0250000053170006,266248.0,276.02369995117186,60.00136799621582,685.0
21,8,5,2018,34.0,30.383333333333333,108.0,166.0,0.5,36.0,125.0,4.0,50.0,758.6875,0.0250000054059997,266356.0,276.0101998901367,60.002187995910646,685.4375
22,8,5,2018,27.0,29.116666666666667,96.0,142.0,0.4,33.0,112.0,5.0,50.0,758.6875,0.0250000054059997,266356.0,276.0101998901367,60.002187995910646,685.4375
23,8,5,2018,25.0,27.916666666666668,86.0,121.0,0.5,39.0,93.0,4.0,50.0,758.6875,0.0250000054059997,266356.0,276.0101998901367,60.002187995910646,685.4375
0,9,5,2018,24.0,27.08333333333333,80.0,110.0,0.5,42.0,78.0,4.0,50.0,761.6875,0.0250000051840003,266356.0,276.0666000366211,60.0024279937744,801.3125
1,9,5,2018,26.0,26.75,82.0,114.0,0.5,56.0,54.0,4.0,50.0,761.6875,0.0250000051840003,266356.0,276.0666000366211,60.0024279937744,801.3125
2,9,5,2018,28.0,26.616666666666667,82.0,114.0,0.5,51.0,57.0,4.0,50.0,761.6875,0.0250000051840003,266356.0,276.0666000366211,60.0024279937744,801.3125
3,9,5,2018,30.0,26.616666666666667,90.0,130.0,0.5,52.0,40.5,5.0,50.0,768.125,0.0250000060559995,266356.0,276.11119995117184,60.00710799407959,856.6124999999997
4,9,5,2018,31.0,26.75,84.0,117.0,0.5,71.5,24.0,4.0,50.0,768.125,0.0250000060559995,266356.0,276.11119995117184,60.00710799407959,856.6124999999997
6,9,5,2018,38.0,27.15,96.0,141.0,0.6,91.0,2.0,2.0,50.0,771.1875,0.0250000054260008,266140.0,276.1460998535156,60.00911199188232,856.6124999999997
7,9,5,2018,40.0,27.65,100.0,150.0,0.6,87.0,8.0,4.0,50.0,771.1875,0.0250000054260008,266140.0,276.1460998535156,60.00911199188232,856.6124999999997
8,9,5,2018,43.0,28.45,111.0,172.0,0.7,88.0,16.0,7.0,50.0,771.1875,0.0250000054260008,266140.0,276.1460998535156,60.00911199188232,856.6124999999997
9,9,5,2018,42.0,29.15,106.0,161.0,0.6,66.0,50.0,10.0,50.0,782.0625,0.025000006155001,265840.0,276.1430999755859,60.00715599822998,740.1875
10,9,5,2018,45.0,29.85,93.0,135.0,0.6,46.0,89.0,17.0,50.0,782.0625,0.025000006155001,265840.0,276.1430999755859,60.00715599822998,740.1875
11,9,5,2018,46.0,30.516666666666666,95.0,140.0,0.5,37.0,118.0,16.0,50.0,782.0625,0.025000006155001,265840.0,276.1430999755859,60.00715599822998,740.1875
12,9,5,2018,84.0,32.483333333333334,111.0,149.0,0.5,33.0,150.0,15.0,50.0,770.625,0.0250000068520009,265872.0,276.10449981689453,60.001655990600575,685.125
13,9,5,2018,50.0,33.483333333333334,96.0,142.0,0.5,27.0,172.0,13.0,50.0,770.625,0.0250000068520009,265872.0,276.10449981689453,60.001655990600575,685.125
14,9,5,2018,44.0,34.21666666666667,101.0,151.0,0.4,18.0,181.0,11.0,50.0,770.625,0.0250000068520009,265872.0,276.10449981689453,60.001655990600575,685.125
15,9,5,2018,38.0,34.45,105.0,148.0,0.4,15.0,181.0,15.0,50.0,767.6875,0.025000006922001,265956.0,276.07669982910147,60.00186799621582,685.0
16,9,5,2018,36.0,34.31666666666667,108.0,160.0,0.4,15.0,181.0,13.0,50.0,767.6875,0.025000006922001,265956.0,276.07669982910147,60.00186799621582,685.0
17,9,5,2018,39.0,34.61666666666667,109.0,140.0,0.4,15.0,181.0,17.0,50.0,767.6875,0.025000006922001,265956.0,276.07669982910147,60.00186799621582,685.0
18,9,5,2018,39.0,34.78333333333333,109.0,139.0,0.5,18.0,181.0,13.0,50.0,766.875,0.0250000074620004,265756.0,276.0619000244141,60.00316399383545,685.0
19,9,5,2018,38.0,34.85,103.0,132.0,0.5,23.0,181.0,9.0,50.0,766.875,0.0250000074620004,265756.0,276.0619000244141,60.00316399383545,685.0
20,9,5,2018,44.0,35.53333333333333,102.0,153.0,0.6,37.0,181.0,9.0,50.0,766.875,0.0250000074620004,265756.0,276.0619000244141,60.00316399383545,685.0
21,9,5,2018,48.0,36.766666666666666,107.0,163.0,0.7,51.0,147.0,10.0,50.0,765.625,0.0250000077250003,265792.0,276.04699981689447,60.00117999267578,685.4375
22,9,5,2018,52.0,37.8,121.0,191.0,0.7,74.0,105.0,10.0,50.0,765.625,0.0250000077250003,265792.0,276.04699981689447,60.00117999267578,685.4375
23,9,5,2018,56.0,38.56666666666667,109.0,167.0,0.7,55.0,118.0,15.0,50.0,765.625,0.0250000077250003,265792.0,276.04699981689447,60.00117999267578,685.4375
0,10,5,2018,64.0,39.7,112.0,174.0,0.7,69.0,88.0,17.0,50.0,774.625,0.0250000080290008,265856.0,276.0838000488281,60.00112399291992,766.3125
1,10,5,2018,64.0,41.13333333333333,121.0,191.0,0.7,81.0,69.0,14.0,50.0,774.625,0.0250000080290008,265856.0,276.0838000488281,60.00112399291992,766.3125
2,10,5,2018,70.0,42.53333333333333,115.0,180.0,0.8,66.0,73.0,16.0,50.0,774.625,0.0250000080290008,265856.0,276.0838000488281,60.00112399291992,766.3125
3,10,5,2018,74.0,43.96666666666667,117.0,184.0,0.9,61.0,70.0,17.0,50.0,783.5,0.0250000084530003,265596.0,276.11289978027344,60.00259999084473,789.375
4,10,5,2018,75.0,45.333333333333336,116.0,181.0,0.8,59.0,51.0,14.0,50.0,783.5,0.0250000084530003,265596.0,276.11289978027344,60.00259999084473,789.375
5,10,5,2018,78.0,47.03333333333333,108.0,166.0,0.9,98.0,32.0,8.0,50.0,783.5,0.0250000084530003,265596.0,276.11289978027344,60.00259999084473,789.375
6,10,5,2018,70.0,48.53333333333333,121.0,192.0,0.9,103.0,3.0,8.0,50.0,783.9375,0.0250000093419998,265268.0,276.13399993896485,60.003591995239255,810.9375
7,10,5,2018,64.0,49.86666666666667,116.0,182.0,0.9,103.0,18.0,9.0,50.0,783.9375,0.0250000093419998,265268.0,276.13399993896485,60.003591995239255,810.9375
8,10,5,2018,69.0,51.3,124.0,198.0,1.0,103.0,31.0,10.0,50.0,783.9375,0.0250000093419998,265268.0,276.13399993896485,60.003591995239255,810.9375
9,10,5,2018,81.0,53.06666666666667,130.0,210.0,1.2,94.0,61.0,16.0,50.0,784.0,0.0250000090229995,264940.0,276.13369995117193,60.004243995666506,738.25
10,10,5,2018,82.0,54.8,124.0,198.0,1.1,88.0,84.0,15.0,50.0,784.0,0.0250000090229995,264940.0,276.13369995117193,60.004243995666506,738.25
11,10,5,2018,91.0,56.8,125.0,199.0,1.1,100.0,92.0,15.0,50.0,784.0,0.0250000090229995,264940.0,276.13369995117193,60.004243995666506,738.25
12,10,5,2018,103.0,58.96666666666667,136.0,221.0,1.0,76.0,144.0,16.0,50.0,782.5,0.0250000091440007,265060.0,276.11679992675784,60.00132799530029,685.125
13,10,5,2018,110.0,61.3,144.0,213.0,0.9,43.0,181.0,15.0,50.0,782.5,0.0250000091440007,265060.0,276.11679992675784,60.00132799530029,685.125
14,10,5,2018,105.0,63.36666666666667,138.0,194.0,0.9,27.0,181.0,15.0,50.0,782.5,0.0250000091440007,265060.0,276.11679992675784,60.00132799530029,685.125
15,10,5,2018,111.0,65.66666666666667,145.0,192.0,0.9,23.0,181.0,15.0,50.00004375457764,780.3125,0.0250000091939996,265244.0,276.0992999267578,60.00371199798584,685.0
16,10,5,2018,105.0,67.66666666666667,138.0,183.0,0.9,23.0,181.0,15.0,50.00004375457764,780.3125,0.0250000091939996,265244.0,276.0992999267578,60.00371199798584,685.0
17,10,5,2018,109.0,69.76666666666667,143.0,200.0,1.0,24.0,181.0,16.0,50.00004375457764,780.3125,0.0250000091939996,265244.0,276.0992999267578,60.00371199798584,685.0
18,10,5,2018,105.0,70.46666666666667,138.0,205.0,1.2,28.0,181.0,17.0,50.00041218996048,777.125,0.0250000079330001,264912.0,276.0823999023437,60.0038039932251,685.0
19,10,5,2018,99.0,72.1,130.0,194.0,1.4,36.0,181.0,17.0,50.00041218996048,777.125,0.0250000079330001,264912.0,276.0823999023437,60.0038039932251,685.0
20,10,5,2018,96.0,73.83333333333333,126.0,192.0,1.4,42.0,181.0,17.0,50.00041218996048,777.125,0.0250000079330001,264912.0,276.0823999023437,60.0038039932251,685.0
21,10,5,2018,100.0,75.9,131.0,206.0,1.5,48.0,177.0,17.0,50.0,776.625,0.0250000079619996,264748.0,276.07829986572256,60.00269999694825,685.4375
22,10,5,2018,112.0,78.43333333333334,146.0,234.9499999999989,1.5,53.0,147.0,15.0,50.0,776.625,0.0250000079619996,264748.0,276.07829986572256,60.00269999694825,685.4375
23,10,5,2018,116.0,81.0,163.0,234.9499999999989,1.4,81.0,87.0,11.0,50.0,776.625,0.0250000079619996,264748.0,276.07829986572256,60.00269999694825,685.4375
0,11,5,2018,101.0,83.06666666666666,146.0,234.9499999999989,1.2,90.0,75.0,11.0,50.0,783.4375,0.0250000085420012,264864.0,276.0754998779296,60.004443992614746,714.875
1,11,5,2018,84.0,84.6,126.0,201.0,1.0,76.0,74.0,12.5,50.0,783.4375,0.0250000085420012,264864.0,276.0754998779296,60.004443992614746,714.875
2,11,5,2018,76.0,85.66666666666667,110.0,169.0,0.9,63.0,76.0,14.0,50.0,783.4375,0.0250000085420012,264864.0,276.0754998779296,60.004443992614746,714.875
3,11,5,2018,70.0,86.4,98.0,145.0,0.8,61.0,64.5,6.0,50.0,784.8125,0.0250000097040003,264696.0,276.07639984130856,60.00265999603271,730.8125
4,11,5,2018,64.0,86.8,94.0,138.0,0.7,62.0,53.0,7.0,50.0,784.8125,0.0250000097040003,264696.0,276.07639984130856,60.00265999603271,730.8125
5,11,5,2018,63.0,87.03333333333333,89.0,127.0,0.7,63.0,73.0,10.0,50.0,784.8125,0.0250000097040003,264696.0,276.07639984130856,60.00265999603271,730.8125
6,11,5,2018,55.0,86.73333333333333,117.0,183.0,0.7,40.0,109.0,11.0,50.0,786.125,0.0250000095150005,264588.0,276.0923999023437,60.00097599792481,736.8125
7,11,5,2018,49.0,86.23333333333333,83.0,116.0,0.6,37.0,108.0,9.0,50.0,786.125,0.0250000095150005,264588.0,276.0923999023437,60.00097599792481,736.8125
8,11,5,2018,50.0,85.56666666666666,90.0,129.0,0.6,42.0,100.0,8.0,50.0,786.125,0.0250000095150005,264588.0,276.0923999023437,60.00097599792481,736.8125
9,11,5,2018,52.0,84.83333333333333,87.0,123.0,0.6,33.0,114.0,6.0,50.0,787.0625,0.0250000096830008,264276.0,276.1016998291016,60.00313999176026,709.125
10,11,5,2018,58.0,84.26666666666667,88.0,125.0,0.6,46.0,102.0,7.0,50.0,787.0625,0.0250000096830008,264276.0,276.1016998291016,60.00313999176026,709.125
11,11,5,2018,60.0,83.66666666666667,91.0,132.0,0.7,51.0,100.0,7.0,50.0,787.0625,0.0250000096830008,264276.0,276.1016998291016,60.00313999176026,709.125
12,11,5,2018,67.0,83.56666666666666,90.0,129.0,0.7,47.0,112.0,7.0,50.0,785.25,0.0250000092190001,264280.0,276.0847998046874,60.00194799804687,685.125
13,11,5,2018,72.0,83.83333333333333,96.0,138.0,0.7,41.0,118.0,6.0,50.0,785.25,0.0250000092190001,264280.0,276.0847998046874,60.00194799804687,685.125
14,11,5,2018,79.0,84.16666666666667,105.0,128.0,0.7,38.0,132.0,7.0,50.0,785.25,0.0250000092190001,264280.0,276.0847998046874,60.00194799804687,685.125
15,11,5,2018,73.0,83.9,98.0,122.0,0.6,39.0,143.0,9.0,50.0,783.9375,0.0250000099540008,264388.0,276.07329986572256,60.00318399810791,685.0
16,11,5,2018,62.0,83.23333333333333,84.0,110.0,0.6,23.0,181.0,9.0,50.0,783.9375,0.0250000099540008,264388.0,276.07329986572256,60.00318399810791,685.0
17,11,5,2018,71.0,82.56666666666666,95.0,107.0,0.7,18.0,181.0,5.0,50.0,783.9375,0.0250000099540008,264388.0,276.07329986572256,60.00318399810791,685.0
18,11,5,2018,77.0,81.7,103.0,112.0,0.8,22.0,181.0,4.0,50.0,781.125,0.0250000098780002,264268.0,276.05239990234367,60.00516799163818,685.0
19,11,5,2018,84.0,80.83333333333333,111.0,122.0,0.8,27.0,181.0,4.0,50.0,781.125,0.0250000098780002,264268.0,276.05239990234367,60.00516799163818,685.0
20,11,5,2018,90.0,80.33333333333333,119.0,144.0,0.9,34.0,159.0,3.0,50.0,781.125,0.0250000098780002,264268.0,276.05239990234367,60.00516799163818,685.0
21,11,5,2018,98.0,79.9,129.0,149.0,0.9,38.0,132.0,2.0,50.0,778.625,0.0250000096940007,264176.0,276.03369995117185,60.002415992736815,685.4375
22,11,5,2018,96.0,79.6,126.0,151.0,0.9,54.0,101.0,3.0,50.0,778.625,0.0250000096940007,264176.0,276.03369995117185,60.002415992736815,685.4375
23,11,5,2018,97.0,79.2,128.0,144.0,0.9,53.0,90.0,2.0,50.0,778.625,0.0250000096940007,264176.0,276.03369995117185,60.002415992736815,685.4375
0,12,5,2018,100.0,79.03333333333333,131.0,150.0,0.9,64.0,69.0,2.0,50.0,779.625,0.0250000101570002,264124.0,276.05339996337887,60.00394399261474,722.5625
1,12,5,2018,105.0,79.23333333333333,138.0,155.0,1.0,82.0,41.0,2.0,50.0,779.625,0.0250000101570002,264124.0,276.05339996337887,60.00394399261474,722.5625
2,12,5,2018,119.0,80.0,156.0,165.0,1.0,89.0,24.0,3.0,50.0,779.625,0.0250000101570002,264124.0,276.05339996337887,60.00394399261474,722.5625
3,12,5,2018,115.0,80.5,150.0,152.0,0.9,103.0,3.0,2.0,50.0,786.0,0.0250000105620008,263768.0,276.1042999267578,60.00168399810791,762.5
4,12,5,2018,120.0,80.76666666666667,157.0,161.0,0.9,95.0,2.5,2.0,50.0,786.0,0.0250000105620008,263768.0,276.1042999267578,60.00168399810791,762.5
5,12,5,2018,126.0,81.1,166.0,160.0,1.0,88.0,2.0,2.0,50.0,786.0,0.0250000105620008,263768.0,276.1042999267578,60.00168399810791,762.5
6,12,5,2018,124.0,81.86666666666666,163.0,179.0,1.3,93.0,2.0,2.0,50.00018125534058,789.75,0.0250000106800003,263216.0,276.1378997802734,60.00479599761963,768.0
7,12,5,2018,138.0,83.66666666666667,183.0,190.0,1.8,81.0,8.0,2.0,50.00018125534058,789.75,0.0250000106800003,263216.0,276.1378997802734,60.00479599761963,768.0
8,12,5,2018,150.0,86.13333333333334,200.0,186.0,1.8,76.0,21.0,4.0,50.00018125534058,789.75,0.0250000106800003,263216.0,276.1378997802734,60.00479599761963,768.0
9,12,5,2018,165.0,89.43333333333334,219.0,198.0,1.8,76.0,36.0,6.0,50.00026875495911,790.375,0.0250000110560003,263096.0,276.11029998779287,60.00898799133301,701.375
10,12,5,2018,165.0,93.26666666666668,224.0,208.0,1.8,72.0,57.0,9.0,50.00026875495911,790.375,0.0250000110560003,263096.0,276.11029998779287,60.00898799133301,701.375
11,12,5,2018,165.0,97.4,224.0,218.0,1.8,66.0,95.0,11.0,50.00026875495911,790.375,0.0250000110560003,263096.0,276.11029998779287,60.00898799133301,701.375
12,12,5,2018,165.0,101.56666666666666,224.0,193.0,1.8,48.0,148.0,11.0,50.0,780.5625,0.0250000079120006,263532.0,276.06940002441405,60.00529999542236,685.125
13,12,5,2018,163.0,105.36666666666666,213.0,171.0,1.4,34.0,181.0,9.0,50.0,780.5625,0.0250000079120006,263532.0,276.06940002441405,60.00529999542236,685.125
14,12,5,2018,149.0,108.66666666666669,199.0,161.0,1.1,22.0,181.0,8.0,50.0,780.5625,0.0250000079120006,263532.0,276.06940002441405,60.00529999542236,685.125
15,12,5,2018,144.0,111.73333333333332,191.0,159.0,1.0,19.0,181.0,6.0,50.00022500038147,779.4375,0.0250000086139999,263472.0,276.0582000732422,60.00309999084472,685.0
16,12,5,2018,145.0,114.63333333333334,193.0,175.0,1.0,22.0,181.0,7.0,50.00022500038147,779.4375,0.0250000086139999,263472.0,276.0582000732422,60.00309999084472,685.0
17,12,5,2018,153.0,117.73333333333332,203.0,187.0,1.0,25.0,181.0,7.0,50.00022500038147,779.4375,0.0250000086139999,263472.0,276.0582000732422,60.00309999084472,685.0
18,12,5,2018,152.0,120.56666666666666,202.0,200.0,1.1,32.0,180.0,6.0,50.00006875038147,776.8125,0.0250000087360013,263492.0,276.03729980468745,60.00259199523926,685.0
19,12,5,2018,139.0,122.8,184.0,180.0,1.1,41.0,151.0,5.0,50.00006875038147,776.8125,0.0250000087360013,263492.0,276.03729980468745,60.00259199523926,685.0
20,12,5,2018,52.0,121.9,71.0,62.0,0.5,28.0,127.0,4.0,50.00006875038147,776.8125,0.0250000087360013,263492.0,276.03729980468745,60.00259199523926,685.0
21,12,5,2018,36.0,120.66666666666669,96.0,142.0,0.5,33.0,110.0,2.0,50.0,774.8125,0.0250000092140007,263600.0,276.0192999267578,60.00416799163818,685.4375
22,12,5,2018,31.0,119.63333333333334,65.0,79.0,0.5,51.0,79.0,2.0,50.0,774.8125,0.0250000092140007,263600.0,276.0192999267578,60.00416799163818,685.4375
23,12,5,2018,34.0,118.4,88.0,126.0,0.6,61.0,61.0,2.0,50.0,774.8125,0.0250000092140007,263600.0,276.0192999267578,60.00416799163818,685.4375
0,13,5,2018,39.0,117.13333333333334,96.0,142.0,0.6,44.0,72.0,2.0,50.0,767.4375,0.025000008580001,263596.0,276.06850006103514,60.00264399719238,799.625
1,13,5,2018,41.0,115.7,81.0,111.0,0.6,45.0,68.0,2.0,50.0,767.4375,0.025000008580001,263596.0,276.06850006103514,60.00264399719238,799.625
2,13,5,2018,42.0,114.1,81.0,112.0,0.6,75.0,29.0,2.0,50.0,767.4375,0.025000008580001,263596.0,276.06850006103514,60.00264399719238,799.625
4,13,5,2018,40.0,112.16666666666669,93.0,135.0,0.6,94.0,2.0,2.0,50.0,767.4375,0.025000008580001,263596.0,276.06850006103514,60.00264399719238,799.625
5,13,5,2018,46.0,110.5,91.0,131.0,0.6,88.0,2.0,2.0,50.0,767.4375,0.025000008580001,263596.0,276.06850006103514,60.00264399719238,799.625
6,13,5,2018,33.0,108.36666666666666,71.0,91.0,0.5,79.0,7.0,2.0,50.0,779.8125,0.0250000092600006,263060.0,276.1510998535156,60.00528799438477,856.6124999999997
7,13,5,2018,31.0,106.06666666666666,72.0,93.0,0.5,74.0,14.0,2.0,50.0,779.8125,0.0250000092600006,263060.0,276.1510998535156,60.00528799438477,856.6124999999997
9,13,5,2018,34.0,103.7,70.0,89.0,0.5,61.0,47.0,3.0,50.0,791.9375,0.0250000112090008,262672.0,276.1563000488281,60.005611991882326,724.25
10,13,5,2018,43.0,101.16666666666669,80.0,109.0,0.6,76.0,54.0,3.0,50.0,791.9375,0.0250000112090008,262672.0,276.1563000488281,60.005611991882326,724.25
11,13,5,2018,42.0,98.73333333333332,77.0,104.0,0.5,57.0,87.0,3.0,50.0,791.9375,0.0250000112090008,262672.0,276.1563000488281,60.005611991882326,724.25
12,13,5,2018,40.0,96.06666666666666,76.0,101.0,0.5,38.0,125.0,3.0,50.0,781.125,0.0250000116670001,262828.0,276.13489990234365,60.00067599487305,685.125
13,13,5,2018,38.0,93.13333333333334,65.0,80.0,0.4,17.0,168.0,3.0,50.0,781.125,0.0250000116670001,262828.0,276.13489990234365,60.00067599487305,685.125
14,13,5,2018,30.0,90.0,76.0,89.0,0.4,13.0,181.0,3.0,50.0,781.125,0.0250000116670001,262828.0,276.13489990234365,60.00067599487305,685.125
15,13,5,2018,34.0,86.53333333333333,95.0,105.0,0.5,13.0,181.0,5.0,50.0,779.0625,0.0250000125780003,262860.0,276.1110000610352,60.00069999694824,685.0
16,13,5,2018,44.0,83.0,106.0,121.0,0.6,14.0,181.0,7.0,50.0,779.0625,0.0250000125780003,262860.0,276.1110000610352,60.00069999694824,685.0
17,13,5,2018,45.0,78.86666666666666,110.0,132.0,0.6,15.0,181.0,5.0,50.0,779.0625,0.0250000125780003,262860.0,276.1110000610352,60.00069999694824,685.0
18,13,5,2018,49.0,74.53333333333333,108.0,134.0,0.6,18.0,181.0,4.0,50.0,776.4375,0.0250000120140006,262540.0,276.0938000488281,60.00333599090576,685.0
19,13,5,2018,52.0,70.03333333333333,103.0,156.0,0.7,29.0,181.0,4.0,50.0,776.4375,0.0250000120140006,262540.0,276.0938000488281,60.00333599090576,685.0
20,13,5,2018,59.0,66.0,105.0,160.0,0.7,43.0,169.0,4.0,50.0,776.4375,0.0250000120140006,262540.0,276.0938000488281,60.00333599090576,685.0
21,13,5,2018,62.0,62.63333333333333,105.0,160.0,0.8,40.0,159.0,4.0,50.0,773.9375,0.025000012391,262632.0,276.07009979248045,60.00341199493408,685.4375
22,13,5,2018,68.0,59.93333333333333,104.0,158.0,0.8,54.0,127.0,3.0,50.0,773.9375,0.025000012391,262632.0,276.07009979248045,60.00341199493408,685.4375
23,13,5,2018,74.0,57.6,112.0,174.0,0.8,53.0,120.0,4.0,50.0,773.9375,0.025000012391,262632.0,276.07009979248045,60.00341199493408,685.4375
0,14,5,2018,90.0,55.766666666666666,125.0,199.0,0.9,69.0,91.0,4.0,50.0,777.3125,0.025000012112,262752.0,276.10199981689453,60.00379599761962,785.0625
1,14,5,2018,102.0,54.06666666666667,134.0,199.0,0.9,62.0,93.0,6.0,50.0,777.3125,0.025000012112,262752.0,276.10199981689453,60.00379599761962,785.0625
2,14,5,2018,109.0,52.63333333333333,143.0,203.0,0.9,59.0,71.0,4.0,50.0,777.3125,0.025000012112,262752.0,276.10199981689453,60.00379599761962,785.0625
3,14,5,2018,112.0,51.73333333333333,146.0,193.0,0.9,74.0,54.0,2.0,50.0,783.125,0.0250000130990007,262456.0,276.1478997802734,60.00177199554443,856.6124999999997
4,14,5,2018,104.0,53.46666666666667,136.0,187.0,1.1,102.0,31.0,2.0,50.0,783.125,0.0250000130990007,262456.0,276.1478997802734,60.00177199554443,856.6124999999997
6,14,5,2018,112.0,56.0,146.0,183.0,1.2,94.0,8.0,2.0,50.0,790.375,0.0250000143039999,262192.0,276.18739990234366,60.00399199676514,856.6124999999997
7,14,5,2018,116.0,58.833333333333336,151.0,174.0,1.2,80.0,17.0,2.0,50.0,790.375,0.0250000143039999,262192.0,276.18739990234366,60.00399199676514,856.6124999999997
8,14,5,2018,104.0,61.16666666666666,136.0,153.0,1.2,67.0,37.0,3.0,50.0,790.375,0.0250000143039999,262192.0,276.18739990234366,60.00399199676514,856.6124999999997
9,14,5,2018,109.0,63.5,143.0,170.0,1.2,53.0,71.0,7.0,50.0,795.7468749999999,0.0250000134930005,261868.0,276.1931750640869,60.00683999633789,734.125
10,14,5,2018,122.0,66.2,160.0,182.0,1.3,49.0,106.0,11.0,50.0,795.7468749999999,0.0250000134930005,261868.0,276.1931750640869,60.00683999633789,734.125
11,14,5,2018,128.0,69.06666666666666,169.0,192.0,1.2,45.0,149.0,9.0,50.0,795.7468749999999,0.0250000134930005,261868.0,276.1931750640869,60.00683999633789,734.125
12,14,5,2018,132.0,72.13333333333334,174.0,208.0,1.2,33.0,181.0,6.0,50.0,787.25,0.0250000129830008,262032.0,276.1678997802734,60.00273999786377,685.125
13,14,5,2018,137.0,75.16666666666667,181.0,200.0,1.3,20.0,181.0,6.0,50.0,787.25,0.0250000129830008,262032.0,276.1678997802734,60.00273999786377,685.125
14,14,5,2018,138.0,78.66666666666667,183.0,220.0,1.3,19.0,181.0,6.0,50.0,787.25,0.0250000129830008,262032.0,276.1678997802734,60.00273999786377,685.125
15,14,5,2018,134.0,82.1,177.0,225.0,1.3,19.0,181.0,6.0,50.0,781.75,0.0250000114940004,262260.0,276.1358999633789,60.0023039932251,685.0
16,14,5,2018,133.0,85.4,176.0,220.0,1.3,18.0,181.0,7.0,50.0,781.75,0.0250000114940004,262260.0,276.1358999633789,60.0023039932251,685.0
17,14,5,2018,129.0,88.26666666666667,170.0,214.0,1.2,17.0,181.0,10.0,50.0,781.75,0.0250000114940004,262260.0,276.1358999633789,60.0023039932251,685.0
18,14,5,2018,121.0,90.9,159.0,228.0,1.2,18.0,181.0,7.0,50.0,779.0,0.0250000112980008,262188.0,276.11489990234367,60.00259999084473,685.0
19,14,5,2018,106.0,93.1,139.0,201.0,1.2,26.0,181.0,5.0,50.0,779.0,0.0250000112980008,262188.0,276.11489990234367,60.00259999084473,685.0
20,14,5,2018,102.0,95.23333333333332,134.0,198.0,1.3,40.0,181.0,5.0,50.0,779.0,0.0250000112980008,262188.0,276.11489990234367,60.00259999084473,685.0
21,14,5,2018,73.0,96.66666666666669,107.0,164.0,1.1,42.0,159.0,5.0,50.0,775.5625,0.0250000117550008,262344.0,276.0832000732421,60.00096799468994,685.5
22,14,5,2018,40.0,96.86666666666666,82.0,113.0,0.7,29.0,140.0,4.0,50.0,775.5625,0.0250000117550008,262344.0,276.0832000732421,60.00096799468994,685.5
23,14,5,2018,34.0,96.53333333333332,86.0,121.0,0.7,27.0,131.0,2.0,50.0,775.5625,0.0250000117550008,262344.0,276.0832000732421,60.00096799468994,685.5
0,15,5,2018,33.0,96.13333333333334,82.0,114.0,0.7,31.0,118.0,2.0,50.0,790.625,0.0250000130970003,262492.0,276.13209991455074,60.00111599731445,728.25
1,15,5,2018,39.0,95.8,84.0,117.0,0.7,47.0,86.0,2.0,50.0,790.625,0.0250000130970003,262492.0,276.13209991455074,60.00111599731445,728.25
2,15,5,2018,40.0,95.4,89.0,128.0,0.7,47.0,78.0,2.0,50.0,790.625,0.0250000130970003,262492.0,276.13209991455074,60.00111599731445,728.25
3,15,5,2018,41.0,94.8,85.0,119.0,0.7,43.0,78.0,2.0,50.0,792.1875,0.0250000138150006,262336.0,276.139700012207,60.00386399078369,762.375
4,15,5,2018,43.0,94.16666666666669,83.0,116.0,0.7,51.0,65.0,2.0,50.0,792.1875,0.0250000138150006,262336.0,276.139700012207,60.00386399078369,762.375
5,15,5,2018,45.0,93.4,82.0,114.0,0.8,54.0,57.0,2.0,50.0,792.1875,0.0250000138150006,262336.0,276.139700012207,60.00386399078369,762.375
6,15,5,2018,51.0,92.63333333333334,86.0,121.0,0.8,62.0,44.0,2.0,50.0,795.7468749999999,0.0250000146910008,262156.0,276.165,60.00089199066162,754.375
7,15,5,2018,53.0,91.4,93.0,135.0,0.9,74.0,31.0,2.0,50.0,795.7468749999999,0.0250000146910008,262156.0,276.165,60.00089199066162,754.375
8,15,5,2018,59.0,89.96666666666667,98.0,146.0,1.0,60.0,55.0,4.0,50.0,795.7468749999999,0.0250000146910008,262156.0,276.165,60.00089199066162,754.375
9,15,5,2018,64.0,88.46666666666667,101.0,152.0,1.1,63.0,66.0,7.0,50.00041218996048,795.7468749999999,0.0250000149540007,262072.0,276.17289978027344,60.00354799652099,712.1875
10,15,5,2018,63.0,86.83333333333333,101.0,152.0,1.1,50.0,89.0,6.0,50.00041218996048,795.7468749999999,0.0250000149540007,262072.0,276.17289978027344,60.00354799652099,712.1875
11,15,5,2018,65.0,85.53333333333333,96.0,141.0,1.1,35.0,117.0,6.0,50.00041218996048,795.7468749999999,0.0250000149540007,262072.0,276.17289978027344,60.00354799652099,712.1875
12,15,5,2018,71.0,84.16666666666667,97.0,143.0,1.2,35.0,115.0,6.0,50.0,790.75,0.0250000150049999,262060.0,276.1247998046875,60.00659599304199,685.125
13,15,5,2018,74.0,82.76666666666667,99.0,136.0,1.2,27.0,145.0,8.0,50.0,790.75,0.0250000150049999,262060.0,276.1247998046875,60.00659599304199,685.125
14,15,5,2018,74.0,81.76666666666667,99.0,139.0,1.1,24.0,165.0,6.0,50.0,790.75,0.0250000150049999,262060.0,276.1247998046875,60.00659599304199,685.125
15,15,5,2018,78.0,80.73333333333333,104.0,110.0,1.0,25.0,170.0,4.0,50.00012499809265,789.1875,0.0250000159250013,262120.0,276.111900024414,60.00297599792482,685.0
16,15,5,2018,82.0,79.4,109.0,139.0,1.0,23.0,181.0,4.0,50.00012499809265,789.1875,0.0250000159250013,262120.0,276.111900024414,60.00297599792482,685.0
17,15,5,2018,78.0,77.73333333333333,104.0,133.0,1.0,21.0,175.0,2.0,50.00012499809265,789.1875,0.0250000159250013,262120.0,276.111900024414,60.00297599792482,685.0
18,15,5,2018,69.0,75.63333333333334,93.0,128.0,1.0,37.0,110.0,2.0,50.0,787.75,0.0250000160030014,262024.0,276.10119995117185,60.00495999145508,685.0
19,15,5,2018,27.0,71.96666666666667,39.0,91.0,0.8,33.0,83.0,2.0,50.0,787.75,0.0250000160030014,262024.0,276.10119995117185,60.00495999145508,685.0
20,15,5,2018,34.0,68.5,52.0,54.0,0.9,46.0,64.0,2.0,50.0,787.75,0.0250000160030014,262024.0,276.10119995117185,60.00495999145508,685.0
21,15,5,2018,46.0,65.56666666666666,64.0,47.0,0.9,47.0,63.0,2.0,50.00011875152588,785.125,0.0250000138910003,262112.0,276.086600036621,60.00368399810791,685.4375
22,15,5,2018,76.0,63.66666666666666,101.0,65.5,1.2,26.0,95.0,2.0,50.00011875152588,785.125,0.0250000138910003,262112.0,276.086600036621,60.00368399810791,685.4375
23,15,5,2018,77.0,61.93333333333333,103.0,84.0,1.2,41.0,61.0,2.0,50.00011875152588,785.125,0.0250000138910003,262112.0,276.086600036621,60.00368399810791,685.4375
0,16,5,2018,65.0,60.06666666666667,88.0,86.81818181818181,1.0,37.0,58.0,2.0,50.00011875152588,784.5625,0.025000013917,262288.0,276.099700012207,60.001815994262685,740.0625
1,16,5,2018,81.0,59.23333333333333,108.0,89.63636363636364,1.1,35.0,44.0,2.0,50.00011875152588,784.5625,0.025000013917,262288.0,276.099700012207,60.001815994262685,740.0625
2,16,5,2018,123.0,59.93333333333333,161.0,92.45454545454544,1.3,34.0,37.0,2.0,50.00011875152588,784.5625,0.025000013917,262288.0,276.099700012207,60.001815994262685,740.0625
3,16,5,2018,132.0,61.9,174.0,95.27272727272728,1.4,37.0,29.0,2.0,50.0,789.375,0.0250000148770008,262252.0,276.13070007324217,60.00445999145508,787.0625
4,16,5,2018,117.0,64.46666666666667,153.0,98.0909090909091,1.1,33.0,31.5,2.0,50.0,789.375,0.0250000148770008,262252.0,276.13070007324217,60.00445999145508,787.0625
5,16,5,2018,112.0,67.06666666666666,146.0,100.9090909090909,1.2,28.0,34.0,2.0,50.0,789.375,0.0250000148770008,262252.0,276.13070007324217,60.00445999145508,787.0625
6,16,5,2018,115.0,69.8,150.0,103.72727272727272,1.2,38.0,24.0,2.0,50.0,791.0,0.0250000149660008,262116.0,276.16100006103505,60.005063995361326,814.5625
7,16,5,2018,119.0,72.46666666666667,156.0,106.54545454545456,1.2,34.0,27.0,2.0,50.0,791.0,0.0250000149660008,262116.0,276.16100006103505,60.005063995361326,814.5625
8,16,5,2018,129.0,75.43333333333334,170.0,109.36363636363636,1.5,38.0,27.0,2.0,50.0,791.0,0.0250000149660008,262116.0,276.16100006103505,60.005063995361326,814.5625
9,16,5,2018,111.0,77.76666666666667,145.0,112.1818181818182,1.8,45.0,32.0,2.0,50.0,790.75,0.0250000144140003,262000.0,276.1697998046875,60.003751991271976,748.875
10,16,5,2018,113.0,80.1,148.0,115.0,1.8,52.0,34.0,2.0,50.0,790.75,0.0250000144140003,262000.0,276.1697998046875,60.003751991271976,748.875
11,16,5,2018,110.0,82.26666666666667,144.0,121.0,1.8,51.0,53.0,2.0,50.0,790.75,0.0250000144140003,262000.0,276.1697998046875,60.003751991271976,748.875
12,16,5,2018,107.0,84.13333333333334,140.0,118.0,1.8,45.0,95.0,4.0,50.0,789.875,0.0250000153940003,262324.0,276.1413000488281,60.00098399353029,685.125
13,16,5,2018,104.0,85.83333333333333,136.0,114.0,1.8,37.0,150.0,5.0,50.0,789.875,0.0250000153940003,262324.0,276.1413000488281,60.00098399353029,685.125
14,16,5,2018,102.0,87.26666666666667,134.0,104.0,1.8,33.0,181.0,3.0,50.0,789.875,0.0250000153940003,262324.0,276.1413000488281,60.00098399353029,685.125
15,16,5,2018,92.0,88.2,121.0,103.33333333333331,1.6,24.0,181.0,2.0,50.0,788.5625,0.0250000157099999,262360.0,276.13029998779297,60.00448799133301,685.0
16,16,5,2018,93.0,89.2,123.0,102.66666666666669,1.6,22.0,181.0,2.0,50.0,788.5625,0.0250000157099999,262360.0,276.13029998779297,60.00448799133301,685.0
17,16,5,2018,99.0,90.33333333333331,130.0,102.0,1.7,25.0,181.0,2.0,50.0,788.5625,0.0250000157099999,262360.0,276.13029998779297,60.00448799133301,685.0
18,16,5,2018,86.0,90.83333333333331,128.0,104.0,1.4,22.0,181.0,2.0,50.0,786.9375,0.0250000151260001,262956.0,276.12039978027343,60.00219199371338,685.0
19,16,5,2018,67.0,90.6,105.0,92.0,1.3,25.0,181.0,2.0,50.0,786.9375,0.0250000151260001,262956.0,276.12039978027343,60.00219199371338,685.0
20,16,5,2018,59.0,90.1,80.0,80.0,1.3,26.0,163.0,2.0,50.0,786.9375,0.0250000151260001,262956.0,276.12039978027343,60.00219199371338,685.0
21,16,5,2018,57.0,89.4,78.0,83.0,1.3,33.0,131.0,2.0,50.0,784.25,0.0250000135980006,263128.0,276.10619995117185,60.00581999206543,685.5
22,16,5,2018,63.0,88.76666666666667,85.0,96.0,1.4,58.0,84.0,2.0,50.0,784.25,0.0250000135980006,263128.0,276.10619995117185,60.00581999206543,685.5
23,16,5,2018,69.0,88.46666666666667,93.0,100.0,1.5,77.0,55.0,2.0,50.0,784.25,0.0250000135980006,263128.0,276.10619995117185,60.00581999206543,685.5
0,17,5,2018,77.0,88.73333333333333,103.0,133.0,1.6,102.0,14.0,2.0,50.0,788.0625,0.0250000117690004,263344.0,276.0989999389648,60.003643997192384,712.25
1,17,5,2018,82.0,90.56666666666666,109.0,131.0,1.4,67.0,43.0,2.0,50.0,788.0625,0.0250000117690004,263344.0,276.0989999389648,60.003643997192384,712.25
2,17,5,2018,88.0,92.36666666666666,116.0,115.0,1.3,62.0,38.0,2.0,50.0,788.0625,0.0250000117690004,263344.0,276.0989999389648,60.003643997192384,712.25
3,17,5,2018,83.0,93.6,110.0,101.0,1.4,74.0,22.0,2.0,50.00041218996048,787.3125,0.0250000121670002,263388.0,276.094100036621,60.00716799163818,736.5625
4,17,5,2018,72.0,93.46666666666668,96.0,90.5,1.4,41.0,46.0,2.0,50.00041218996048,787.3125,0.0250000121670002,263388.0,276.094100036621,60.00716799163818,736.5625
5,17,5,2018,59.0,92.86666666666666,80.0,80.0,1.5,22.0,73.0,2.0,50.00041218996048,787.3125,0.0250000121670002,263388.0,276.094100036621,60.00716799163818,736.5625
6,17,5,2018,53.0,92.46666666666668,73.0,69.5,1.4,21.0,69.0,2.0,50.00041218996048,787.3125,0.0250000109910005,263492.0,276.096600036621,60.00394799804688,735.0
7,17,5,2018,52.0,91.5,71.0,59.0,1.3,23.0,69.0,2.0,50.00041218996048,787.3125,0.0250000109910005,263492.0,276.096600036621,60.00394799804688,735.0
8,17,5,2018,46.0,88.93333333333334,64.0,67.0,1.1,22.0,76.0,2.0,50.00041218996048,787.3125,0.0250000109910005,263492.0,276.096600036621,60.00394799804688,735.0
9,17,5,2018,51.0,86.23333333333333,70.0,87.0,1.2,32.0,67.0,2.0,50.0,787.3125,0.0250000100370002,263368.0,276.11119995117184,60.00307999420166,715.25
10,17,5,2018,51.0,84.03333333333333,71.0,91.0,1.0,38.0,63.0,2.0,50.0,787.3125,0.0250000100370002,263368.0,276.11119995117184,60.00307999420166,715.25
11,17,5,2018,47.0,81.86666666666666,74.0,97.0,1.0,34.0,58.0,2.0,50.0,787.3125,0.0250000100370002,263368.0,276.11119995117184,60.00307999420166,715.25
12,17,5,2018,47.0,79.6,65.0,65.0,0.9,26.0,81.0,2.0,50.0,787.75,0.0250000095650004,263660.0,276.1035000610351,60.00146799468994,685.1875
13,17,5,2018,32.0,76.7,46.0,33.0,0.8,28.0,79.0,2.0,50.0,787.75,0.0250000095650004,263660.0,276.1035000610351,60.00146799468994,685.1875
14,17,5,2018,18.0,73.0,26.0,30.0,0.5,24.0,81.0,2.0,50.0,787.75,0.0250000095650004,263660.0,276.1035000610351,60.00146799468994,685.1875
15,17,5,2018,16.0,69.83333333333333,27.0,27.0,0.5,26.0,84.0,2.0,50.0,787.25,0.0250000105980001,263708.0,276.0975,60.00119199371338,685.0
16,17,5,2018,13.0,66.5,30.0,29.0,0.4,20.0,97.0,2.0,50.0,787.25,0.0250000105980001,263708.0,276.0975,60.00119199371338,685.0
17,17,5,2018,10.0,63.16666666666666,33.0,31.0,0.4,20.0,104.0,2.0,50.0,787.25,0.0250000105980001,263708.0,276.0975,60.00119199371338,685.0
18,17,5,2018,14.0,60.06666666666667,40.0,40.0,0.4,23.0,106.0,2.0,50.0,785.875,0.0250000105420006,263952.0,276.08769989013666,60.00122399139404,685.0
19,17,5,2018,15.0,57.1,47.0,47.0,0.5,26.0,103.0,2.0,50.0,785.875,0.0250000105420006,263952.0,276.08769989013666,60.00122399139404,685.0
20,17,5,2018,20.0,54.36666666666667,57.0,64.0,0.6,40.0,86.0,2.0,50.0,785.875,0.0250000105420006,263952.0,276.08769989013666,60.00122399139404,685.0
21,17,5,2018,18.0,51.9,62.0,74.0,0.6,58.0,59.0,2.0,50.0,785.625,0.0250000107000004,264304.0,276.0855999755859,60.003103996276856,685.5
22,17,5,2018,23.0,49.56666666666667,67.0,84.0,0.6,62.0,44.0,2.0,50.0,785.625,0.0250000107000004,264304.0,276.0855999755859,60.003103996276856,685.5
23,17,5,2018,27.0,47.16666666666666,71.0,92.0,0.7,53.0,42.0,2.0,50.0,785.625,0.0250000107000004,264304.0,276.0855999755859,60.003103996276856,685.5
0,18,5,2018,28.0,45.23333333333333,71.0,92.0,0.6,71.0,13.0,2.0,50.0,780.6875,0.0250000112070003,264632.0,276.0917999267578,60.00434799194336,752.6875
1,18,5,2018,27.0,43.9,69.0,87.0,0.6,64.0,12.0,2.0,50.0,780.6875,0.0250000112070003,264632.0,276.0917999267578,60.00434799194336,752.6875
2,18,5,2018,28.0,42.86666666666667,56.0,62.0,0.6,49.0,20.0,2.0,50.0,780.6875,0.0250000112070003,264632.0,276.0917999267578,60.00434799194336,752.6875
3,18,5,2018,28.0,41.9,54.0,58.0,0.6,48.0,18.0,2.0,50.0,779.4375,0.0250000090660005,264648.0,276.12829986572257,60.0027799911499,855.875
4,18,5,2018,29.0,40.766666666666666,57.0,63.0,0.7,51.0,10.0,2.0,50.0,779.4375,0.0250000090660005,264648.0,276.12829986572257,60.0027799911499,855.875
5,18,5,2018,32.0,39.53333333333333,62.0,73.0,0.7,61.0,2.0,2.0,50.0,779.4375,0.0250000090660005,264648.0,276.12829986572257,60.0027799911499,855.875
6,18,5,2018,31.0,38.0,57.0,63.0,0.7,55.0,7.0,2.0,50.0,780.0625,0.0250000088989995,264464.0,276.15259979248043,60.00712399291992,856.6124999999997
7,18,5,2018,27.0,36.16666666666666,58.0,66.0,0.6,58.0,7.0,2.0,50.0,780.0625,0.0250000088989995,264464.0,276.15259979248043,60.00712399291992,856.6124999999997
8,18,5,2018,18.0,33.833333333333336,44.0,44.0,0.5,49.0,28.0,2.0,50.0,780.0625,0.0250000088989995,264464.0,276.15259979248043,60.00712399291992,856.6124999999997
9,18,5,2018,16.0,31.6,52.0,53.0,0.5,43.0,36.0,3.0,50.0,781.375,0.0250000090079996,264344.0,276.16100006103505,60.00541199493408,766.25
10,18,5,2018,20.0,29.866666666666667,55.0,60.0,0.6,44.0,46.0,3.0,50.0,781.375,0.0250000090079996,264344.0,276.16100006103505,60.00541199493408,766.25
11,18,5,2018,24.0,28.7,56.0,62.0,0.5,41.0,73.0,5.0,50.0,781.375,0.0250000090079996,264344.0,276.16100006103505,60.00541199493408,766.25
12,18,5,2018,22.0,27.666666666666668,63.0,75.0,0.5,33.0,101.0,4.0,50.0,779.6875,0.0250000091089997,264692.0,276.1291000366211,60.003915992736815,685.1875
13,18,5,2018,26.0,26.8,71.0,91.0,0.5,30.0,124.0,4.0,50.0,779.6875,0.0250000091089997,264692.0,276.1291000366211,60.003915992736815,685.1875
14,18,5,2018,24.0,26.066666666666663,58.0,66.0,0.5,23.0,156.0,4.0,50.0,779.6875,0.0250000091089997,264692.0,276.1291000366211,60.003915992736815,685.1875
15,18,5,2018,23.0,25.133333333333333,74.0,61.0,0.5,18.0,179.0,4.0,50.0,775.5625,0.0250000084640011,264784.0,276.1005999755859,60.00393599700928,685.0
16,18,5,2018,19.0,24.066666666666663,81.0,51.0,0.5,14.0,181.0,4.0,50.0,775.5625,0.0250000084640011,264784.0,276.1005999755859,60.00393599700928,685.0
17,18,5,2018,19.0,23.133333333333333,64.0,47.0,0.5,14.0,171.0,3.0,50.0,775.5625,0.0250000084640011,264784.0,276.1005999755859,60.00393599700928,685.0
18,18,5,2018,17.0,22.133333333333333,63.0,51.0,0.6,16.0,170.0,3.0,50.0,773.3125,0.0250000083499997,265292.0,276.08259979248044,60.00175999450683,685.0
19,18,5,2018,20.0,21.73333333333333,70.0,78.0,0.7,22.0,176.0,3.0,50.0,773.3125,0.0250000083499997,265292.0,276.08259979248044,60.00175999450683,685.0
20,18,5,2018,27.0,22.03333333333333,80.0,109.0,1.0,37.0,164.0,5.0,50.0,773.3125,0.0250000083499997,265292.0,276.08259979248044,60.00175999450683,685.0
21,18,5,2018,35.0,22.666666666666668,91.0,131.0,1.1,46.0,132.0,4.0,50.0,770.8125,0.0250000089149996,265404.0,276.05600006103515,60.00071999359131,685.5
22,18,5,2018,52.0,23.966666666666665,101.0,151.0,1.2,43.0,124.0,4.0,50.0,770.8125,0.0250000089149996,265404.0,276.05600006103515,60.00071999359131,685.5
23,18,5,2018,40.0,24.966666666666665,80.0,109.0,1.0,41.0,107.0,4.0,50.0,770.8125,0.0250000089149996,265404.0,276.05600006103515,60.00071999359131,685.5
0,19,5,2018,36.0,25.7,76.0,102.0,0.9,43.0,92.0,4.0,50.0,773.9375,0.0250000088410005,265416.0,276.1054998779297,60.00236399078369,792.625
1,19,5,2018,43.0,26.633333333333333,82.0,114.0,0.9,42.0,88.0,4.0,50.0,773.9375,0.0250000088410005,265416.0,276.1054998779297,60.00236399078369,792.625
2,19,5,2018,43.0,27.4,79.0,107.0,0.9,62.0,56.0,3.0,50.0,773.9375,0.0250000088410005,265416.0,276.1054998779297,60.00236399078369,792.625
3,19,5,2018,41.0,28.166666666666668,82.0,114.0,0.9,69.0,34.0,2.0,50.00010624885559,785.9375,0.0250000069930013,265160.0,276.138099975586,60.00511599731446,790.0625
4,19,5,2018,45.0,28.9,84.0,118.0,0.8,64.0,40.0,3.0,50.00010624885559,785.9375,0.0250000069930013,265160.0,276.138099975586,60.00511599731446,790.0625
5,19,5,2018,42.0,29.4,72.0,94.0,0.8,51.0,49.0,3.0,50.00010624885559,785.9375,0.0250000069930013,265160.0,276.138099975586,60.00511599731446,790.0625
6,19,5,2018,44.0,29.933333333333334,72.0,93.0,0.9,60.0,35.0,4.0,50.00003125190735,788.0,0.0250000074870009,264908.0,276.1419998168945,60.00317199707031,774.75
7,19,5,2018,46.0,30.566666666666663,80.0,109.0,0.9,74.0,24.0,6.0,50.00003125190735,788.0,0.0250000074870009,264908.0,276.1419998168945,60.00317199707031,774.75
8,19,5,2018,45.0,31.133333333333333,87.0,124.0,0.8,72.0,39.0,9.0,50.00003125190735,788.0,0.0250000074870009,264908.0,276.1419998168945,60.00317199707031,774.75
9,19,5,2018,52.0,31.933333333333334,91.0,132.0,0.8,69.0,63.0,12.0,50.00041218996048,784.8125,0.0250000068980008,265296.0,276.1180999755859,60.00433199310303,723.875
10,19,5,2018,54.0,32.766666666666666,88.0,126.0,0.8,42.0,122.0,13.0,50.00041218996048,784.8125,0.0250000068980008,265296.0,276.1180999755859,60.00433199310303,723.875
11,19,5,2018,40.0,33.03333333333333,60.0,70.0,0.6,26.0,148.0,10.0,50.00041218996048,784.8125,0.0250000068980008,265296.0,276.1180999755859,60.00433199310303,723.875
12,19,5,2018,24.0,32.8,61.0,49.0,0.4,13.0,169.0,6.0,50.00041218996048,775.8125,0.0250000097950007,265496.0,276.0507000732422,60.00359999084473,685.1875
13,19,5,2018,26.0,32.766666666666666,69.0,32.0,0.4,14.0,175.0,4.0,50.00041218996048,775.8125,0.0250000097950007,265496.0,276.0507000732422,60.00359999084473,685.1875
14,19,5,2018,19.0,32.8,68.0,55.0,0.3,15.0,174.0,4.0,50.00041218996048,775.8125,0.0250000097950007,265496.0,276.0507000732422,60.00359999084473,685.1875
15,19,5,2018,17.0,32.833333333333336,62.0,73.0,0.4,30.0,163.0,3.0,50.0,776.5,0.0250000092750005,265516.0,276.05880004882806,60.00170799255371,685.0
16,19,5,2018,22.0,32.9,67.0,84.0,0.4,39.0,159.0,4.0,50.0,776.5,0.0250000092750005,265516.0,276.05880004882806,60.00170799255371,685.0
17,19,5,2018,22.0,32.833333333333336,74.0,98.0,0.4,47.0,130.0,4.0,50.0,776.5,0.0250000092750005,265516.0,276.05880004882806,60.00170799255371,685.0
18,19,5,2018,26.0,32.96666666666667,111.0,171.0,0.5,32.0,131.0,2.0,50.00013125419618,776.5625,0.0250000087080001,265580.0,276.06239990234366,60.00087999725342,685.0
19,19,5,2018,26.0,32.96666666666667,80.0,109.0,0.6,32.0,130.0,2.0,50.00013125419618,776.5625,0.0250000087080001,265580.0,276.06239990234366,60.00087999725342,685.0
20,19,5,2018,29.0,33.13333333333333,57.0,64.0,0.6,34.0,102.0,2.0,50.00013125419618,776.5625,0.0250000087080001,265580.0,276.06239990234366,60.00087999725342,685.0
21,19,5,2018,29.0,33.333333333333336,43.0,43.0,0.6,41.0,85.0,2.0,50.0,775.25,0.0250000076960008,265772.0,276.0576998901367,60.00354399108887,685.5625
22,19,5,2018,33.0,33.8,47.0,41.0,0.7,60.0,61.0,2.0,50.0,775.25,0.0250000076960008,265772.0,276.0576998901367,60.00354399108887,685.5625
23,19,5,2018,29.0,34.13333333333333,41.0,31.0,0.7,51.0,71.0,2.0,50.0,775.25,0.0250000076960008,265772.0,276.0576998901367,60.00354399108887,685.5625
0,20,5,2018,26.0,34.43333333333333,37.0,36.0,0.6,32.0,83.0,2.0,50.0,778.375,0.0250000087480004,265976.0,276.0485998535156,60.00153199768066,725.1875
1,20,5,2018,25.0,34.6,36.0,32.333333333333336,0.5,33.0,86.0,2.0,50.0,778.375,0.0250000087480004,265976.0,276.0485998535156,60.00153199768066,725.1875
2,20,5,2018,13.0,34.13333333333333,37.0,28.66666666666667,0.4,22.0,118.0,2.0,50.0,778.375,0.0250000087480004,265976.0,276.0485998535156,60.00153199768066,725.1875
3,20,5,2018,12.0,33.36666666666667,39.0,25.0,0.4,18.0,124.0,2.0,50.00004375457764,778.8125,0.0250000093860002,266096.0,276.04119995117185,60.001379997253416,744.6875
4,20,5,2018,13.0,32.06666666666667,28.0,28.0,0.4,15.0,128.0,2.0,50.00004375457764,778.8125,0.0250000093860002,266096.0,276.04119995117185,60.001379997253416,744.6875
5,20,5,2018,21.0,31.433333333333334,41.0,39.0,0.5,13.0,132.0,2.0,50.00004375457764,778.8125,0.0250000093860002,266096.0,276.04119995117185,60.001379997253416,744.6875
6,20,5,2018,27.0,31.133333333333333,43.0,41.0,0.5,14.0,137.0,2.0,50.00004375457764,782.875,0.0250000092840008,265968.0,276.0522998046875,60.00187999725342,714.25
7,20,5,2018,21.0,30.4,44.0,35.0,0.5,16.0,140.0,2.0,50.00004375457764,782.875,0.0250000092840008,265968.0,276.0522998046875,60.00187999725342,714.25
8,20,5,2018,24.0,29.766666666666666,43.0,43.0,0.5,28.0,124.0,2.0,50.00004375457764,782.875,0.0250000092840008,265968.0,276.0522998046875,60.00187999725342,714.25
9,20,5,2018,29.0,29.366666666666667,44.0,44.0,0.5,20.0,127.0,2.0,50.0,781.875,0.025000008735001,265756.0,276.06239990234366,60.00281999206543,708.4375
10,20,5,2018,25.0,28.7,43.0,38.0,0.5,13.0,137.0,2.0,50.0,781.875,0.025000008735001,265756.0,276.06239990234366,60.00281999206543,708.4375
11,20,5,2018,26.0,28.166666666666668,43.0,43.0,0.5,17.0,124.0,2.0,50.0,781.875,0.025000008735001,265756.0,276.06239990234366,60.00281999206543,708.4375
12,20,5,2018,33.0,27.8,53.0,55.0,0.5,21.0,102.0,2.0,50.0,782.25,0.0250000093510001,265908.0,276.06169982910154,60.00308799743652,685.1875
13,20,5,2018,25.0,27.1,36.0,49.6,0.6,18.0,110.0,2.0,50.0,782.25,0.0250000093510001,265908.0,276.06169982910154,60.00308799743652,685.1875
14,20,5,2018,20.0,26.266666666666666,35.0,44.2,0.6,17.0,112.0,2.0,50.0,782.25,0.0250000093510001,265908.0,276.06169982910154,60.00308799743652,685.1875
15,20,5,2018,21.0,25.23333333333333,33.0,38.8,0.6,27.0,106.0,2.0,50.000025005340575,782.5,0.0250000094700008,265928.0,276.063099975586,60.004299995422365,685.0
16,20,5,2018,20.0,24.1,38.0,33.4,0.5,21.0,123.0,2.0,50.000025005340575,782.5,0.0250000094700008,265928.0,276.063099975586,60.004299995422365,685.0
17,20,5,2018,22.0,23.5,39.0,28.0,0.5,22.0,124.0,2.0,50.000025005340575,782.5,0.0250000094700008,265928.0,276.063099975586,60.004299995422365,685.0
18,20,5,2018,23.0,23.466666666666665,37.0,37.0,0.5,33.0,108.0,2.0,50.0,781.625,0.0250000096510006,265780.0,276.05600006103515,60.00540399169922,685.0
19,20,5,2018,25.0,23.433333333333334,36.0,36.0,0.5,36.0,99.0,2.0,50.0,781.625,0.0250000096510006,265780.0,276.05600006103515,60.00540399169922,685.0
20,20,5,2018,28.0,23.73333333333333,45.0,45.0,0.5,47.0,83.0,2.0,50.0,781.625,0.0250000096510006,265780.0,276.05600006103515,60.00540399169922,685.0
21,20,5,2018,32.0,24.23333333333333,53.0,55.0,0.6,54.0,61.0,2.0,50.000143756866464,779.8125,0.025000010621,265788.0,276.0403997802734,60.00175999450683,685.5
22,20,5,2018,41.0,24.866666666666667,58.0,58.0,0.6,56.0,51.0,2.0,50.000143756866464,779.8125,0.025000010621,265788.0,276.0403997802734,60.00175999450683,685.5
23,20,5,2018,43.0,25.566666666666663,60.0,69.0,0.6,55.0,40.0,2.0,50.000143756866464,779.8125,0.025000010621,265788.0,276.0403997802734,60.00175999450683,685.5
0,21,5,2018,53.0,26.466666666666665,73.0,68.0,0.9,61.0,24.0,2.0,50.00041218996048,780.5,0.02500001071,265836.0,276.0445999145508,60.00225999450686,710.5
1,21,5,2018,60.0,27.6,81.0,67.5,0.9,48.0,29.0,2.0,50.00041218996048,780.5,0.02500001071,265836.0,276.0445999145508,60.00225999450686,710.5
2,21,5,2018,63.0,28.73333333333333,85.0,67.0,1.0,45.0,23.0,2.0,50.00041218996048,780.5,0.02500001071,265836.0,276.0445999145508,60.00225999450686,710.5
3,21,5,2018,64.0,29.9,86.0,66.5,1.0,59.0,6.0,2.0,50.00039375305176,781.5625,0.0250000105440001,265792.0,276.05789978027343,60.00296799468994,742.1875
4,21,5,2018,58.0,30.73333333333333,79.0,66.0,0.9,50.0,17.0,2.0,50.00039375305176,781.5625,0.0250000105440001,265792.0,276.05789978027343,60.00296799468994,742.1875
6,21,5,2018,40.0,31.1,56.0,65.5,0.6,23.0,42.0,2.0,50.00041218996048,780.0,0.025000009877,265492.0,276.0438000488281,60.00488399505616,733.0625
7,21,5,2018,44.0,31.7,61.0,65.0,0.6,32.0,29.0,2.0,50.00041218996048,780.0,0.025000009877,265492.0,276.0438000488281,60.00488399505616,733.0625
8,21,5,2018,49.0,32.5,68.0,64.5,0.7,40.0,17.0,2.0,50.00041218996048,780.0,0.025000009877,265492.0,276.0438000488281,60.00488399505616,733.0625
9,21,5,2018,51.0,33.766666666666666,70.0,64.0,0.8,35.0,32.0,2.0,50.0,781.5,0.0250000098999999,265216.0,276.05470001220704,60.002063995361326,706.625
10,21,5,2018,41.0,34.733333333333334,58.0,63.5,0.6,20.0,66.0,2.0,50.0,781.5,0.0250000098999999,265216.0,276.05470001220704,60.002063995361326,706.625
11,21,5,2018,34.0,35.43333333333333,49.0,63.0,0.5,16.0,92.0,2.0,50.0,781.5,0.0250000098999999,265216.0,276.05470001220704,60.002063995361326,706.625
12,21,5,2018,39.0,36.03333333333333,55.0,62.5,0.6,25.0,74.0,2.0,50.0,780.625,0.0250000092799998,265248.0,276.05049987792967,60.00109599304199,685.1875
13,21,5,2018,39.0,36.43333333333333,55.0,62.0,0.6,24.0,78.0,2.0,50.0,780.625,0.0250000092799998,265248.0,276.05049987792967,60.00109599304199,685.1875
14,21,5,2018,42.0,37.13333333333333,59.0,61.5,0.6,23.0,76.0,2.0,50.0,780.625,0.0250000092799998,265248.0,276.05049987792967,60.00109599304199,685.1875
15,21,5,2018,33.0,37.43333333333333,47.0,61.0,0.5,15.0,80.0,2.0,50.00041218996048,780.0625,0.025000010001,265248.0,276.044400024414,60.00216399383545,685.0
16,21,5,2018,33.0,37.56666666666667,47.0,60.5,0.5,17.0,71.0,2.0,50.00041218996048,780.0625,0.025000010001,265248.0,276.044400024414,60.00216399383545,685.0
17,21,5,2018,32.0,37.8,46.0,60.0,0.5,18.0,82.0,2.0,50.00041218996048,780.0625,0.025000010001,265248.0,276.044400024414,60.00216399383545,685.0
18,21,5,2018,24.0,37.73333333333333,34.0,59.5,0.5,24.0,93.0,2.0,50.0,778.5,0.0250000101570002,265176.0,276.0317999267578,60.002927993774406,685.0
19,21,5,2018,29.0,37.6,55.0,59.0,0.5,43.0,71.0,2.0,50.0,778.5,0.0250000101570002,265176.0,276.0317999267578,60.002927993774406,685.0
20,21,5,2018,35.0,37.93333333333333,57.0,63.0,0.5,42.0,59.0,2.0,50.0,778.5,0.0250000101570002,265176.0,276.0317999267578,60.002927993774406,685.0
21,21,5,2018,32.0,38.333333333333336,46.0,37.0,0.5,39.0,62.0,2.0,50.0,778.125,0.0250000098280003,265196.0,276.0295999145509,60.00159199523926,685.5
22,21,5,2018,31.0,38.66666666666666,44.0,33.0,0.5,29.0,74.0,2.0,50.0,778.125,0.0250000098280003,265196.0,276.0295999145509,60.00159199523926,685.5
23,21,5,2018,37.0,39.23333333333333,55.0,59.0,0.5,44.0,47.0,2.0,50.0,778.125,0.0250000098280003,265196.0,276.0295999145509,60.00159199523926,685.5
0,22,5,2018,34.0,39.63333333333333,62.0,73.0,0.5,57.0,20.0,2.0,50.0,774.5625,0.0250000105380006,265432.0,276.03949981689453,60.00345199584961,742.75
1,22,5,2018,37.0,40.1,53.0,39.0,0.5,49.0,24.0,2.0,50.0,774.5625,0.0250000105380006,265432.0,276.03949981689453,60.00345199584961,742.75
2,22,5,2018,39.0,40.56666666666667,55.0,35.333333333333336,0.5,61.0,10.0,2.0,50.0,774.5625,0.0250000105380006,265432.0,276.03949981689453,60.00345199584961,742.75
3,22,5,2018,33.0,40.73333333333333,47.0,31.66666666666667,0.4,53.0,24.0,2.0,50.0,770.75,0.0250000056720003,264996.0,276.10239990234373,60.00323999786377,856.6124999999997
4,22,5,2018,26.0,40.53333333333333,37.0,28.0,0.4,65.0,17.5,2.0,50.0,770.75,0.0250000056720003,264996.0,276.10239990234373,60.00323999786377,856.6124999999997
5,22,5,2018,30.0,40.16666666666666,43.0,35.0,0.4,56.0,11.0,2.0,50.0,770.75,0.0250000056720003,264996.0,276.10239990234373,60.00323999786377,856.6124999999997
6,22,5,2018,38.0,40.0,54.0,46.33333333333334,0.5,41.0,30.0,2.0,50.0,767.875,0.0250000024149995,264596.0,276.11989990234366,60.0087799911499,856.6124999999997
7,22,5,2018,45.0,39.73333333333333,63.0,57.66666666666667,0.5,42.0,27.0,2.0,50.0,767.875,0.0250000024149995,264596.0,276.11989990234366,60.0087799911499,856.6124999999997
8,22,5,2018,55.0,39.56666666666667,75.0,69.0,0.6,55.0,16.0,2.0,50.0,767.875,0.0250000024149995,264596.0,276.11989990234366,60.0087799911499,856.6124999999997
9,22,5,2018,61.0,39.5,83.0,85.0,0.6,45.0,26.0,2.0,50.0,771.75,0.0250000021010004,264476.0,276.1358999633789,60.00911199188232,760.0625
10,22,5,2018,49.0,39.0,68.0,64.5,0.5,24.0,73.0,2.0,50.0,771.75,0.0250000021010004,264476.0,276.1358999633789,60.00911199188232,760.0625
11,22,5,2018,34.0,38.2,49.0,44.0,0.4,18.0,102.0,2.0,50.0,771.75,0.0250000021010004,264476.0,276.1358999633789,60.00911199188232,760.0625
12,22,5,2018,34.0,38.0,49.0,47.0,0.3,15.0,122.0,2.0,50.0,766.375,0.0250000018640011,264616.0,276.09600006103506,60.00301999664307,685.1875
13,22,5,2018,26.5,37.41666666666666,58.0,65.0,0.3,13.0,133.0,2.0,50.0,766.375,0.0250000018640011,264616.0,276.09600006103506,60.00301999664307,685.1875
14,22,5,2018,19.0,36.41666666666666,73.0,96.0,0.2,12.0,140.0,2.0,50.0,766.375,0.0250000018640011,264616.0,276.09600006103506,60.00301999664307,685.1875
15,22,5,2018,25.0,35.55,68.0,86.0,0.2,13.0,138.0,2.0,50.0,763.4375,0.025000002824001,264896.0,276.05380004882807,60.00397999572754,685.0
16,22,5,2018,22.0,34.916666666666664,57.0,64.0,0.1,16.0,123.0,2.0,50.0,763.4375,0.025000002824001,264896.0,276.05380004882807,60.00397999572754,685.0
17,22,5,2018,27.0,34.68333333333333,99.0,147.0,0.1,20.0,113.0,2.0,50.0,763.4375,0.025000002824001,264896.0,276.05380004882807,60.00397999572754,685.0
18,22,5,2018,26.0,34.25,134.0,217.0,0.1,20.0,110.0,2.0,50.0,760.25,0.0250000049130003,264732.0,275.9969000244141,60.00193599700928,685.0
19,22,5,2018,25.0,33.78333333333333,122.0,194.0,0.1,27.0,98.0,2.0,50.0,760.25,0.0250000049130003,264732.0,275.9969000244141,60.00193599700928,685.0
20,22,5,2018,27.0,33.28333333333333,118.0,186.0,0.2,36.0,84.0,2.0,50.0,760.25,0.0250000049130003,264732.0,275.9969000244141,60.00193599700928,685.0
21,22,5,2018,23.0,32.95,117.0,184.0,0.2,47.0,67.0,2.0,50.0,759.0,0.0250000055309999,264524.0,275.976600036621,60.00209599304199,685.5625
22,22,5,2018,26.0,32.71666666666667,115.0,179.0,0.2,60.0,48.0,2.0,50.0,759.0,0.0250000055309999,264524.0,275.976600036621,60.00209599304199,685.5625
23,22,5,2018,48.0,33.25,184.0,234.9499999999989,0.2,75.0,26.0,2.0,50.0,759.0,0.0250000055309999,264524.0,275.976600036621,60.00209599304199,685.5625
0,23,5,2018,66.0,34.65,224.0,234.9499999999989,0.3,88.0,7.0,2.0,50.0,775.75,0.0250000034110006,264184.0,276.0708999633789,60.00418399810791,738.6875
1,23,5,2018,61.0,35.71666666666667,224.0,234.9499999999989,0.4,92.0,2.0,2.0,50.0,775.75,0.0250000034110006,264184.0,276.0708999633789,60.00418399810791,738.6875
2,23,5,2018,48.0,36.15,195.0,234.9499999999989,0.3,86.0,2.0,2.0,50.0,775.75,0.0250000034110006,264184.0,276.0708999633789,60.00418399810791,738.6875
3,23,5,2018,35.0,36.25,147.0,234.9499999999989,0.2,75.0,2.0,2.0,50.0,767.25,0.0250000050339996,263472.0,276.125,60.00817599487305,856.6124999999997
4,23,5,2018,28.0,36.15,114.0,177.0,0.2,64.0,5.0,2.0,50.0,767.25,0.0250000050339996,263472.0,276.125,60.00817599487305,856.6124999999997
5,23,5,2018,31.0,35.95,116.0,182.0,0.2,65.0,4.0,2.0,50.0,767.25,0.0250000050339996,263472.0,276.125,60.00817599487305,856.6124999999997
6,23,5,2018,28.0,35.75,120.0,189.0,0.2,56.0,12.0,2.0,50.0,774.75,0.0250000058079995,262776.0,276.177200012207,60.00911199188232,856.6124999999997
8,23,5,2018,42.0,35.916666666666664,149.0,234.9499999999989,0.4,50.0,27.0,2.0,50.0,774.75,0.0250000058079995,262776.0,276.177200012207,60.00911199188232,856.6124999999997
9,23,5,2018,58.0,36.55,192.0,234.9499999999989,0.4,55.0,40.0,3.0,50.0,777.0,0.0250000065170004,262380.0,276.1838998413086,60.00911199188232,781.8125
10,23,5,2018,68.0,37.71666666666667,224.0,234.9499999999989,0.4,53.0,58.0,7.0,50.0,777.0,0.0250000065170004,262380.0,276.1838998413086,60.00911199188232,781.8125
11,23,5,2018,65.0,39.016666666666666,185.0,234.9499999999989,0.3,36.0,87.0,7.0,50.0,777.0,0.0250000065170004,262380.0,276.1838998413086,60.00911199188232,781.8125
12,23,5,2018,55.0,39.85,181.0,234.9499999999989,0.3,27.0,97.0,5.0,50.0,776.8125,0.025000007418001,262436.0,276.14029998779296,60.007443992614746,685.1875
13,23,5,2018,56.0,40.45,175.0,234.9499999999989,0.4,29.0,120.0,7.0,50.0,776.8125,0.025000007418001,262436.0,276.14029998779296,60.007443992614746,685.1875
14,23,5,2018,53.0,40.71666666666667,138.0,225.0,0.4,23.0,137.0,6.0,50.0,776.8125,0.025000007418001,262436.0,276.14029998779296,60.007443992614746,685.1875
15,23,5,2018,45.0,40.38333333333333,158.0,234.9499999999989,0.4,17.0,152.0,5.0,50.0,772.625,0.0250000074570011,262640.0,276.104100036621,60.00471599578857,685.0
16,23,5,2018,52.0,40.083333333333336,136.0,221.0,0.4,17.0,168.0,7.0,50.0,772.625,0.0250000074570011,262640.0,276.104100036621,60.00471599578857,685.0
18,23,5,2018,41.0,39.81666666666667,139.0,227.0,0.3,21.0,181.0,7.0,50.0,767.4375,0.025000007627001,262712.0,276.05579986572263,60.00219599151611,685.0
19,23,5,2018,46.0,40.21666666666667,133.0,216.0,0.5,23.0,180.0,8.0,50.0,767.4375,0.025000007627001,262712.0,276.05579986572263,60.00219599151611,685.0
20,23,5,2018,38.0,40.35,119.0,187.0,0.7,24.0,170.0,9.0,50.0,767.4375,0.025000007627001,262712.0,276.05579986572263,60.00219599151611,685.0
21,23,5,2018,35.0,40.63333333333333,105.0,160.0,0.6,27.0,151.0,8.0,50.0,765.3125,0.0250000077870003,263000.0,276.0345999145508,60.00284799194336,685.625
22,23,5,2018,37.0,41.23333333333333,109.0,168.0,0.6,27.0,143.0,7.0,50.0,765.3125,0.0250000077870003,263000.0,276.0345999145508,60.00284799194336,685.625
23,23,5,2018,42.0,41.8,108.0,166.0,0.6,33.0,125.0,7.0,50.0,765.3125,0.0250000077870003,263000.0,276.0345999145508,60.00284799194336,685.625
0,24,5,2018,44.0,42.53333333333333,112.0,174.0,0.7,60.0,87.0,7.0,50.0,772.0,0.0250000086850002,262988.0,276.10880004882813,60.00297199249268,805.75
1,24,5,2018,47.0,43.2,113.0,175.0,0.7,75.0,64.0,6.0,50.0,772.0,0.0250000086850002,262988.0,276.10880004882813,60.00297199249268,805.75
2,24,5,2018,47.0,43.9,110.0,169.0,0.7,65.0,60.0,8.0,50.0,772.0,0.0250000086850002,262988.0,276.10880004882813,60.00297199249268,805.75
4,24,5,2018,50.0,44.73333333333333,117.0,183.0,0.8,103.0,31.0,3.0,50.0,772.0,0.0250000086850002,262988.0,276.10880004882813,60.00297199249268,805.75
5,24,5,2018,52.0,45.56666666666667,117.0,183.0,0.9,103.0,2.0,2.0,50.0,772.0,0.0250000086850002,262988.0,276.10880004882813,60.00297199249268,805.75
6,24,5,2018,57.0,46.7,120.0,189.0,1.0,96.0,2.0,3.0,50.0,782.5,0.0250000075759999,262568.0,276.1931750640869,60.008063995361326,856.6124999999997
7,24,5,2018,53.0,47.6,129.0,208.0,0.8,82.0,5.0,4.0,50.0,782.5,0.0250000075759999,262568.0,276.1931750640869,60.008063995361326,856.6124999999997
8,24,5,2018,52.0,47.73333333333333,120.0,189.0,0.8,93.0,24.0,5.0,50.0,782.5,0.0250000075759999,262568.0,276.1931750640869,60.008063995361326,856.6124999999997
9,24,5,2018,61.0,47.56666666666667,130.0,210.0,0.8,100.0,39.0,7.0,50.00001874923706,790.8125,0.0250000089330002,262404.0,276.1878997802734,60.00804799652099,744.25
10,24,5,2018,71.0,47.9,137.0,223.0,0.9,97.0,64.0,7.0,50.00001874923706,790.8125,0.0250000089330002,262404.0,276.1878997802734,60.00804799652099,744.25
11,24,5,2018,76.0,48.833333333333336,129.0,207.0,0.8,57.0,127.0,9.0,50.00001874923706,790.8125,0.0250000089330002,262404.0,276.1878997802734,60.00804799652099,744.25
12,24,5,2018,86.0,50.53333333333333,126.0,201.0,0.8,33.0,181.0,16.0,50.0,781.25,0.0250000105490004,262544.0,276.1488998413085,60.004139991760255,685.1875
13,24,5,2018,77.0,52.16666666666666,110.0,150.0,0.7,23.0,181.0,17.0,50.0,781.25,0.0250000105490004,262544.0,276.1488998413085,60.004139991760255,685.1875
14,24,5,2018,59.0,53.1,124.0,125.0,0.6,20.0,181.0,14.0,50.0,781.25,0.0250000105490004,262544.0,276.1488998413085,60.004139991760255,685.1875
15,24,5,2018,61.0,54.2,134.0,152.0,0.6,23.0,181.0,17.0,50.0,776.6875,0.0250000097400005,262796.0,276.11929992675783,60.00700799560547,685.0
16,24,5,2018,60.0,54.8,130.0,207.0,0.7,22.0,181.0,17.0,50.0,776.6875,0.0250000097400005,262796.0,276.11929992675783,60.00700799560547,685.0
17,24,5,2018,54.0,54.66666666666666,124.0,136.0,0.8,24.0,181.0,17.0,50.0,776.6875,0.0250000097400005,262796.0,276.11929992675783,60.00700799560547,685.0
18,24,5,2018,66.0,54.6,127.0,165.0,0.9,27.0,181.0,17.0,50.00001874923706,772.6875,0.0250000095320008,262904.0,276.0869998168945,60.00475199127197,685.0
19,24,5,2018,64.0,54.56666666666667,121.0,186.0,1.1,30.0,181.0,17.0,50.00001874923706,772.6875,0.0250000095320008,262904.0,276.0869998168945,60.00475199127197,685.0
20,24,5,2018,62.0,54.8,138.0,225.0,0.9,31.0,181.0,6.0,50.00001874923706,772.6875,0.0250000095320008,262904.0,276.0869998168945,60.00475199127197,685.0
21,24,5,2018,62.0,55.0,126.0,201.0,0.8,42.0,163.0,4.0,50.0,770.8125,0.0250000101749999,263100.0,276.0642999267577,60.00153999328613,685.5625
22,24,5,2018,62.0,55.3,113.0,175.0,0.7,39.0,143.0,4.0,50.0,770.8125,0.0250000101749999,263100.0,276.0642999267577,60.00153999328613,685.5625
23,24,5,2018,59.0,55.766666666666666,101.0,152.0,0.6,33.0,130.0,5.0,50.0,770.8125,0.0250000101749999,263100.0,276.0642999267577,60.00153999328613,685.5625
0,25,5,2018,46.0,55.56666666666667,86.0,121.0,0.6,33.0,111.0,5.0,50.0,777.5625,0.0250000109800007,263192.0,276.0917999267578,60.00188399505616,773.5
1,25,5,2018,46.0,55.73333333333333,94.0,137.0,0.5,36.0,96.0,4.0,50.0,777.5625,0.0250000109800007,263192.0,276.0917999267578,60.00188399505616,773.5
2,25,5,2018,41.0,55.56666666666667,85.0,120.0,0.5,31.0,92.0,4.0,50.0,777.5625,0.0250000109800007,263192.0,276.0917999267578,60.00188399505616,773.5
3,25,5,2018,40.0,55.63333333333333,88.0,126.0,0.5,29.0,88.0,3.0,50.0,779.5625,0.0250000110309999,262944.0,276.1428997802734,60.00325199127197,856.6124999999997
4,25,5,2018,42.0,55.86666666666667,91.0,131.0,0.5,28.0,81.0,2.0,50.0,779.5625,0.0250000110309999,262944.0,276.1428997802734,60.00325199127197,856.6124999999997
5,25,5,2018,47.0,56.2,93.0,135.0,0.6,37.0,63.0,2.0,50.0,779.5625,0.0250000110309999,262944.0,276.1428997802734,60.00325199127197,856.6124999999997
6,25,5,2018,54.0,56.6,96.0,141.0,0.7,44.0,45.0,2.0,50.0,783.4375,0.0250000099800005,262788.0,276.1844000244141,60.00467599487305,856.6124999999997
7,25,5,2018,64.0,57.266666666666666,107.0,163.0,0.7,44.0,43.0,4.0,50.0,783.4375,0.0250000099800005,262788.0,276.1844000244141,60.00467599487305,856.6124999999997
8,25,5,2018,66.0,57.9,113.0,175.0,0.8,51.0,48.0,6.0,50.0,783.4375,0.0250000099800005,262788.0,276.1844000244141,60.00467599487305,856.6124999999997
9,25,5,2018,69.0,58.63333333333333,113.0,175.0,0.7,51.0,64.0,8.0,50.0,791.1875,0.0250000087470002,262784.0,276.1931750640869,60.00715199279785,746.125
10,25,5,2018,73.0,59.4,115.0,179.0,0.7,46.0,88.0,11.0,50.0,791.1875,0.0250000087470002,262784.0,276.1931750640869,60.00715199279785,746.125
11,25,5,2018,74.0,60.13333333333333,114.0,178.0,0.7,35.0,135.0,11.0,50.0,791.1875,0.0250000087470002,262784.0,276.1931750640869,60.00715199279785,746.125
12,25,5,2018,82.0,60.96666666666667,122.0,194.0,0.8,29.0,181.0,12.0,50.0,781.25,0.0250000101620005,263020.0,276.14649993896484,60.00087199401855,685.1875
13,25,5,2018,82.0,61.93333333333333,122.0,181.0,0.8,20.0,181.0,12.0,50.0,781.25,0.0250000101620005,263020.0,276.14649993896484,60.00087199401855,685.1875
14,25,5,2018,84.0,63.0,127.0,197.0,0.8,19.0,181.0,9.0,50.0,781.25,0.0250000101620005,263020.0,276.14649993896484,60.00087199401855,685.1875
15,25,5,2018,82.0,63.7,137.0,189.0,0.8,21.0,181.0,9.0,50.0,780.75,0.0250000134630007,263188.0,276.1166000366211,60.00313999176026,685.0
16,25,5,2018,77.0,63.9,133.0,165.0,0.8,19.0,181.0,8.0,50.0,780.75,0.0250000134630007,263188.0,276.1166000366211,60.00313999176026,685.0
17,25,5,2018,73.0,63.8,124.0,129.0,0.7,18.0,181.0,6.0,50.0,780.75,0.0250000134630007,263188.0,276.1166000366211,60.00313999176026,685.0
18,25,5,2018,57.0,62.833333333333336,108.0,105.0,0.7,18.0,181.0,4.0,50.0,780.0625,0.0250000150070004,263260.0,276.1010998535156,60.00333199310303,685.0
19,25,5,2018,56.0,62.13333333333333,94.0,138.0,0.9,21.0,181.0,3.0,50.0,780.0625,0.0250000150070004,263260.0,276.1010998535156,60.00333199310303,685.0
20,25,5,2018,61.0,62.2,106.0,161.0,1.0,31.0,165.0,2.0,50.0,780.0625,0.0250000150070004,263260.0,276.1010998535156,60.00333199310303,685.0
21,25,5,2018,72.0,62.56666666666667,113.0,176.0,1.0,36.0,145.0,2.0,50.0,777.5,0.025000014188,263600.0,276.0852999877929,60.001991996765135,685.5
22,25,5,2018,80.0,63.23333333333333,116.0,181.0,1.0,50.0,117.0,2.0,50.0,777.5,0.025000014188,263600.0,276.0852999877929,60.001991996765135,685.5
23,25,5,2018,79.0,64.06666666666666,113.0,175.0,1.1,54.0,101.0,4.0,50.0,777.5,0.025000014188,263600.0,276.0852999877929,60.001991996765135,685.5
0,26,5,2018,86.0,64.73333333333333,125.0,200.0,1.0,64.0,76.0,5.0,50.0,789.375,0.0250000140510005,263812.0,276.11339996337887,60.00539599609375,722.0
1,26,5,2018,92.0,65.66666666666667,125.0,200.0,1.0,52.0,68.0,5.0,50.0,789.375,0.0250000140510005,263812.0,276.11339996337887,60.00539599609375,722.0
2,26,5,2018,94.0,66.73333333333333,124.0,171.0,0.9,51.0,56.0,5.0,50.0,789.375,0.0250000140510005,263812.0,276.11339996337887,60.00539599609375,722.0
4,26,5,2018,98.0,67.93333333333334,129.0,166.0,0.9,69.0,41.5,2.0,50.0,789.375,0.0250000140510005,263812.0,276.11339996337887,60.00539599609375,722.0
6,26,5,2018,107.0,69.43333333333334,140.0,149.0,1.0,47.0,27.0,2.0,50.0,795.7468749999999,0.0250000125400004,263716.0,276.166600036621,60.00642399597168,738.875
7,26,5,2018,115.0,71.3,150.0,210.0,1.1,77.0,3.0,3.0,50.0,795.7468749999999,0.0250000125400004,263716.0,276.166600036621,60.00642399597168,738.875
8,26,5,2018,127.0,74.0,167.0,223.0,1.1,72.0,17.0,5.0,50.0,795.7468749999999,0.0250000125400004,263716.0,276.166600036621,60.00642399597168,738.875
9,26,5,2018,131.0,76.83333333333333,173.0,211.0,1.1,61.0,46.0,7.0,50.0,795.7468749999999,0.025000009060001,263928.0,276.1726998901367,60.00391999816895,703.3125
10,26,5,2018,140.0,80.13333333333334,186.0,210.0,1.1,46.0,95.0,11.0,50.0,795.7468749999999,0.025000009060001,263928.0,276.1726998901367,60.00391999816895,703.3125
11,26,5,2018,145.0,83.63333333333334,193.0,228.0,1.1,35.0,128.0,8.0,50.0,795.7468749999999,0.025000009060001,263928.0,276.1726998901367,60.00391999816895,703.3125
12,26,5,2018,148.0,87.16666666666667,197.0,224.0,1.2,28.0,155.0,7.0,50.00005000114441,791.9375,0.025000007627001,264328.0,276.13779998779296,60.00574799346924,685.25
13,26,5,2018,154.0,90.73333333333332,204.0,196.0,1.3,26.0,181.0,9.0,50.00005000114441,791.9375,0.025000007627001,264328.0,276.13779998779296,60.00574799346924,685.25
14,26,5,2018,159.0,94.23333333333332,209.0,225.0,1.3,27.0,181.0,9.0,50.00005000114441,791.9375,0.025000007627001,264328.0,276.13779998779296,60.00574799346924,685.25
15,26,5,2018,165.0,97.73333333333332,219.0,233.0,1.4,29.0,181.0,9.0,50.0,787.6875,0.0250000081089995,264356.0,276.1060998535156,60.00160799407959,685.0
16,26,5,2018,158.0,100.8,208.0,190.0,1.2,22.0,181.0,8.0,50.0,787.6875,0.0250000081089995,264356.0,276.1060998535156,60.00160799407959,685.0
17,26,5,2018,136.0,103.03333333333332,180.0,175.0,1.1,37.0,176.0,8.0,50.0,787.6875,0.0250000081089995,264356.0,276.1060998535156,60.00160799407959,685.0
18,26,5,2018,90.0,103.6,119.0,100.0,0.4,31.0,88.0,3.0,50.0,783.375,0.0250000082460008,264304.0,276.0741998291016,60.0020239944458,685.0
19,26,5,2018,62.0,103.2,166.0,234.9499999999989,0.3,20.0,99.0,2.0,50.0,783.375,0.0250000082460008,264304.0,276.0741998291016,60.0020239944458,685.0
20,26,5,2018,61.0,102.5,130.0,210.0,0.3,19.0,100.0,2.0,50.0,783.375,0.0250000082460008,264304.0,276.0741998291016,60.0020239944458,685.0
21,26,5,2018,51.0,101.46666666666668,107.0,164.0,0.3,22.0,95.0,2.0,50.0,779.125,0.0250000083610005,264380.0,276.0414999389648,60.00174799346924,685.625
22,26,5,2018,60.0,100.66666666666669,120.0,190.0,0.3,38.0,70.0,2.0,50.0,779.125,0.0250000083610005,264380.0,276.0414999389648,60.00174799346924,685.625
23,26,5,2018,60.0,99.93333333333334,120.0,190.0,0.4,54.0,49.0,2.0,50.0,779.125,0.0250000083610005,264380.0,276.0414999389648,60.00174799346924,685.625
0,27,5,2018,54.0,99.16666666666669,107.0,163.0,0.3,48.0,54.0,2.0,50.0,773.4375,0.0250000081220008,264384.0,276.1279998779296,60.003047996521,807.5
1,27,5,2018,55.0,98.56666666666666,115.0,179.0,0.4,88.0,8.0,2.0,50.0,773.4375,0.0250000081220008,264384.0,276.1279998779296,60.003047996521,807.5
2,27,5,2018,58.0,98.6,125.0,199.0,0.4,91.0,2.0,2.0,50.0,773.4375,0.0250000081220008,264384.0,276.1279998779296,60.003047996521,807.5
3,27,5,2018,64.0,98.86666666666666,118.0,185.0,0.4,86.0,2.0,2.0,50.0,770.75,0.0250000038729999,263996.0,276.17630004882807,60.00409999084473,856.6124999999997
4,27,5,2018,57.0,98.73333333333332,108.0,166.0,0.3,80.0,5.0,2.0,50.0,770.75,0.0250000038729999,263996.0,276.17630004882807,60.00409999084473,856.6124999999997
5,27,5,2018,53.0,98.1,111.0,172.0,0.3,82.0,2.0,2.0,50.0,770.75,0.0250000038729999,263996.0,276.17630004882807,60.00409999084473,856.6124999999997
6,27,5,2018,52.0,97.16666666666669,111.0,171.0,0.3,74.0,5.0,2.0,50.0,774.0625,0.0250000041620004,263496.0,276.1931750640869,60.0062559967041,856.6124999999997
7,27,5,2018,58.0,96.46666666666668,122.0,194.0,0.4,70.0,10.0,2.0,50.0,774.0625,0.0250000041620004,263496.0,276.1931750640869,60.0062559967041,856.6124999999997
8,27,5,2018,64.0,95.73333333333332,124.0,197.0,0.5,70.0,23.0,2.0,50.0,774.0625,0.0250000041620004,263496.0,276.1931750640869,60.0062559967041,856.6124999999997
9,27,5,2018,101.0,96.03333333333332,133.0,174.0,0.4,47.0,59.0,2.0,50.0,784.8125,0.0250000055790003,262932.0,276.1931750640869,60.00911199188232,758.6875
10,27,5,2018,67.0,95.13333333333334,105.0,159.0,0.4,41.0,79.0,3.0,50.0,784.8125,0.0250000055790003,262932.0,276.1931750640869,60.00911199188232,758.6875
11,27,5,2018,53.0,93.63333333333334,104.0,157.0,0.3,23.0,120.0,2.0,50.0,784.8125,0.0250000055790003,262932.0,276.1931750640869,60.00911199188232,758.6875
12,27,5,2018,69.0,92.36666666666666,93.0,129.0,0.3,17.0,150.0,2.0,50.0,775.0,0.0250000057380013,262936.0,276.1610998535156,60.00268399810791,685.25
13,27,5,2018,28.0,89.46666666666667,86.0,121.0,0.2,14.0,153.0,2.0,50.0,775.0,0.0250000057380013,262936.0,276.1610998535156,60.00268399810791,685.25
14,27,5,2018,31.0,86.26666666666667,96.0,142.0,0.2,14.0,160.0,2.0,50.0,775.0,0.0250000057380013,262936.0,276.1610998535156,60.00268399810791,685.25
15,27,5,2018,50.0,83.56666666666666,106.0,162.0,0.2,15.0,163.0,2.0,50.0,771.625,0.0250000058910008,263136.0,276.12829986572257,60.00483599090576,685.0
16,27,5,2018,46.0,80.43333333333334,124.0,197.0,0.3,16.0,170.0,2.0,50.0,771.625,0.0250000058910008,263136.0,276.12829986572257,60.00483599090576,685.0
17,27,5,2018,42.0,77.0,127.0,203.0,0.3,17.0,178.0,3.0,50.0,771.625,0.0250000058910008,263136.0,276.12829986572257,60.00483599090576,685.0
18,27,5,2018,49.0,73.7,134.0,218.0,0.3,20.0,176.0,12.0,50.0,767.5625,0.0250000067490004,263012.0,276.07889984130856,60.00101599121093,685.0
19,27,5,2018,43.0,70.0,114.0,178.0,0.4,23.0,158.0,7.0,50.0,767.5625,0.0250000067490004,263012.0,276.07889984130856,60.00101599121093,685.0
20,27,5,2018,34.0,65.83333333333333,103.0,156.0,0.3,34.0,119.0,2.0,50.0,767.5625,0.0250000067490004,263012.0,276.07889984130856,60.00101599121093,685.0
21,27,5,2018,36.0,61.4,110.0,169.0,0.4,47.0,88.0,3.0,50.0,765.0625,0.025000004846001,263128.0,276.0873999023437,60.00284399414063,685.625
22,27,5,2018,30.0,57.13333333333333,100.0,150.0,0.3,48.0,76.0,3.0,50.0,765.0625,0.025000004846001,263128.0,276.0873999023437,60.00284399414063,685.625
23,27,5,2018,34.0,53.73333333333333,99.0,148.0,0.3,32.0,90.0,4.0,50.0,765.0625,0.025000004846001,263128.0,276.0873999023437,60.00284399414063,685.625
0,28,5,2018,41.0,52.1,108.0,166.0,0.4,75.0,41.0,4.0,50.0,767.6875,0.0250000040889997,263300.0,276.151600036621,60.007603996276856,812.9375
1,28,5,2018,48.0,51.63333333333333,121.0,191.0,0.4,84.0,33.0,2.0,50.0,767.6875,0.0250000040889997,263300.0,276.151600036621,60.007603996276856,812.9375
2,28,5,2018,42.0,51.0,118.0,186.0,0.4,103.0,7.0,3.0,50.0,767.6875,0.0250000040889997,263300.0,276.151600036621,60.007603996276856,812.9375
3,28,5,2018,40.0,50.63333333333333,118.0,185.0,0.4,103.0,10.0,3.0,50.0,769.875,0.0250000037760008,263792.0,276.14649993896484,60.00366799163818,856.6124999999997
4,28,5,2018,82.0,51.36666666666667,168.0,234.9499999999989,0.3,89.0,9.5,2.0,50.0,769.875,0.0250000037760008,263792.0,276.14649993896484,60.00366799163818,856.6124999999997
6,28,5,2018,113.0,53.13333333333333,224.0,234.9499999999989,0.3,75.0,9.0,2.0,50.0,770.6875,0.0250000037850011,263872.0,276.1592999267578,60.00622799682617,856.6124999999997
7,28,5,2018,114.0,55.13333333333333,224.0,234.9499999999989,0.6,79.0,7.0,2.0,50.0,770.6875,0.0250000037850011,263872.0,276.1592999267578,60.00622799682617,856.6124999999997
8,28,5,2018,102.0,56.7,224.0,234.9499999999989,0.3,31.0,66.0,2.0,50.0,770.6875,0.0250000037850011,263872.0,276.1592999267578,60.00622799682617,856.6124999999997
9,28,5,2018,105.0,58.266666666666666,224.0,234.9499999999989,0.2,15.0,88.0,2.0,50.0,768.8125,0.0250000035070013,263984.0,276.1578997802734,60.00712399291992,785.25
10,28,5,2018,62.0,58.2,224.0,234.9499999999989,0.2,13.0,98.0,2.0,50.0,768.8125,0.0250000035070013,263984.0,276.1578997802734,60.00712399291992,785.25
11,28,5,2018,24.0,57.1,147.0,234.9499999999989,0.2,13.0,110.0,2.0,50.0,768.8125,0.0250000035070013,263984.0,276.1578997802734,60.00712399291992,785.25
12,28,5,2018,16.0,55.86666666666667,68.0,86.0,0.2,12.0,116.0,2.0,50.0,766.9375,0.025000003436001,264236.0,276.1279998779296,60.00564399719238,685.25
13,28,5,2018,9.0,54.43333333333333,59.0,68.0,0.2,13.0,113.0,2.0,50.0,766.9375,0.025000003436001,264236.0,276.1279998779296,60.00564399719238,685.25
14,28,5,2018,7.0,52.73333333333333,46.0,46.0,0.2,12.0,115.0,2.0,50.0,766.9375,0.025000003436001,264236.0,276.1279998779296,60.00564399719238,685.25
15,28,5,2018,24.0,51.4,37.0,35.0,0.2,12.0,118.0,2.0,50.0,764.5,0.0250000049210004,264288.0,276.08229980468747,60.00192399597168,685.0
16,28,5,2018,29.0,49.0,41.0,36.0,0.2,14.0,118.0,2.0,50.0,764.5,0.0250000049210004,264288.0,276.08229980468747,60.00192399597168,685.0
18,28,5,2018,21.0,47.46666666666667,36.0,22.0,0.2,17.0,116.0,2.0,50.0,760.3125,0.0250000054320003,264604.0,276.031900024414,60.00239999389648,685.0
19,28,5,2018,22.0,46.43333333333333,34.0,27.0,0.3,25.0,108.0,2.0,50.0,760.3125,0.0250000054320003,264604.0,276.031900024414,60.00239999389648,685.0
20,28,5,2018,16.0,44.66666666666666,31.0,31.0,0.3,30.0,100.0,2.0,50.0,760.3125,0.0250000054320003,264604.0,276.031900024414,60.00239999389648,685.0
21,28,5,2018,15.0,44.23333333333333,51.0,52.0,0.3,49.0,70.0,2.0,50.0,759.3125,0.0250000044369995,264768.0,276.041600036621,60.0027679977417,685.625
22,28,5,2018,13.0,43.63333333333333,57.0,63.0,0.3,75.0,28.0,2.0,50.0,759.3125,0.0250000044369995,264768.0,276.041600036621,60.0027679977417,685.625
23,28,5,2018,12.0,42.36666666666667,55.0,59.0,0.3,71.0,27.0,2.0,50.0,759.3125,0.0250000044369995,264768.0,276.041600036621,60.0027679977417,685.625
0,29,5,2018,21.0,41.53333333333333,81.0,111.0,0.4,93.0,3.0,2.0,50.0,765.875,0.0250000037680007,264724.0,276.13139984130856,60.004815994262685,813.25
1,29,5,2018,14.0,40.6,70.0,89.0,0.3,82.0,9.0,2.0,50.0,765.875,0.0250000037680007,264724.0,276.13139984130856,60.004815994262685,813.25
2,29,5,2018,19.0,39.6,80.0,109.0,0.4,90.0,2.0,3.0,50.0,765.875,0.0250000037680007,264724.0,276.13139984130856,60.004815994262685,813.25
3,29,5,2018,21.0,38.86666666666667,90.0,129.0,0.3,87.0,2.0,3.0,50.0,771.25,0.0250000043999999,264488.0,276.1663000488281,60.006891998291024,856.6124999999997
4,29,5,2018,22.0,38.46666666666667,95.0,139.0,0.3,81.0,3.0,2.0,50.0,771.25,0.0250000043999999,264488.0,276.1663000488281,60.006891998291024,856.6124999999997
5,29,5,2018,12.0,37.66666666666666,61.0,71.0,0.3,70.0,11.0,2.0,50.0,771.25,0.0250000043999999,264488.0,276.1663000488281,60.006891998291024,856.6124999999997
6,29,5,2018,5.0,36.833333333333336,50.0,50.0,0.3,55.0,25.0,2.0,50.0,773.4375,0.0250000050409995,264208.0,276.17919982910155,60.002215995788575,856.6124999999997
7,29,5,2018,6.0,35.9,45.0,45.0,0.3,40.0,40.0,2.0,50.0,773.4375,0.0250000050409995,264208.0,276.17919982910155,60.002215995788575,856.6124999999997
9,29,5,2018,16.0,35.06666666666667,31.0,31.0,0.3,34.0,75.0,2.0,50.0,775.875,0.025000004129,264016.0,276.1911999511718,60.00806799316406,775.875
10,29,5,2018,10.0,33.8,30.0,29.0,0.2,21.0,95.0,2.0,50.0,775.875,0.025000004129,264016.0,276.1911999511718,60.00806799316406,775.875
11,29,5,2018,20.0,33.06666666666667,35.0,35.0,0.2,12.0,104.0,2.0,50.0,775.875,0.025000004129,264016.0,276.1911999511718,60.00806799316406,775.875
12,29,5,2018,20.0,32.4,57.0,63.0,0.2,11.0,112.0,2.0,50.0,773.3125,0.0250000059550013,264100.0,276.1482000732421,60.00549599456787,685.25
13,29,5,2018,13.0,30.1,40.0,31.0,0.2,12.0,127.0,2.0,50.0,773.3125,0.0250000059550013,264100.0,276.1482000732421,60.00549599456787,685.25
14,29,5,2018,11.0,26.7,43.0,32.0,0.2,12.0,138.0,2.0,50.0,773.3125,0.0250000059550013,264100.0,276.1482000732421,60.00549599456787,685.25
16,30,5,2018,14.0,23.366666666666667,80.0,28.0,0.2,11.0,181.0,2.0,50.0,773.3125,0.0250000059550013,264100.0,276.1482000732421,60.00549599456787,685.25
17,30,5,2018,11.0,20.33333333333333,96.0,38.0,0.2,13.0,181.0,2.0,50.0,773.3125,0.0250000059550013,264100.0,276.1482000732421,60.00549599456787,685.25
18,30,5,2018,9.0,17.133333333333333,103.0,46.0,0.2,15.0,181.0,2.0,50.0,770.3125,0.0250000071820002,265028.0,276.0872998046874,60.00359599304199,685.0
19,30,5,2018,14.0,15.533333333333331,95.0,76.0,0.3,25.0,181.0,2.0,50.0,770.3125,0.0250000071820002,265028.0,276.0872998046874,60.00359599304199,685.0
20,30,5,2018,15.0,15.233333333333333,66.0,81.0,0.4,40.0,167.0,2.0,50.0,770.3125,0.0250000071820002,265028.0,276.0872998046874,60.00359599304199,685.0
21,30,5,2018,20.0,15.366666666666667,73.0,96.0,0.4,44.0,143.0,2.0,50.0,770.0,0.0250000090810004,265404.0,276.0625,60.00429599761963,687.1875
22,30,5,2018,22.0,15.8,65.0,79.0,0.4,67.0,110.0,2.0,50.0,770.0,0.0250000090810004,265404.0,276.0625,60.00429599761963,687.1875
23,30,5,2018,19.0,16.2,63.0,76.0,0.4,52.0,114.0,2.0,50.0,770.0,0.0250000090810004,265404.0,276.0625,60.00429599761963,687.1875
0,31,5,2018,27.0,16.3,76.0,101.0,0.4,66.0,83.0,2.0,50.0,773.125,0.025000008475,265528.0,276.11970001220703,60.00331999206543,807.875
1,31,5,2018,26.0,16.2,78.0,105.0,0.4,87.0,57.0,2.0,50.0,773.125,0.025000008475,265528.0,276.11970001220703,60.00331999206543,807.875
2,31,5,2018,25.0,16.333333333333332,87.0,124.0,0.5,98.0,31.0,2.0,50.0,773.125,0.025000008475,265528.0,276.11970001220703,60.00331999206543,807.875
3,31,5,2018,30.0,16.6,89.0,128.0,0.5,103.0,2.0,2.0,50.0,778.6875,0.0250000072070006,265400.0,276.17589996337887,60.00185999298096,856.6124999999997
4,31,5,2018,32.0,17.133333333333333,92.0,134.0,0.5,103.0,2.0,2.0,50.0,778.6875,0.0250000072070006,265400.0,276.17589996337887,60.00185999298096,856.6124999999997
5,31,5,2018,29.0,17.6,93.0,136.0,0.5,103.0,2.0,2.0,50.0,778.6875,0.0250000072070006,265400.0,276.17589996337887,60.00185999298096,856.6124999999997
6,31,5,2018,35.0,18.33333333333333,99.0,148.0,0.7,97.0,18.0,3.0,50.0,781.9375,0.0250000064209997,265064.0,276.1931750640869,60.00569999694825,856.6124999999997
7,31,5,2018,50.0,19.6,100.0,150.0,1.0,79.0,42.0,7.0,50.0,781.9375,0.0250000064209997,265064.0,276.1931750640869,60.00569999694825,856.6124999999997
8,31,5,2018,53.0,20.666666666666668,102.0,153.0,1.0,69.0,68.0,12.0,50.0,781.9375,0.0250000064209997,265064.0,276.1931750640869,60.00569999694825,856.6124999999997
9,31,5,2018,47.0,21.766666666666666,79.0,107.0,1.0,53.0,110.0,13.0,50.0,779.6875,0.025000005415,264840.0,276.1931750640869,60.00465199279786,784.25
10,31,5,2018,52.0,22.866666666666667,71.0,87.0,0.9,53.0,140.0,12.0,50.0,779.6875,0.025000005415,264840.0,276.1931750640869,60.00465199279786,784.25
11,31,5,2018,49.0,23.8,90.0,88.0,0.9,38.0,181.0,11.0,50.0,779.6875,0.025000005415,264840.0,276.1931750640869,60.00465199279786,784.25
12,31,5,2018,48.0,24.666666666666668,114.0,87.0,0.9,34.0,181.0,9.0,50.0,778.0,0.0250000072969999,264984.0,276.1670999145508,60.002611991882326,685.25
13,31,5,2018,39.0,25.566666666666663,130.0,76.0,0.8,26.0,181.0,8.0,50.0,778.0,0.0250000072969999,264984.0,276.1670999145508,60.002611991882326,685.25
14,31,5,2018,32.0,26.466666666666665,130.0,38.0,0.6,18.0,181.0,5.0,50.0,778.0,0.0250000072969999,264984.0,276.1670999145508,60.002611991882326,685.25
15,31,5,2018,21.0,26.966666666666665,122.0,43.0,0.4,14.0,181.0,2.0,50.0,773.625,0.0250000077790003,265344.0,276.1232000732422,60.00144799804689,685.0
16,31,5,2018,23.0,27.2,127.0,61.0,0.4,15.0,181.0,2.0,50.0,773.625,0.0250000077790003,265344.0,276.1232000732422,60.00144799804689,685.0
17,31,5,2018,23.0,27.633333333333333,131.0,63.0,0.4,16.0,181.0,2.0,50.0,773.625,0.0250000077790003,265344.0,276.1232000732422,60.00144799804689,685.0
18,31,5,2018,21.0,27.666666666666668,123.0,70.0,0.4,20.0,181.0,2.0,50.0,769.125,0.0250000082790013,265244.0,276.077200012207,60.00247999572754,685.0
19,31,5,2018,18.0,27.6,105.0,70.0,0.3,25.0,181.0,2.0,50.0,769.125,0.0250000082790013,265244.0,276.077200012207,60.00247999572754,685.0
20,31,5,2018,25.0,28.0,79.0,107.0,0.4,44.0,172.0,2.0,50.0,769.125,0.0250000082790013,265244.0,276.077200012207,60.00247999572754,685.0
21,31,5,2018,63.0,29.73333333333333,91.0,132.0,0.5,69.0,124.0,2.0,50.0,767.375,0.0250000086880009,265404.0,276.0563998413086,60.00233599090576,685.625
22,31,5,2018,36.0,30.466666666666665,81.0,111.0,0.5,55.0,138.0,2.0,50.0,767.375,0.0250000086880009,265404.0,276.0563998413086,60.00233599090576,685.625
23,31,5,2018,31.0,31.133333333333333,64.0,78.0,0.5,72.0,107.0,3.0,50.0,767.375,0.0250000086880009,265404.0,276.0563998413086,60.00233599090576,685.625
0,1,6,2018,33.0,31.933333333333334,85.0,120.0,0.5,103.0,43.0,2.0,50.0,775.0625,0.025000007654,265460.0,276.1442999267578,60.00317199707031,807.4375
1,1,6,2018,27.0,32.36666666666667,72.0,93.0,0.5,103.0,42.0,2.333333333333333,50.0,775.0625,0.025000007654,265460.0,276.1442999267578,60.00317199707031,807.4375
2,1,6,2018,37.0,33.1,86.0,121.0,0.4666666666666667,103.0,8.0,2.6666666666666665,50.0,775.0625,0.025000007654,265460.0,276.1442999267578,60.00317199707031,807.4375
3,1,6,2018,36.0,33.63333333333333,77.0,104.0,0.4333333333333333,103.0,4.0,3.0,50.0,780.5625,0.0250000060130003,265216.0,276.1931750640869,60.00515599822998,856.6124999999997
4,1,6,2018,22.0,33.63333333333333,57.0,54.0,0.4,103.0,9.0,3.0,50.0,780.5625,0.0250000060130003,265216.0,276.1931750640869,60.00515599822998,856.6124999999997
5,1,6,2018,29.0,33.96666666666667,86.0,121.0,0.4,103.0,14.0,3.0,50.0,780.5625,0.0250000060130003,265216.0,276.1931750640869,60.00515599822998,856.6124999999997
6,1,6,2018,28.0,34.0,78.0,105.0,0.4,103.0,42.0,4.0,50.0,780.5625,0.025000004958,264864.0,276.1931750640869,60.00859599304199,856.6124999999997
7,1,6,2018,25.0,33.96666666666667,77.0,103.0,0.5,78.0,75.0,4.0,50.0,780.5625,0.025000004958,264864.0,276.1931750640869,60.00859599304199,856.6124999999997
8,1,6,2018,29.0,34.1,79.0,107.0,0.5,63.0,99.0,4.0,50.0,780.5625,0.025000004958,264864.0,276.1931750640869,60.00859599304199,856.6124999999997
9,1,6,2018,30.0,34.1,68.0,85.0,0.5,53.0,135.0,4.0,50.0,780.6875,0.0250000060380008,264604.0,276.1931750640869,60.0045719909668,784.125
10,1,6,2018,32.0,34.1,69.0,87.0,0.5,51.0,171.0,4.0,50.0,780.6875,0.0250000060380008,264604.0,276.1931750640869,60.0045719909668,784.125
11,1,6,2018,27.0,34.03333333333333,109.0,67.0,0.4,31.0,181.0,5.0,50.0,780.6875,0.0250000060380008,264604.0,276.1931750640869,60.0045719909668,784.125
12,1,6,2018,22.0,33.6,113.0,67.0,0.3,18.0,181.0,5.0,50.0,778.1875,0.0250000070060007,264696.0,276.1688998413086,60.00218399810791,685.25
13,1,6,2018,24.0,32.733333333333334,107.0,67.0,0.3,16.0,181.0,4.0,50.0,778.1875,0.0250000070060007,264696.0,276.1688998413086,60.00218399810791,685.25
14,1,6,2018,18.0,31.566666666666663,85.0,30.0,0.2,12.0,181.0,3.0,50.0,778.1875,0.0250000070060007,264696.0,276.1688998413086,60.00218399810791,685.25
15,1,6,2018,16.0,30.53333333333333,75.0,40.0,0.2,13.0,180.0,2.0,50.0,775.0625,0.0250000080949999,264836.0,276.128099975586,60.00123999786377,685.0
16,1,6,2018,30.0,29.8,102.0,61.0,0.3,21.0,181.0,3.0,50.0,775.0625,0.0250000080949999,264836.0,276.128099975586,60.00123999786377,685.0
17,1,6,2018,27.0,29.066666666666663,117.0,88.0,0.3,20.0,181.0,4.0,50.0,775.0625,0.0250000080949999,264836.0,276.128099975586,60.00123999786377,685.0
18,1,6,2018,24.0,28.266666666666666,113.0,53.0,0.3,19.0,181.0,4.0,50.0,771.8125,0.0250000080770012,264664.0,276.09979980468745,60.00211199188232,685.0
19,1,6,2018,23.0,27.73333333333333,108.0,93.0,0.4,25.0,181.0,4.0,50.0,771.8125,0.0250000080770012,264664.0,276.09979980468745,60.00211199188232,685.0
20,1,6,2018,31.0,27.7,81.0,107.0,0.4,37.0,181.0,4.0,50.0,771.8125,0.0250000080770012,264664.0,276.09979980468745,60.00211199188232,685.0
21,1,6,2018,32.0,28.066666666666663,81.0,111.0,0.5,43.0,164.0,4.0,50.0,770.9375,0.0250000087000001,264748.0,276.08509979248043,60.001991996765135,686.6875
22,1,6,2018,36.0,28.5,82.0,113.0,0.5,45.0,150.0,6.0,50.0,770.9375,0.0250000087000001,264748.0,276.08509979248043,60.001991996765135,686.6875
23,1,6,2018,36.0,28.933333333333334,83.0,115.0,0.5,47.0,137.0,7.0,50.0,770.9375,0.0250000087000001,264748.0,276.08509979248043,60.001991996765135,686.6875
0,2,6,2018,44.0,29.7,88.0,126.0,0.5,62.0,108.0,8.0,50.0,782.875,0.0250000083489995,264800.0,276.14009979248044,60.00164399719238,767.9375
1,2,6,2018,45.0,30.6,99.0,147.0,0.6,103.0,37.0,6.0,50.0,782.875,0.0250000083489995,264800.0,276.14009979248044,60.00164399719238,767.9375
2,2,6,2018,50.0,31.433333333333334,108.0,166.0,0.6,103.0,10.0,6.0,50.0,782.875,0.0250000083489995,264800.0,276.14009979248044,60.00164399719238,767.9375
3,2,6,2018,53.0,31.1,106.0,161.0,0.6,92.0,40.0,5.0,50.0,790.0625,0.0250000080760009,264420.0,276.18779998779297,60.00296399688721,822.75
4,2,6,2018,65.0,32.06666666666667,98.0,145.0,0.6,91.0,34.0,6.0,50.0,790.0625,0.0250000080760009,264420.0,276.18779998779297,60.00296399688721,822.75
5,2,6,2018,64.0,33.166666666666664,95.0,140.0,0.7,103.0,6.0,5.0,50.0,790.0625,0.0250000080760009,264420.0,276.18779998779297,60.00296399688721,822.75
6,2,6,2018,39.0,33.36666666666667,77.0,103.0,0.5,103.0,26.0,4.0,50.0,782.0625,0.0250000070920009,264088.0,276.1931750640869,60.00845999145508,856.6124999999997
7,2,6,2018,36.0,33.666666666666664,87.0,124.0,0.6,103.0,32.0,5.0,50.0,782.0625,0.0250000070920009,264088.0,276.1931750640869,60.00845999145508,856.6124999999997
8,2,6,2018,48.0,34.03333333333333,89.0,128.0,0.6,103.0,46.0,6.0,50.0,782.0625,0.0250000070920009,264088.0,276.1931750640869,60.00845999145508,856.6124999999997
9,2,6,2018,71.0,35.2,95.0,124.0,0.6,90.0,89.0,6.0,50.0,783.0625,0.0250000075790006,263740.0,276.1931750640869,60.00779599761963,785.8125
10,2,6,2018,47.0,36.03333333333333,96.0,141.0,0.7,83.0,120.0,7.0,50.0,783.0625,0.0250000075790006,263740.0,276.1931750640869,60.00779599761963,785.8125
11,2,6,2018,55.0,36.9,95.0,139.0,0.6,59.0,171.0,8.0,50.0,783.0625,0.0250000075790006,263740.0,276.1931750640869,60.00779599761963,785.8125
12,2,6,2018,65.0,38.13333333333333,123.0,133.0,0.7,32.0,181.0,17.0,50.0,785.0,0.025000008944001,263812.0,276.17369995117184,60.0020719909668,685.25
13,2,6,2018,80.0,39.96666666666667,148.0,184.0,0.9,29.0,181.0,17.0,50.0,785.0,0.025000008944001,263812.0,276.17369995117184,60.0020719909668,685.25
14,2,6,2018,77.0,41.56666666666667,158.0,114.0,0.8,20.0,181.0,17.0,50.0,785.0,0.025000008944001,263812.0,276.17369995117184,60.0020719909668,685.25
15,2,6,2018,58.0,42.5,151.0,93.0,0.7,14.0,181.0,17.0,50.00001874923706,781.375,0.0250000093070007,263892.0,276.142200012207,60.00461999511719,685.0
16,2,6,2018,49.0,43.06666666666667,145.0,129.0,0.6,15.0,181.0,17.0,50.00001874923706,781.375,0.0250000093070007,263892.0,276.142200012207,60.00461999511719,685.0
17,2,6,2018,47.0,43.73333333333333,146.0,133.0,0.6,15.0,181.0,13.0,50.00001874923706,781.375,0.0250000093070007,263892.0,276.142200012207,60.00461999511719,685.0
18,2,6,2018,58.0,44.93333333333333,145.0,137.0,0.7,17.0,181.0,12.0,50.0,779.25,0.0250000094159999,263772.0,276.12389984130857,60.00260399627685,685.0
19,2,6,2018,55.0,45.96666666666667,141.0,157.0,0.7,22.0,181.0,12.0,50.0,779.25,0.0250000094159999,263772.0,276.12389984130857,60.00260399627685,685.0
20,2,6,2018,59.0,47.333333333333336,127.0,150.0,0.8,29.0,181.0,10.0,50.0,779.25,0.0250000094159999,263772.0,276.12389984130857,60.00260399627685,685.0
21,2,6,2018,65.0,48.96666666666667,117.0,183.0,0.8,37.0,181.0,9.0,50.00003125190735,777.8125,0.0250000095700006,263860.0,276.11079986572264,60.00430799102783,685.625
22,2,6,2018,74.0,50.43333333333333,135.0,219.0,1.0,50.0,181.0,9.0,50.00003125190735,777.8125,0.0250000095700006,263860.0,276.11079986572264,60.00430799102783,685.625
23,2,6,2018,76.0,52.06666666666667,124.0,197.0,1.0,45.0,170.0,8.0,50.00003125190735,777.8125,0.0250000095700006,263860.0,276.11079986572264,60.00430799102783,685.625
0,3,6,2018,79.0,53.9,131.0,212.0,1.0,52.0,145.0,7.0,50.0,785.1875,0.0250000125410007,264336.0,276.1130999755859,60.00192799377442,748.875
1,3,6,2018,74.0,55.6,114.0,177.0,0.9,43.0,145.0,6.666666666666668,50.0,785.1875,0.0250000125410007,264336.0,276.1130999755859,60.00192799377442,748.875
2,3,6,2018,70.0,56.9,105.0,159.0,0.8333333333333334,42.0,132.0,6.333333333333332,50.0,785.1875,0.0250000125410007,264336.0,276.1130999755859,60.00192799377442,748.875
3,3,6,2018,64.0,57.96666666666667,101.0,152.0,0.7666666666666666,39.0,129.0,6.0,50.00034999847412,789.0625,0.0250000106930006,264268.0,276.1219000244141,60.00563199615478,758.3125
4,3,6,2018,69.0,59.06666666666667,106.0,162.0,0.7,41.0,123.5,6.0,50.00034999847412,789.0625,0.0250000106930006,264268.0,276.1219000244141,60.00563199615478,758.3125
5,3,6,2018,67.0,60.1,93.0,136.0,0.7,53.5,118.0,8.0,50.00034999847412,789.0625,0.0250000106930006,264268.0,276.1219000244141,60.00563199615478,758.3125
6,3,6,2018,71.0,61.0,114.0,178.0,0.8,66.0,80.0,6.0,50.0,790.875,0.0250000085010007,263896.0,276.16489990234373,60.00244399261474,784.5
7,3,6,2018,86.0,62.36666666666667,138.0,226.0,0.9,63.0,71.0,4.0,50.0,790.875,0.0250000085010007,263896.0,276.16489990234373,60.00244399261474,784.5
8,3,6,2018,80.0,63.36666666666667,120.0,189.0,0.9,76.0,57.0,2.0,50.0,790.875,0.0250000085010007,263896.0,276.16489990234373,60.00244399261474,784.5
9,3,6,2018,81.0,64.3,117.0,184.0,0.8,74.0,58.0,2.0,50.0,787.875,0.025000007867001,263736.0,276.1704998779297,60.00353999328613,745.8125
10,3,6,2018,90.0,65.13333333333334,137.0,223.0,1.0,92.0,45.0,2.0,50.0,787.875,0.025000007867001,263736.0,276.1704998779297,60.00353999328613,745.8125
11,3,6,2018,89.0,65.96666666666667,120.0,190.0,1.1,91.0,53.0,2.0,50.0,787.875,0.025000007867001,263736.0,276.1704998779297,60.00353999328613,745.8125
12,3,6,2018,55.0,66.5,75.0,119.5,0.6,41.0,99.0,2.0,50.0,788.1875,0.0250000087069999,264056.0,276.14009979248044,60.00216799163818,685.25
13,3,6,2018,18.0,65.9,49.0,49.0,0.5,30.0,117.0,2.0,50.0,788.1875,0.0250000087069999,264056.0,276.14009979248044,60.00216799163818,685.25
14,3,6,2018,31.0,65.33333333333333,45.0,54.33333333333334,0.4,18.0,143.0,3.0,50.0,788.1875,0.0250000087069999,264056.0,276.14009979248044,60.00216799163818,685.25
15,3,6,2018,36.0,64.16666666666667,51.0,59.66666666666666,0.3,12.0,159.0,2.0,50.0,783.875,0.0250000095570003,264204.0,276.1039999389648,60.00439999389648,685.0
16,3,6,2018,36.0,63.8,79.0,65.0,0.3,13.0,181.0,2.0,50.0,783.875,0.0250000095570003,264204.0,276.1039999389648,60.00439999389648,685.0
17,3,6,2018,43.0,63.4,120.0,190.0,0.4,19.0,172.0,2.0,50.0,783.875,0.0250000095570003,264204.0,276.1039999389648,60.00439999389648,685.0
18,3,6,2018,34.0,62.36666666666667,96.0,141.0,0.5,45.0,105.0,2.0,50.00008749961853,779.0625,0.0250000088640004,264148.0,276.07009979248045,60.0040239944458,685.0
19,3,6,2018,33.0,60.8,83.0,115.0,0.5,45.0,92.0,2.0,50.00008749961853,779.0625,0.0250000088640004,264148.0,276.07009979248045,60.0040239944458,685.0
20,3,6,2018,33.0,59.333333333333336,71.0,92.0,0.5,46.0,85.0,2.0,50.00008749961853,779.0625,0.0250000088640004,264148.0,276.07009979248045,60.0040239944458,685.0
21,3,6,2018,36.0,58.6,63.0,76.0,0.5,41.0,90.0,2.0,50.0,777.625,0.025000009153001,264296.0,276.05739990234366,60.00309999084472,685.625
22,3,6,2018,44.0,58.43333333333333,75.0,100.0,0.6,54.0,81.0,2.0,50.0,777.625,0.025000009153001,264296.0,276.05739990234366,60.00309999084472,685.625
23,3,6,2018,41.0,58.23333333333333,76.0,101.0,0.5,69.0,62.0,2.0,50.0,777.625,0.025000009153001,264296.0,276.05739990234366,60.00309999084472,685.625
0,4,6,2018,34.0,57.43333333333333,73.0,95.0,0.5,57.0,60.0,2.0,50.0,775.0625,0.0250000089689996,264172.0,276.13100006103514,60.00155199432373,808.5
1,4,6,2018,16.0,56.13333333333333,55.0,60.0,0.5,45.0,64.0,2.0,50.0,775.0625,0.0250000089689996,264172.0,276.13100006103514,60.00155199432373,808.5
2,4,6,2018,30.0,55.16666666666666,52.0,53.0,0.4,53.0,54.0,2.0,50.0,775.0625,0.0250000089689996,264172.0,276.13100006103514,60.00155199432373,808.5
3,4,6,2018,30.0,54.0,69.0,87.0,0.4,59.0,40.0,2.0,50.0,779.8125,0.0250000068690013,263748.0,276.1869998168945,60.00855199432373,856.6124999999997
4,4,6,2018,31.0,52.56666666666667,55.0,59.0,0.4,78.0,19.0,2.0,50.0,779.8125,0.0250000068690013,263748.0,276.1869998168945,60.00855199432373,856.6124999999997
5,4,6,2018,26.0,50.9,67.0,84.0,0.4,78.0,12.0,2.0,50.0,779.8125,0.0250000068690013,263748.0,276.1869998168945,60.00855199432373,856.6124999999997
6,4,6,2018,26.0,49.13333333333333,63.0,76.0,0.5,66.0,22.0,2.0,50.0,778.875,0.0250000044599995,263272.0,276.1931750640869,60.00911199188232,856.6124999999997
7,4,6,2018,25.0,47.5,63.0,76.0,0.5,52.0,47.0,2.0,50.0,778.875,0.0250000044599995,263272.0,276.1931750640869,60.00911199188232,856.6124999999997
8,4,6,2018,35.0,46.333333333333336,97.0,144.0,0.6,73.0,65.0,2.0,50.0,778.875,0.0250000044599995,263272.0,276.1931750640869,60.00911199188232,856.6124999999997
9,4,6,2018,45.0,45.7,86.0,122.0,0.6,63.0,120.0,2.0,50.0,780.3125,0.0250000054180007,262672.0,276.1931750640869,60.00911199188232,786.125
10,4,6,2018,39.0,44.7,88.0,126.0,0.5,41.0,120.0,2.0,50.0,780.3125,0.0250000054180007,262672.0,276.1931750640869,60.00911199188232,786.125
11,4,6,2018,48.0,44.06666666666667,66.0,83.0,0.4,22.0,141.0,2.0,50.0,780.3125,0.0250000054180007,262672.0,276.1931750640869,60.00911199188232,786.125
12,4,6,2018,28.0,42.63333333333333,48.0,40.0,0.3,16.0,153.0,2.0,50.0,777.75,0.0250000059840008,262688.0,276.18259979248046,60.00596799468994,685.3125
13,4,6,2018,20.0,40.43333333333333,50.0,49.0,0.2,11.0,160.0,2.0,50.0,777.75,0.0250000059840008,262688.0,276.18259979248046,60.00596799468994,685.3125
14,4,6,2018,30.0,38.766666666666666,70.0,75.0,0.2,12.0,176.0,2.0,50.0,777.75,0.0250000059840008,262688.0,276.18259979248046,60.00596799468994,685.3125
15,4,6,2018,24.0,36.86666666666667,84.0,92.0,0.3,13.0,181.0,2.0,50.0,774.3125,0.0250000057980008,262688.0,276.1560998535156,60.00641999816894,685.0
16,4,6,2018,26.0,34.733333333333334,93.0,105.0,0.3,15.0,181.0,2.0,50.0,774.3125,0.0250000057980008,262688.0,276.1560998535156,60.00641999816894,685.0
17,4,6,2018,27.0,32.666666666666664,90.0,99.0,0.3,17.0,181.0,2.0,50.0,774.3125,0.0250000057980008,262688.0,276.1560998535156,60.00641999816894,685.0
18,4,6,2018,30.0,31.83333333333333,101.0,139.0,0.3,19.0,181.0,2.0,50.0,772.875,0.0250000061840005,262536.0,276.13759979248044,60.00487999725342,685.0
19,4,6,2018,24.0,32.03333333333333,83.0,115.0,0.3,25.0,181.0,2.0,50.0,772.875,0.0250000061840005,262536.0,276.13759979248044,60.00487999725342,685.0
20,4,6,2018,28.0,31.933333333333334,105.0,159.0,0.4,28.0,177.0,3.0,50.0,772.875,0.0250000061840005,262536.0,276.13759979248044,60.00487999725342,685.0
21,4,6,2018,33.0,31.83333333333333,101.0,151.0,0.4,29.0,158.0,3.0,50.0,769.0,0.0250000068800002,262816.0,276.09169982910146,60.00264799499512,686.6875
22,4,6,2018,32.0,31.7,90.0,130.0,0.5,35.0,130.0,2.0,50.0,769.0,0.0250000068800002,262816.0,276.09169982910146,60.00264799499512,686.6875
23,4,6,2018,30.0,31.266666666666666,79.0,107.0,0.4,32.0,119.0,4.0,50.0,769.0,0.0250000068800002,262816.0,276.09169982910146,60.00264799499512,686.6875
0,5,6,2018,25.0,30.966666666666665,75.0,100.0,0.4,34.0,106.0,4.0,50.00001874923706,775.5,0.0250000074760001,262892.0,276.1557000732421,60.0020239944458,810.5
1,5,6,2018,28.0,30.8,87.0,123.0,0.4,44.0,87.0,3.0,50.00001874923706,775.5,0.0250000074760001,262892.0,276.1557000732421,60.0020239944458,810.5
2,5,6,2018,33.0,30.8,89.0,127.0,0.4333333333333333,48.0,76.0,4.0,50.00001874923706,775.5,0.0250000074760001,262892.0,276.1557000732421,60.0020239944458,810.5
3,5,6,2018,35.0,30.766666666666666,97.0,144.0,0.4666666666666667,92.0,31.0,5.0,50.0,780.75,0.0250000069420002,262608.0,276.1931750640869,60.00671199798584,856.6124999999997
4,5,6,2018,37.0,30.53333333333333,95.0,140.0,0.5,90.0,32.0,6.0,50.0,780.75,0.0250000069420002,262608.0,276.1931750640869,60.00671199798584,856.6124999999997
5,5,6,2018,38.0,30.433333333333334,96.0,142.0,0.6,93.5,33.0,8.0,50.0,780.75,0.0250000069420002,262608.0,276.1931750640869,60.00671199798584,856.6124999999997
6,5,6,2018,43.0,30.73333333333333,104.0,158.0,0.6,97.0,9.0,6.0,50.0,792.5625,0.0250000054219998,262336.0,276.1931750640869,60.00911199188232,842.875
7,5,6,2018,47.0,31.766666666666666,117.0,184.0,0.7,94.0,16.0,8.0,50.0,792.5625,0.0250000054219998,262336.0,276.1931750640869,60.00911199188232,842.875
8,5,6,2018,43.0,32.2,104.0,158.0,0.7,81.0,45.0,7.0,50.0,792.5625,0.0250000054219998,262336.0,276.1931750640869,60.00911199188232,842.875
9,5,6,2018,45.0,32.7,101.0,152.0,0.7,70.0,73.0,8.0,50.0,795.7468749999999,0.0250000060510002,262200.0,276.1931750640869,60.00714399719238,733.9375
10,5,6,2018,50.0,33.333333333333336,116.0,182.0,0.7,85.0,86.0,9.0,50.0,795.7468749999999,0.0250000060510002,262200.0,276.1931750640869,60.00714399719238,733.9375
11,5,6,2018,44.0,33.93333333333333,127.0,204.0,0.7,42.0,181.0,12.0,50.0,795.7468749999999,0.0250000060510002,262200.0,276.1931750640869,60.00714399719238,733.9375
12,5,6,2018,52.0,34.8,115.0,125.0,0.6,30.0,181.0,9.0,50.0,785.3125,0.0250000061390008,262500.0,276.1931750640869,60.00559599304199,685.3125
13,5,6,2018,54.0,35.766666666666666,146.0,192.0,0.8,27.0,181.0,10.0,50.0,785.3125,0.0250000061390008,262500.0,276.1931750640869,60.00559599304199,685.3125
14,5,6,2018,46.0,36.13333333333333,150.0,111.0,0.7,24.0,181.0,9.0,50.0,785.3125,0.0250000061390008,262500.0,276.1931750640869,60.00559599304199,685.3125
15,5,6,2018,59.0,36.6,134.0,105.0,0.4,22.0,181.0,8.0,50.0,781.0,0.0250000059629995,262716.0,276.1805999755859,60.00582399749756,685.0
16,5,6,2018,36.0,36.5,124.0,139.0,0.4,21.0,181.0,8.0,50.0,781.0,0.0250000059629995,262716.0,276.1805999755859,60.00582399749756,685.0
17,5,6,2018,40.0,36.23333333333333,122.0,168.0,0.4,27.0,181.0,8.0,50.0,781.0,0.0250000059629995,262716.0,276.1805999755859,60.00582399749756,685.0
18,5,6,2018,34.0,36.43333333333333,118.0,172.0,0.4,33.0,181.0,8.0,50.0,777.25,0.0250000065730009,262632.0,276.14160003662107,60.00445599365234,685.0
19,5,6,2018,39.0,37.06666666666667,108.0,166.0,0.5,55.0,181.0,6.0,50.0,777.25,0.0250000065730009,262632.0,276.14160003662107,60.00445599365234,685.0
20,5,6,2018,40.0,37.4,113.0,176.0,0.5,70.0,141.0,5.0,50.0,777.25,0.0250000065730009,262632.0,276.14160003662107,60.00445599365234,685.0
21,5,6,2018,41.0,37.96666666666667,110.0,169.0,0.6,82.0,107.0,7.0,50.0,773.75,0.0250000066069997,262820.0,276.11169982910155,60.00121199798584,685.6875
22,5,6,2018,38.0,38.36666666666667,98.0,146.0,0.6,45.0,132.0,8.0,50.0,773.75,0.0250000066069997,262820.0,276.11169982910155,60.00121199798584,685.6875
23,5,6,2018,36.0,38.66666666666666,97.0,143.0,0.6,40.0,127.0,8.0,50.0,773.75,0.0250000066069997,262820.0,276.11169982910155,60.00121199798584,685.6875
0,6,6,2018,38.0,38.93333333333333,99.0,147.0,0.6,50.0,109.0,9.0,50.0,789.25,0.0250000076030008,263056.0,276.1457998657225,60.0015239944458,735.6875
1,6,6,2018,39.0,39.43333333333333,96.0,141.0,0.5,46.0,110.0,8.0,50.0,789.25,0.0250000076030008,263056.0,276.1457998657225,60.0015239944458,735.6875
2,6,6,2018,41.0,39.86666666666667,106.0,162.0,0.5,53.0,94.0,6.0,50.0,789.25,0.0250000076030008,263056.0,276.1457998657225,60.0015239944458,735.6875
3,6,6,2018,41.0,40.13333333333333,116.0,182.0,0.5,53.0,83.0,6.0,50.0,782.5,0.0250000071860011,262988.0,276.18369995117183,60.00353999328613,856.6124999999997
4,6,6,2018,39.0,40.36666666666667,108.0,165.0,0.5,66.0,59.0,6.0,50.0,782.5,0.0250000071860011,262988.0,276.18369995117183,60.00353999328613,856.6124999999997
5,6,6,2018,44.0,40.833333333333336,102.0,153.0,0.5,66.0,56.0,7.0,50.0,782.5,0.0250000071860011,262988.0,276.18369995117183,60.00353999328613,856.6124999999997
6,6,6,2018,43.0,41.43333333333333,109.0,168.0,0.6,95.0,27.0,6.0,50.00001250267029,791.0,0.0250000084470007,262916.0,276.1931750640869,60.0017799911499,826.625
7,6,6,2018,47.0,42.06666666666667,105.0,160.0,0.6,82.0,45.0,7.0,50.00001250267029,791.0,0.0250000084470007,262916.0,276.1931750640869,60.0017799911499,826.625
8,6,6,2018,52.0,42.7,111.0,171.0,0.6,68.0,72.0,9.0,50.00001250267029,791.0,0.0250000084470007,262916.0,276.1931750640869,60.0017799911499,826.625
9,6,6,2018,54.0,43.333333333333336,119.0,187.0,0.7,66.0,92.0,9.0,50.0,791.375,0.0250000091380011,262872.0,276.1931750640869,60.00435999298096,755.0625
10,6,6,2018,54.0,43.9,117.0,183.0,0.7,77.0,100.0,8.0,50.0,791.375,0.0250000091380011,262872.0,276.1931750640869,60.00435999298096,755.0625
11,6,6,2018,56.0,44.5,111.0,171.0,0.8,80.0,125.0,8.0,50.0,791.375,0.0250000091380011,262872.0,276.1931750640869,60.00435999298096,755.0625
12,6,6,2018,62.0,45.13333333333333,108.0,166.0,0.7,57.0,181.0,10.0,50.0,788.875,0.0250000098710004,263260.0,276.17449981689447,60.0035119934082,685.3125
13,6,6,2018,61.0,45.6,119.0,171.0,0.6,40.0,181.0,10.0,50.0,788.875,0.0250000098710004,263260.0,276.17449981689447,60.0035119934082,685.3125
14,6,6,2018,57.0,46.06666666666667,142.0,165.0,0.6,28.0,181.0,10.0,50.0,788.875,0.0250000098710004,263260.0,276.17449981689447,60.0035119934082,685.3125
15,6,6,2018,59.0,46.53333333333333,154.0,188.0,0.6,29.0,181.0,10.0,50.0,786.6875,0.0250000095530003,263276.0,276.1603997802734,60.00274799346924,685.0
16,6,6,2018,64.0,47.0,156.0,197.0,0.7,32.0,181.0,11.0,50.0,786.6875,0.0250000095530003,263276.0,276.1603997802734,60.00274799346924,685.0
17,6,6,2018,63.0,47.63333333333333,158.0,204.0,0.7,33.0,181.0,12.0,50.0,786.6875,0.0250000095530003,263276.0,276.1603997802734,60.00274799346924,685.0
18,6,6,2018,65.0,48.06666666666667,149.0,183.0,0.8,38.0,181.0,11.0,50.00026875495911,786.5,0.0250000093360003,263824.0,276.1605999755859,60.00433599090576,685.0
19,6,6,2018,59.0,48.23333333333333,127.0,195.0,0.9,59.0,181.0,10.0,50.00026875495911,786.5,0.0250000093360003,263824.0,276.1605999755859,60.00433599090576,685.0
20,6,6,2018,67.0,48.93333333333333,130.0,210.0,1.0,79.0,181.0,10.0,50.00026875495911,786.5,0.0250000093360003,263824.0,276.1605999755859,60.00433599090576,685.0
21,6,6,2018,70.0,49.3,136.0,221.0,1.0,78.0,161.0,8.0,50.0,780.5,0.0250000092990007,264240.0,276.11419982910155,60.00217599487305,687.3125
22,6,6,2018,70.0,50.43333333333333,127.0,204.0,1.0,69.0,155.0,9.0,50.0,780.5,0.0250000092990007,264240.0,276.11419982910155,60.00217599487305,687.3125
23,6,6,2018,60.0,51.1,122.0,194.0,0.9,63.0,150.0,8.0,50.0,780.5,0.0250000092990007,264240.0,276.11419982910155,60.00217599487305,687.3125
0,7,6,2018,65.0,52.13333333333333,114.0,178.0,0.9,64.0,145.0,8.0,50.0,777.75,0.0250000092300009,264520.0,276.13399993896485,60.00076399230957,797.5
1,7,6,2018,61.0,52.86666666666667,118.0,185.0,0.9,82.0,118.0,8.0,50.0,777.75,0.0250000092300009,264520.0,276.13399993896485,60.00076399230957,797.5
2,7,6,2018,67.0,53.766666666666666,131.0,211.0,0.6666666666666667,73.0,113.0,6.5,50.0,777.75,0.0250000092300009,264520.0,276.13399993896485,60.00076399230957,797.5
3,7,6,2018,40.0,53.73333333333333,56.0,42.0,0.4333333333333334,27.0,136.0,5.0,50.0,780.5,0.0250000101190004,264240.0,276.1632998657226,60.00573599243164,856.6124999999997
4,7,6,2018,15.0,52.96666666666667,50.0,50.0,0.2,15.0,121.0,2.0,50.0,780.5,0.0250000101190004,264240.0,276.1632998657226,60.00573599243164,856.6124999999997
5,7,6,2018,9.0,52.06666666666667,104.0,157.0,0.2,15.5,106.0,2.0,50.0,780.5,0.0250000101190004,264240.0,276.1632998657226,60.00573599243164,856.6124999999997
6,7,6,2018,5.0,50.96666666666667,59.0,68.0,0.2,16.0,97.0,2.0,50.00004375457764,787.625,0.0250000077100005,264028.0,276.1931750640869,60.00881999206543,843.125
7,7,6,2018,4.0,49.8,35.0,35.0,0.3,20.0,97.0,2.0,50.00004375457764,787.625,0.0250000077100005,264028.0,276.1931750640869,60.00881999206543,843.125
8,7,6,2018,8.0,48.7,37.0,37.0,0.3,19.0,101.0,2.0,50.00004375457764,787.625,0.0250000077100005,264028.0,276.1931750640869,60.00881999206543,843.125
9,7,6,2018,6.0,47.53333333333333,36.0,25.0,0.3,13.0,115.0,2.0,50.00028750419618,785.0625,0.0250000075630005,263924.0,276.18869995117177,60.00339199066162,766.3125
10,7,6,2018,13.0,46.66666666666666,40.0,24.0,0.3,12.0,127.0,2.0,50.00028750419618,785.0625,0.0250000075630005,263924.0,276.18869995117177,60.00339199066162,766.3125
11,7,6,2018,14.0,45.66666666666666,48.0,45.0,0.4,12.0,153.0,2.0,50.00028750419618,785.0625,0.0250000075630005,263924.0,276.18869995117177,60.00339199066162,766.3125
12,7,6,2018,19.0,44.86666666666667,80.0,55.0,0.4,13.0,181.0,2.0,50.00010624885559,777.375,0.0250000070270001,264380.0,276.14419982910147,60.00636799621582,685.3125
13,7,6,2018,19.0,43.93333333333333,86.0,46.0,0.5,12.0,181.0,2.0,50.00010624885559,777.375,0.0250000070270001,264380.0,276.14419982910147,60.00636799621582,685.3125
14,7,6,2018,12.0,42.6,71.0,25.0,0.4,15.0,177.0,2.0,50.00010624885559,777.375,0.0250000070270001,264380.0,276.14419982910147,60.00636799621582,685.3125
15,7,6,2018,14.0,41.266666666666666,61.0,63.0,0.4,21.0,169.0,2.0,50.0,775.5625,0.0250000084499996,264668.0,276.11259979248047,60.00193999481201,685.0
16,7,6,2018,16.0,40.0,60.0,70.0,0.4,24.0,152.0,2.0,50.0,775.5625,0.0250000084499996,264668.0,276.11259979248047,60.00193999481201,685.0
17,7,6,2018,6.0,38.333333333333336,43.0,68.5,0.3,27.0,136.0,2.0,50.0,775.5625,0.0250000084499996,264668.0,276.11259979248047,60.00193999481201,685.0
18,7,6,2018,15.0,36.766666666666666,59.0,67.0,0.3,22.0,124.0,2.0,50.0,774.3125,0.0250000091340001,264688.0,276.0952999877929,60.00171999359131,685.0
19,7,6,2018,15.0,35.233333333333334,107.0,163.0,0.5,42.0,99.0,2.0,50.0,774.3125,0.0250000091340001,264688.0,276.0952999877929,60.00171999359131,685.0
20,7,6,2018,19.0,33.96666666666667,37.0,118.5,0.4,29.0,118.0,2.0,50.0,774.3125,0.0250000091340001,264688.0,276.0952999877929,60.00171999359131,685.0
21,7,6,2018,12.0,32.4,62.0,74.0,0.4,32.0,105.0,2.0,50.0,772.875,0.0250000091910008,264716.0,276.0819998168945,60.00343599700928,686.5
22,7,6,2018,15.0,30.766666666666666,72.0,93.0,0.4,35.0,105.0,2.0,50.0,772.875,0.0250000091910008,264716.0,276.0819998168945,60.00343599700928,686.5
23,7,6,2018,17.0,29.23333333333333,59.0,68.0,0.5,44.0,92.0,2.0,50.0,772.875,0.0250000091910008,264716.0,276.0819998168945,60.00343599700928,686.5
0,8,6,2018,22.0,27.8,61.0,72.0,0.6,87.0,32.0,2.0,50.0,781.0,0.0250000080430004,264816.0,276.12779998779297,60.00269599151611,768.5
1,8,6,2018,21.0,26.53333333333333,67.0,83.0,0.5,89.0,16.0,2.0,50.0,781.0,0.0250000080430004,264816.0,276.12779998779297,60.00269599151611,768.5
2,8,6,2018,22.0,25.03333333333333,81.0,112.0,0.5,75.0,20.0,2.0,50.0,781.0,0.0250000080430004,264816.0,276.12779998779297,60.00269599151611,768.5
3,8,6,2018,18.0,23.3,73.0,95.0,0.4,46.0,32.0,2.0,50.0,780.25,0.0250000066050011,264556.0,276.166900024414,60.00669199371338,856.6124999999997
4,8,6,2018,16.0,21.5,25.0,25.0,0.4,30.0,41.0,2.0,50.0,780.25,0.0250000066050011,264556.0,276.166900024414,60.00669199371338,856.6124999999997
5,8,6,2018,14.0,19.966666666666665,23.0,17.0,0.4,45.0,29.0,2.0,50.0,780.25,0.0250000066050011,264556.0,276.166900024414,60.00669199371338,856.6124999999997
6,8,6,2018,20.0,18.466666666666665,52.0,54.0,0.5,68.0,12.0,2.0,50.0,787.3125,0.0250000068210009,264260.0,276.18100006103515,60.00633199310303,821.0
7,8,6,2018,26.0,17.3,73.0,95.0,0.6,70.0,19.0,2.0,50.0,787.3125,0.0250000068210009,264260.0,276.18100006103515,60.00633199310303,821.0
8,8,6,2018,25.0,15.9,68.0,86.0,0.6,68.0,31.0,2.0,50.0,787.3125,0.0250000068210009,264260.0,276.18100006103515,60.00633199310303,821.0
9,8,6,2018,22.0,15.3,48.0,48.0,0.5,56.0,50.0,2.0,50.0,783.375,0.025000007294001,264008.0,276.1780999755859,60.00844799804688,766.3125
10,8,6,2018,52.0,16.533333333333335,24.0,42.85714285714285,0.4,42.0,77.0,2.0,50.0,783.375,0.025000007294001,264008.0,276.1780999755859,60.00844799804688,766.3125
11,8,6,2018,82.0,18.966666666666665,109.0,37.71428571428572,0.3,15.0,126.0,2.0,50.0,783.375,0.025000007294001,264008.0,276.1780999755859,60.00844799804688,766.3125
12,8,6,2018,165.0,26.466666666666665,224.0,32.57142857142857,0.2,7.0,133.0,2.0,50.0,783.0,0.0250000080869998,264008.0,276.1508999633789,60.00391199493408,685.3125
14,8,6,2018,165.0,32.15,47.0,27.42857142857143,0.3,10.0,150.0,2.0,50.0,783.0,0.0250000080869998,264008.0,276.1508999633789,60.00391199493408,685.3125
15,8,6,2018,119.0,35.85,55.0,22.285714285714285,0.3,8.0,164.0,2.0,50.00020000457764,782.3125,0.0250000096580004,263940.0,276.13279998779296,60.00426399230957,685.0
16,8,6,2018,63.5,37.766666666666666,66.0,17.142857142857142,0.3,11.0,173.0,2.0,50.00020000457764,782.3125,0.0250000096580004,263940.0,276.13279998779296,60.00426399230957,685.0
17,8,6,2018,8.0,37.6,68.0,12.0,0.3,21.0,174.0,2.0,50.00020000457764,782.3125,0.0250000096580004,263940.0,276.13279998779296,60.00426399230957,685.0
18,8,6,2018,14.0,37.6,79.0,29.0,0.4,20.0,181.0,2.0,50.0,781.5625,0.0250000101860007,263700.0,276.1232000732422,60.00467199707031,685.0
19,8,6,2018,17.0,37.53333333333333,70.0,51.0,0.4,26.0,176.0,2.0,50.0,781.5625,0.0250000101860007,263700.0,276.1232000732422,60.00467199707031,685.0
20,8,6,2018,30.0,37.9,63.0,76.0,0.5,30.0,163.0,2.0,50.0,781.5625,0.0250000101860007,263700.0,276.1232000732422,60.00467199707031,685.0
21,8,6,2018,35.0,38.66666666666666,76.0,102.0,0.6,43.0,122.0,2.0,50.00035625457764,780.0625,0.0250000100340005,264024.0,276.11209991455075,60.00809999847412,685.9375
22,8,6,2018,40.0,39.53333333333333,86.0,122.0,0.6,43.0,107.0,2.0,50.00035625457764,780.0625,0.0250000100340005,264024.0,276.11209991455075,60.00809999847412,685.9375
23,8,6,2018,47.0,40.56666666666667,92.0,134.0,0.7,46.0,91.0,2.0,50.00035625457764,780.0625,0.0250000100340005,264024.0,276.11209991455075,60.00809999847412,685.9375
8,9,6,2018,9.0,40.66666666666666,28.0,27.0,0.4,33.0,88.0,2.0,50.00035625457764,780.0625,0.0250000100340005,264024.0,276.11209991455075,60.00809999847412,685.9375
9,9,6,2018,10.0,40.5,25.0,23.0,0.4,37.0,80.0,2.0,50.00041218996048,785.0625,0.0250000114250006,263812.0,276.0713000488281,60.00311199188232,702.875
10,9,6,2018,10.0,40.333333333333336,27.0,22.0,0.4,27.0,86.0,2.0,50.00041218996048,785.0625,0.0250000114250006,263812.0,276.0713000488281,60.00311199188232,702.875
20,9,6,2018,15.0,40.2,28.0,25.33333333333333,0.6,30.0,91.0,2.0,50.00041218996048,785.0625,0.0250000114250006,263812.0,276.0713000488281,60.00311199188232,702.875
21,9,6,2018,17.0,40.36666666666667,28.0,28.66666666666667,0.6,27.0,90.0,2.0,50.00003749847412,780.125,0.0250000110590001,263568.0,276.0426998901367,60.00229999542236,686.4375
22,9,6,2018,17.0,40.43333333333333,32.0,32.0,0.5,46.0,60.0,2.0,50.00003749847412,780.125,0.0250000110590001,263568.0,276.0426998901367,60.00229999542236,686.4375
23,9,6,2018,27.0,40.766666666666666,50.0,50.0,0.6,61.0,35.0,2.0,50.00003749847412,780.125,0.0250000110590001,263568.0,276.0426998901367,60.00229999542236,686.4375
0,10,6,2018,28.0,40.96666666666667,40.0,32.0,0.6,55.0,32.0,2.0,50.00004375457764,772.0,0.0250000105560002,263616.0,276.0869998168945,60.00385199737549,806.0
1,10,6,2018,23.0,41.03333333333333,33.0,30.66666666666667,0.5,41.0,39.0,2.0,50.00004375457764,772.0,0.0250000105560002,263616.0,276.0869998168945,60.00385199737549,806.0
2,10,6,2018,22.0,41.03333333333333,31.0,29.33333333333333,0.5,48.0,32.0,2.0,50.00004375457764,772.0,0.0250000105560002,263616.0,276.0869998168945,60.00385199737549,806.0
3,10,6,2018,22.0,41.16666666666666,31.0,28.0,0.5,57.0,14.0,2.0,50.00008125305176,780.5,0.0250000098870005,263300.0,276.1157000732422,60.005815994262704,838.5
4,10,6,2018,20.0,41.3,29.0,25.66666666666667,0.5,38.0,31.0,2.0,50.00008125305176,780.5,0.0250000098870005,263300.0,276.1157000732422,60.005815994262704,838.5
5,10,6,2018,20.0,41.5,29.0,23.33333333333333,0.5,30.0,35.0,2.0,50.00008125305176,780.5,0.0250000098870005,263300.0,276.1157000732422,60.005815994262704,838.5
6,10,6,2018,18.0,41.43333333333333,26.0,21.0,0.4,38.0,35.0,2.0,50.0,776.125,0.0250000094320001,263076.0,276.1316000366211,60.003303993225096,856.6124999999997
7,10,6,2018,21.0,41.266666666666666,30.0,28.0,0.5,35.0,35.0,2.0,50.0,776.125,0.0250000094320001,263076.0,276.1316000366211,60.003303993225096,856.6124999999997
9,10,6,2018,22.0,41.16666666666666,33.0,33.0,0.4,19.0,103.0,2.0,50.0,781.1875,0.0250000099760005,262788.0,276.13399993896485,60.00797999572754,764.125
10,10,6,2018,18.0,41.03333333333333,35.0,30.0,0.4,19.0,111.0,2.0,50.0,781.1875,0.0250000099760005,262788.0,276.13399993896485,60.00797999572754,764.125
17,10,6,2018,41.0,40.66666666666666,101.0,37.5,0.9,10.0,181.0,2.0,50.0,781.1875,0.0250000099760005,262788.0,276.13399993896485,60.00797999572754,764.125
18,10,6,2018,35.0,39.1,94.0,45.0,0.8,13.0,181.0,2.0,50.0,772.0,0.0250000107900006,262904.0,276.06039978027337,60.00203199768068,685.0
19,10,6,2018,40.0,32.766666666666666,74.0,56.0,0.9,18.0,179.0,2.0,50.0,772.0,0.0250000107900006,262904.0,276.06039978027337,60.00203199768068,685.0
21,10,6,2018,39.0,28.25,55.0,54.0,0.8,24.0,146.0,2.0,50.0,771.5625,0.0250000104180006,263028.0,276.05959991455074,60.00197999572754,686.6875
22,10,6,2018,43.0,25.716666666666665,60.0,57.0,0.8,29.0,122.0,2.0,50.0,771.5625,0.0250000104180006,263028.0,276.05959991455074,60.00197999572754,686.6875
23,10,6,2018,55.0,25.433333333333334,75.0,61.0,0.7,30.0,111.0,2.0,50.0,771.5625,0.0250000104180006,263028.0,276.05959991455074,60.00197999572754,686.6875
0,11,6,2018,65.0,27.33333333333333,88.0,68.6,0.7,29.0,100.0,2.0,50.0,782.5,0.0250000109690008,263012.0,276.079700012207,60.003887992858886,731.6875
1,11,6,2018,67.0,29.1,90.0,76.2,0.8,27.0,94.0,2.0,50.0,782.5,0.0250000109690008,263012.0,276.079700012207,60.003887992858886,731.6875
2,11,6,2018,70.0,30.866666666666667,94.0,83.8,0.8,29.0,85.0,2.0,50.0,782.5,0.0250000109690008,263012.0,276.079700012207,60.003887992858886,731.6875
3,11,6,2018,73.0,32.3,98.0,91.4,0.8,26.0,74.0,2.0,50.0,788.875,0.0250000109950006,262644.0,276.11489990234367,60.00386399078369,750.3125
4,11,6,2018,75.0,33.63333333333333,100.0,99.0,0.8,27.66666666666667,63.0,2.0,50.0,788.875,0.0250000109950006,262644.0,276.11489990234367,60.00386399078369,750.3125
5,11,6,2018,76.0,34.833333333333336,101.0,96.9090909090909,0.7,29.33333333333333,52.0,2.0,50.0,788.875,0.0250000109950006,262644.0,276.11489990234367,60.00386399078369,750.3125
6,11,6,2018,74.0,35.733333333333334,99.0,94.8181818181818,0.7,31.0,51.0,2.0,50.0,793.4375,0.0250000111330002,262420.0,276.1417999267578,60.00638799285888,739.6875
7,11,6,2018,81.0,38.13333333333333,108.0,92.72727272727272,0.7,38.0,40.0,2.0,50.0,793.4375,0.0250000111330002,262420.0,276.1417999267578,60.00638799285888,739.6875
8,11,6,2018,79.0,40.43333333333333,105.0,90.63636363636364,0.7,28.0,59.0,2.0,50.0,793.4375,0.0250000111330002,262420.0,276.1417999267578,60.00638799285888,739.6875
9,11,6,2018,67.0,42.333333333333336,90.0,88.54545454545455,0.6,25.0,82.0,2.0,50.00003125190735,791.4375,0.0250000113200005,262060.0,276.14660003662107,60.00405199432373,725.5625
11,11,6,2018,63.0,43.93333333333333,85.0,86.45454545454545,0.6,16.0,135.0,2.0,50.00003125190735,791.4375,0.0250000113200005,262060.0,276.14660003662107,60.00405199432373,725.5625
12,11,6,2018,68.0,45.63333333333333,91.0,84.36363636363636,0.7,17.0,151.0,2.0,50.00001874923706,791.125,0.0250000114060007,262252.0,276.13190002441405,60.006283996582034,685.3125
13,11,6,2018,81.0,47.766666666666666,108.0,82.27272727272728,0.7,18.0,160.0,2.0,50.00001874923706,791.125,0.0250000114060007,262252.0,276.13190002441405,60.006283996582034,685.3125
14,11,6,2018,81.0,49.56666666666667,108.0,80.18181818181819,0.7,16.0,175.0,2.0,50.00001874923706,791.125,0.0250000114060007,262252.0,276.13190002441405,60.006283996582034,685.3125
15,11,6,2018,74.0,51.1,99.0,78.0909090909091,0.6,14.0,181.0,2.0,50.0,787.3125,0.0250000122440001,262540.0,276.1025997924804,60.00260399627685,685.0
16,11,6,2018,73.0,52.766666666666666,98.0,76.0,0.6,15.0,181.0,2.0,50.0,787.3125,0.0250000122440001,262540.0,276.1025997924804,60.00260399627685,685.0
17,11,6,2018,67.0,54.266666666666666,93.0,86.0,0.6,14.0,181.0,2.0,50.0,787.3125,0.0250000122440001,262540.0,276.1025997924804,60.00260399627685,685.0
18,11,6,2018,61.0,55.56666666666667,84.0,87.0,0.6,17.0,181.0,2.0,50.0,785.9375,0.0250000131410006,262440.0,276.0902999877929,60.003715995788575,685.0
19,11,6,2018,58.0,56.833333333333336,79.0,79.0,0.6,20.0,178.0,2.0,50.0,785.9375,0.0250000131410006,262440.0,276.0902999877929,60.003715995788575,685.0
20,11,6,2018,60.0,58.16666666666666,81.0,92.0,0.7,33.0,161.0,2.0,50.0,785.9375,0.0250000131410006,262440.0,276.0902999877929,60.003715995788575,685.0
22,11,6,2018,61.0,59.6,83.0,100.0,0.7,32.0,147.0,2.0,50.0,785.9375,0.0250000131410006,262440.0,276.0902999877929,60.003715995788575,685.0
23,11,6,2018,71.0,61.266666666666666,95.0,107.0,0.7,38.0,125.0,2.0,50.0,785.9375,0.0250000131410006,262440.0,276.0902999877929,60.003715995788575,685.0
0,12,6,2018,71.0,62.9,95.0,105.0,0.7,43.0,115.0,2.0,50.0,778.4375,0.0250000131350001,262548.0,276.11850006103515,60.00216399383545,804.75
1,12,6,2018,80.0,64.96666666666667,106.0,108.0,0.7,68.0,79.0,2.0,50.0,778.4375,0.0250000131350001,262548.0,276.11850006103515,60.00216399383545,804.75
2,12,6,2018,84.0,66.4,111.0,141.0,0.8,99.0,29.0,2.0,50.0,778.4375,0.0250000131350001,262548.0,276.11850006103515,60.00216399383545,804.75
3,12,6,2018,105.0,68.73333333333333,138.0,126.0,0.8,77.0,35.0,2.0,50.0,782.6875,0.0250000131980003,262280.0,276.1527999877929,60.00343999481201,856.6124999999997
4,12,6,2018,102.0,70.8,134.0,137.0,0.8,103.0,4.0,2.0,50.0,782.6875,0.0250000131980003,262280.0,276.1527999877929,60.00343999481201,856.6124999999997
5,12,6,2018,105.0,73.0,138.0,133.0,0.8,103.0,2.0,2.0,50.0,782.6875,0.0250000131980003,262280.0,276.1527999877929,60.00343999481201,856.6124999999997
6,12,6,2018,108.0,75.16666666666667,141.0,142.0,0.8,86.0,12.0,2.0,50.00041218996048,789.75,0.0250000119110001,261908.0,276.1931750640869,60.00532399749756,856.6124999999997
7,12,6,2018,102.0,76.73333333333333,134.0,109.0,0.8,71.0,28.0,2.0,50.00041218996048,789.75,0.0250000119110001,261908.0,276.1931750640869,60.00532399749756,856.6124999999997
8,12,6,2018,114.0,78.36666666666666,149.0,133.0,0.9,64.0,51.0,2.0,50.00041218996048,789.75,0.0250000119110001,261908.0,276.1931750640869,60.00532399749756,856.6124999999997
9,12,6,2018,139.0,80.76666666666667,184.0,144.0,1.1,63.0,77.0,2.0,50.00041218996048,790.125,0.0250000136160003,261972.0,276.1494998168945,60.00693199157715,741.0625
10,12,6,2018,134.0,82.9,177.0,135.0,1.2,57.0,114.0,3.0,50.00041218996048,790.125,0.0250000136160003,261972.0,276.1494998168945,60.00693199157715,741.0625
11,12,6,2018,120.0,84.46666666666667,157.0,124.0,1.1,37.0,181.0,3.0,50.00041218996048,790.125,0.0250000136160003,261972.0,276.1494998168945,60.00693199157715,741.0625
12,12,6,2018,95.0,85.13333333333334,125.0,100.0,0.9,19.0,181.0,3.0,50.00041218996048,779.9375,0.0250000123030003,262224.0,276.11799987792966,60.00145999145508,685.3125
13,12,6,2018,89.0,85.56666666666666,122.0,100.0,0.8,14.0,181.0,3.0,50.00041218996048,779.9375,0.0250000123030003,262224.0,276.11799987792966,60.00145999145508,685.3125
14,12,6,2018,71.0,85.46666666666667,124.0,93.0,0.7,12.0,181.0,3.0,50.00041218996048,779.9375,0.0250000123030003,262224.0,276.11799987792966,60.00145999145508,685.3125
15,12,6,2018,61.0,84.8,134.0,93.0,0.8,14.0,181.0,3.0,50.00041218996048,780.375,0.0250000129690002,262248.0,276.11630004882807,60.00299199676514,685.0
16,12,6,2018,68.0,84.43333333333334,129.0,103.0,0.8,24.0,181.0,3.0,50.00041218996048,780.375,0.0250000129690002,262248.0,276.11630004882807,60.00299199676514,685.0
17,12,6,2018,56.0,84.06666666666666,110.0,110.0,0.8,34.0,181.0,2.0,50.00041218996048,780.375,0.0250000129690002,262248.0,276.11630004882807,60.00299199676514,685.0
18,12,6,2018,73.0,84.4,98.0,117.0,0.9,40.0,181.0,2.0,50.0,777.625,0.0250000123320007,262156.0,276.0985998535156,60.00387599182129,685.0
19,12,6,2018,83.0,84.9,110.0,87.0,0.9,41.0,179.0,2.0,50.0,777.625,0.0250000123320007,262156.0,276.0985998535156,60.00387599182129,685.0
20,12,6,2018,69.0,84.5,93.0,87.0,0.8,45.0,161.0,2.0,50.0,777.625,0.0250000123320007,262156.0,276.0985998535156,60.00387599182129,685.0
21,12,6,2018,73.0,84.23333333333333,98.0,80.0,0.9,51.0,135.0,2.0,50.00015625,775.125,0.0250000118240006,262280.0,276.0817999267578,60.00515599822998,685.625
22,12,6,2018,87.0,84.66666666666667,115.0,114.0,0.9,60.0,116.0,2.0,50.00015625,775.125,0.0250000118240006,262280.0,276.0817999267578,60.00515599822998,685.625
23,12,6,2018,69.0,84.53333333333333,93.0,72.0,0.8,24.0,181.0,2.0,50.00015625,775.125,0.0250000118240006,262280.0,276.0817999267578,60.00515599822998,685.625
0,13,6,2018,38.0,83.56666666666666,54.0,47.5,0.5,19.0,159.0,2.0,50.0,780.8125,0.0250000120440004,262596.0,276.09869995117185,60.00385999298096,764.0625
1,13,6,2018,22.0,82.26666666666667,42.0,23.0,0.5,25.0,135.0,2.0,50.0,780.8125,0.0250000120440004,262596.0,276.09869995117185,60.00385999298096,764.0625
2,13,6,2018,23.0,81.1,37.0,36.0,0.5,29.0,117.0,2.0,50.0,780.8125,0.0250000120440004,262596.0,276.09869995117185,60.00385999298096,764.0625
3,13,6,2018,33.0,80.2,47.0,39.0,0.5,37.0,93.66666666666669,2.0,50.00018125534058,787.8125,0.0250000125600006,262752.0,276.12100006103515,60.00740799713135,780.0625
4,13,6,2018,33.0,79.26666666666667,55.0,59.0,0.5,48.0,70.33333333333334,2.0,50.00018125534058,787.8125,0.0250000125600006,262752.0,276.12100006103515,60.00740799713135,780.0625
5,13,6,2018,41.0,78.26666666666667,58.0,49.0,0.5,59.0,47.0,2.0,50.00018125534058,787.8125,0.0250000125600006,262752.0,276.12100006103515,60.00740799713135,780.0625
6,13,6,2018,61.0,77.93333333333334,83.0,72.0,0.7,70.0,23.0,2.0,50.00041218996048,780.5,0.0250000109650008,262992.0,276.0716000366211,60.00807999420166,775.0
7,13,6,2018,98.0,78.53333333333333,129.0,69.5,1.1,58.0,45.0,2.0,50.00041218996048,780.5,0.0250000109650008,262992.0,276.0716000366211,60.00807999420166,775.0
8,13,6,2018,111.0,79.43333333333334,145.0,67.0,1.7,30.0,98.0,2.0,50.00041218996048,780.5,0.0250000109650008,262992.0,276.0716000366211,60.00807999420166,775.0
9,13,6,2018,102.0,79.33333333333333,134.0,64.5,1.8,27.0,98.0,3.0,50.00041218996048,778.875,0.0250000104360003,262904.0,276.1,60.00507599639893,756.0625
10,13,6,2018,104.0,79.4,136.0,62.0,1.8,29.0,97.0,4.0,50.00041218996048,778.875,0.0250000104360003,262904.0,276.1,60.00507599639893,756.0625
12,13,6,2018,98.0,79.16666666666667,129.0,59.5,1.8,39.0,102.0,4.0,50.00041218996048,780.5625,0.0250000107250008,262924.0,276.0828997802734,60.000103996276856,685.3125
13,13,6,2018,53.0,77.33333333333333,73.0,57.0,0.9,23.0,115.0,3.0,50.00041218996048,780.5625,0.0250000107250008,262924.0,276.0828997802734,60.000103996276856,685.3125
14,13,6,2018,7.0,74.16666666666667,33.0,33.0,0.4,28.0,97.0,2.0,50.00041218996048,780.5625,0.0250000107250008,262924.0,276.0828997802734,60.000103996276856,685.3125
15,13,6,2018,4.0,70.5,26.0,8.0,0.5,35.0,83.0,2.0,50.00041218996048,778.125,0.025000011624,263204.0,276.0597998046875,60.00092399597168,685.0
16,13,6,2018,6.0,66.06666666666666,33.0,7.5,0.4,21.0,105.0,2.0,50.00041218996048,778.125,0.025000011624,263204.0,276.0597998046875,60.00092399597168,685.0
17,13,6,2018,6.0,61.8,40.0,7.0,0.3,16.0,128.0,2.0,50.00041218996048,778.125,0.025000011624,263204.0,276.0597998046875,60.00092399597168,685.0
18,13,6,2018,9.0,58.1,40.0,14.0,0.3,23.0,127.0,2.0,50.00041218996048,775.875,0.0250000110929999,263384.0,276.0438998413086,60.00158799743652,685.0
19,13,6,2018,3.0,55.03333333333333,41.0,14.0,0.3,23.0,132.0,2.0,50.00041218996048,775.875,0.0250000110929999,263384.0,276.0438998413086,60.00158799743652,685.0
20,13,6,2018,10.0,52.4,36.0,19.0,0.4,33.0,114.0,2.0,50.00041218996048,775.875,0.0250000110929999,263384.0,276.0438998413086,60.00158799743652,685.0
21,13,6,2018,12.0,50.43333333333333,33.0,33.0,0.4,58.0,84.0,2.0,50.00005000114441,774.125,0.025000010214,263484.0,276.0335998535156,60.00187599182129,685.625
22,13,6,2018,16.0,48.93333333333333,59.0,60.0,0.7,103.0,13.0,2.0,50.00005000114441,774.125,0.025000010214,263484.0,276.0335998535156,60.00187599182129,685.625
23,13,6,2018,19.0,47.3,62.0,73.0,0.6,103.0,4.0,2.0,50.00005000114441,774.125,0.025000010214,263484.0,276.0335998535156,60.00187599182129,685.625
1,14,6,2018,20.0,46.1,53.0,55.0,0.6,98.0,2.0,2.0,50.00005000114441,774.125,0.025000010214,263484.0,276.0335998535156,60.00187599182129,685.625
2,14,6,2018,20.0,44.333333333333336,54.0,57.0,0.5,87.0,2.0,2.0,50.00005000114441,774.125,0.025000010214,263484.0,276.0335998535156,60.00187599182129,685.625
3,14,6,2018,13.0,42.0,38.0,36.0,0.5,76.0,2.0,2.0,50.00008125305176,777.5,0.0250000102690002,263240.0,276.1375,60.00569199371338,856.6124999999997
4,14,6,2018,10.0,40.03333333333333,33.0,23.0,0.4,66.0,2.0,2.0,50.00008125305176,777.5,0.0250000102690002,263240.0,276.1375,60.00569199371338,856.6124999999997
5,14,6,2018,8.0,37.86666666666667,34.0,34.0,0.4,60.0,2.0,2.0,50.00008125305176,777.5,0.0250000102690002,263240.0,276.1375,60.00569199371338,856.6124999999997
6,14,6,2018,13.0,35.4,28.0,28.0,0.4,51.0,7.0,2.0,50.00007500648498,785.625,0.0250000112300002,262864.0,276.17499999999995,60.006303993225096,856.6124999999997
7,14,6,2018,10.0,33.43333333333333,34.0,34.0,0.5,40.0,20.0,2.0,50.00007500648498,785.625,0.0250000112300002,262864.0,276.17499999999995,60.006303993225096,856.6124999999997
8,14,6,2018,21.0,32.86666666666667,47.0,47.0,0.5,43.0,50.0,2.0,50.00007500648498,785.625,0.0250000112300002,262864.0,276.17499999999995,60.006303993225096,856.6124999999997
9,14,6,2018,22.0,32.86666666666667,34.0,34.0,0.5,33.0,106.0,2.0,50.0000625038147,788.375,0.0250000104100005,262664.0,276.1931750640869,60.00580799102783,770.0625
10,14,6,2018,28.0,33.03333333333333,46.0,35.0,0.5,28.0,146.0,2.0,50.0000625038147,788.375,0.0250000104100005,262664.0,276.1931750640869,60.00580799102783,770.0625
11,14,6,2018,28.0,32.86666666666667,49.0,29.0,0.5,17.0,156.0,2.0,50.0000625038147,788.375,0.0250000104100005,262664.0,276.1931750640869,60.00580799102783,770.0625
12,14,6,2018,27.0,32.666666666666664,50.0,33.0,0.5,20.0,160.0,2.0,50.00003125190735,783.1875,0.0250000119219999,263116.0,276.15440002441403,60.00412399291992,685.3125
13,14,6,2018,28.0,32.233333333333334,78.0,34.0,0.5,16.0,181.0,2.0,50.00003125190735,783.1875,0.0250000119219999,263116.0,276.15440002441403,60.00412399291992,685.3125
14,14,6,2018,26.0,31.066666666666663,95.0,29.0,0.4,13.0,181.0,2.0,50.00003125190735,783.1875,0.0250000119219999,263116.0,276.15440002441403,60.00412399291992,685.3125
15,14,6,2018,21.0,28.5,103.0,32.0,0.4,13.0,181.0,2.0,50.0,779.5625,0.0250000131610008,263464.0,276.11549987792966,60.00437599182129,685.0
16,14,6,2018,23.0,25.566666666666663,112.0,47.0,0.4,14.0,181.0,2.0,50.0,779.5625,0.0250000131610008,263464.0,276.11549987792966,60.00437599182129,685.0
17,14,6,2018,19.0,22.8,116.0,48.0,0.4,17.0,181.0,2.0,50.0,779.5625,0.0250000131610008,263464.0,276.11549987792966,60.00437599182129,685.0
18,14,6,2018,21.0,20.03333333333333,113.0,57.0,0.4,15.0,181.0,2.0,50.0,776.25,0.0250000128330001,263724.0,276.09019989013666,60.00377999114991,685.0
19,14,6,2018,20.0,17.433333333333334,103.0,59.0,0.5,22.0,181.0,2.0,50.0,776.25,0.0250000128330001,263724.0,276.09019989013666,60.00377999114991,685.0
20,14,6,2018,22.0,16.4,73.0,86.0,0.5,39.0,178.0,2.0,50.0,776.25,0.0250000128330001,263724.0,276.09019989013666,60.00377999114991,685.0
21,14,6,2018,25.0,17.0,88.0,95.0,0.8,40.0,181.0,2.0,50.0,774.6875,0.0250000125040002,263956.0,276.0794998168945,60.00374799346924,685.625
22,14,6,2018,39.0,18.166666666666668,86.0,101.0,1.0,41.0,181.0,2.0,50.0,774.6875,0.0250000125040002,263956.0,276.0794998168945,60.00374799346924,685.625
23,14,6,2018,49.0,19.6,77.0,104.0,1.0,32.0,174.0,2.0,50.0,774.6875,0.0250000125040002,263956.0,276.0794998168945,60.00374799346924,685.625
0,15,6,2018,70.0,21.73333333333333,94.0,93.0,1.3,25.0,156.0,2.0,50.0,778.4375,0.0250000126110008,264140.0,276.1082000732422,60.00358799743653,792.5
1,15,6,2018,73.0,23.866666666666667,98.0,85.0,1.2,27.0,146.0,2.0,50.0,778.4375,0.0250000126110008,264140.0,276.1082000732422,60.00358799743653,792.5
2,15,6,2018,121.0,27.8,159.0,84.78571428571429,1.4666666666666666,46.0,68.0,2.0,50.0,778.4375,0.0250000126110008,264140.0,276.1082000732422,60.00358799743653,792.5
3,15,6,2018,143.0,32.233333333333334,190.0,84.57142857142857,1.7333333333333334,45.0,72.0,2.0,50.0,784.4375,0.0250000122970007,263884.0,276.1442999267578,60.00433199310303,856.6124999999997
4,15,6,2018,159.0,37.13333333333333,209.0,84.35714285714286,1.8,46.66666666666666,76.0,2.0,50.0,784.4375,0.0250000122970007,263884.0,276.1442999267578,60.00433199310303,856.6124999999997
5,15,6,2018,165.0,42.13333333333333,216.0,84.14285714285714,1.8,48.33333333333334,80.0,2.0,50.0,784.4375,0.0250000122970007,263884.0,276.1442999267578,60.00433199310303,856.6124999999997
6,15,6,2018,165.0,47.03333333333333,216.0,83.92857142857143,1.8,50.0,48.0,2.0,50.0,793.8125,0.0250000121680004,263772.0,276.16949981689453,60.00584399414063,783.6875
7,15,6,2018,165.0,52.13333333333333,223.0,83.71428571428571,1.8,51.0,50.0,2.0,50.0,793.8125,0.0250000121680004,263772.0,276.16949981689453,60.00584399414063,783.6875
8,15,6,2018,151.0,56.5,201.0,83.5,1.8,41.0,73.0,2.0,50.0,793.8125,0.0250000121680004,263772.0,276.16949981689453,60.00584399414063,783.6875
9,15,6,2018,123.0,60.16666666666666,161.0,83.28571428571429,1.7,25.0,125.0,4.0,50.0,795.125,0.0250000130590004,263596.0,276.1639999389648,60.00571599578858,723.75
10,15,6,2018,106.0,63.36666666666667,139.0,83.07142857142857,1.6,18.0,146.0,7.0,50.0,795.125,0.0250000130590004,263596.0,276.1639999389648,60.00571599578858,723.75
11,15,6,2018,100.0,66.43333333333334,131.0,82.85714285714286,1.5,15.0,170.0,7.0,50.0,795.125,0.0250000130590004,263596.0,276.1639999389648,60.00571599578858,723.75
12,15,6,2018,100.0,69.33333333333333,131.0,82.64285714285714,1.3,16.0,181.0,5.0,50.0,786.4375,0.0250000112770004,263892.0,276.1423999023437,60.006203994750976,685.3125
13,15,6,2018,97.0,72.23333333333333,128.0,82.42857142857143,1.3,15.0,181.0,4.0,50.0,786.4375,0.0250000112770004,263892.0,276.1423999023437,60.006203994750976,685.3125
14,15,6,2018,86.0,74.4,122.0,82.21428571428571,1.2,14.0,181.0,4.0,50.0,786.4375,0.0250000112770004,263892.0,276.1423999023437,60.006203994750976,685.3125
15,15,6,2018,72.0,76.06666666666666,126.0,82.0,1.1,14.0,181.0,2.0,50.0,783.375,0.025000012352,264088.0,276.11299987792967,60.00274799346924,685.0
16,15,6,2018,59.0,77.1,124.0,84.0,1.0,15.0,181.0,2.0,50.0,783.375,0.025000012352,264088.0,276.11299987792967,60.00274799346924,685.0
17,15,6,2018,49.0,77.8,118.0,82.0,1.0,15.0,181.0,2.0,50.0,783.375,0.025000012352,264088.0,276.11299987792967,60.00274799346924,685.0
18,15,6,2018,51.0,78.6,110.0,93.0,0.9,20.0,181.0,2.0,50.0,781.125,0.0250000119690001,264212.0,276.09769989013665,60.00317999267578,685.0
19,15,6,2018,39.0,78.96666666666667,101.0,93.0,0.7,23.0,181.0,2.0,50.0,781.125,0.0250000119690001,264212.0,276.09769989013665,60.00317999267578,685.0
20,15,6,2018,42.0,79.5,88.0,81.0,0.6,23.0,181.0,2.0,50.0,781.125,0.0250000119690001,264212.0,276.09769989013665,60.00317999267578,685.0
21,15,6,2018,33.0,79.9,61.0,71.0,0.6,23.0,168.0,2.0,50.0,779.4375,0.0250000125790005,264184.0,276.08119995117187,60.00216799163818,687.4375
22,15,6,2018,25.0,79.96666666666667,53.0,56.0,0.6,23.0,147.0,2.0,50.0,779.4375,0.0250000125790005,264184.0,276.08119995117187,60.00216799163818,687.4375
0,16,6,2018,30.0,80.33333333333333,53.0,56.0,0.7,31.0,101.0,2.0,50.0,783.5625,0.025000013119,264048.0,276.10100006103505,60.003491996765135,750.5625
1,16,6,2018,34.0,80.76666666666667,55.0,59.0,0.8,33.0,85.0,2.0,50.0,783.5625,0.025000013119,264048.0,276.10100006103505,60.003491996765135,750.5625
2,16,6,2018,43.0,81.53333333333333,60.0,67.0,0.9,43.0,62.0,2.0,50.0,783.5625,0.025000013119,264048.0,276.10100006103505,60.003491996765135,750.5625
3,16,6,2018,60.0,82.8,81.0,91.0,0.8,59.0,23.0,2.0,50.0,789.3125,0.0250000132760005,263608.0,276.13350006103514,60.00439599609375,787.1875
4,16,6,2018,75.0,84.46666666666667,100.0,82.0,0.8,58.0,17.0,2.0,50.0,789.3125,0.0250000132760005,263608.0,276.13350006103514,60.00439599609375,787.1875
5,16,6,2018,81.0,85.86666666666666,108.0,84.63636363636364,0.8,47.0,27.0,2.0,50.0,789.3125,0.0250000132760005,263608.0,276.13350006103514,60.00439599609375,787.1875
6,16,6,2018,80.0,86.9,106.0,87.27272727272727,0.7,39.0,37.0,2.0,50.000056257247934,795.125,0.0250000137690007,263380.0,276.1667999267578,60.00422399139404,772.25
7,16,6,2018,83.0,87.33333333333333,110.0,89.9090909090909,0.7,39.0,41.0,2.0,50.000056257247934,795.125,0.0250000137690007,263380.0,276.1667999267578,60.00422399139404,772.25
8,16,6,2018,92.0,87.96666666666667,121.0,92.54545454545456,0.9,29.0,56.0,2.0,50.000056257247934,795.125,0.0250000137690007,263380.0,276.1667999267578,60.00422399139404,772.25
9,16,6,2018,87.0,86.83333333333333,115.0,95.1818181818182,0.8,31.0,64.0,2.0,50.00008749961853,793.625,0.0250000136990007,263124.0,276.17919982910155,60.00589599609375,746.3125
10,16,6,2018,89.0,85.03333333333333,118.0,97.8181818181818,0.8,24.0,87.0,2.0,50.00008749961853,793.625,0.0250000136990007,263124.0,276.17919982910155,60.00589599609375,746.3125
11,16,6,2018,94.0,82.86666666666666,124.0,100.45454545454544,0.8,23.0,103.0,2.0,50.00008749961853,793.625,0.0250000136990007,263124.0,276.17919982910155,60.00589599609375,746.3125
12,16,6,2018,94.0,80.46666666666667,124.0,103.0909090909091,0.8,17.0,136.0,2.0,50.0,792.625,0.0250000132810007,263296.0,276.1579998779297,60.001803993225096,685.3125
13,16,6,2018,100.0,78.26666666666667,131.0,105.72727272727272,0.8,15.0,162.0,2.0,50.0,792.625,0.0250000132810007,263296.0,276.1579998779297,60.001803993225096,685.3125
14,16,6,2018,102.0,75.9,134.0,108.36363636363636,0.8,16.0,181.0,2.0,50.0,792.625,0.0250000132810007,263296.0,276.1579998779297,60.001803993225096,685.3125
15,16,6,2018,99.0,74.16666666666667,130.0,111.0,0.9,18.0,181.0,2.0,50.0,791.125,0.0250000135550005,263508.0,276.1463000488281,60.001983993530274,685.0
16,16,6,2018,94.0,73.2,124.0,117.0,0.9,23.0,181.0,2.0,50.0,791.125,0.0250000135550005,263508.0,276.1463000488281,60.001983993530274,685.0
17,16,6,2018,96.0,72.86666666666666,126.0,119.0,1.0,22.0,181.0,2.0,50.0,791.125,0.0250000135550005,263508.0,276.1463000488281,60.001983993530274,685.0
18,16,6,2018,90.0,72.53333333333333,119.0,121.0,0.9,22.0,181.0,2.0,50.0,789.3125,0.0250000151180001,263444.0,276.1279998779296,60.00149199676514,685.0
19,16,6,2018,87.0,72.1,115.0,129.0,0.9,25.0,181.0,2.0,50.0,789.3125,0.0250000151180001,263444.0,276.1279998779296,60.00149199676514,685.0
20,16,6,2018,91.0,71.9,120.0,151.0,1.0,33.0,181.0,2.0,50.0,789.3125,0.0250000151180001,263444.0,276.1279998779296,60.00149199676514,685.0
21,16,6,2018,95.0,72.2,125.0,176.0,1.0,44.0,159.0,2.0,50.00036250114441,787.625,0.025000013549,263564.0,276.12089996337886,60.00194399261475,685.6875
22,16,6,2018,107.0,73.36666666666666,140.0,180.0,1.1,65.0,116.0,2.0,50.00036250114441,787.625,0.025000013549,263564.0,276.12089996337886,60.00194399261475,685.6875
23,16,6,2018,106.0,74.93333333333334,139.0,171.0,1.1,70.0,95.0,2.0,50.00036250114441,787.625,0.025000013549,263564.0,276.12089996337886,60.00194399261475,685.6875
0,17,6,2018,107.0,76.86666666666666,140.0,160.0,1.1,57.0,100.0,2.0,50.0,788.0,0.0250000135790007,263748.0,276.091600036621,60.00278799438478,708.5625
1,17,6,2018,115.0,79.0,150.0,157.0,1.1,65.0,84.0,2.0,50.0,788.0,0.0250000135790007,263748.0,276.091600036621,60.00278799438478,708.5625
2,17,6,2018,102.0,81.1,134.0,118.0,1.0,49.0,108.0,2.0,50.0,788.0,0.0250000135790007,263748.0,276.091600036621,60.00278799438478,708.5625
3,17,6,2018,92.0,82.76666666666667,121.0,100.0,0.9,49.0,100.0,2.0,50.00021250724792,787.0625,0.0250000130080003,263508.0,276.1222998046875,60.00239599609375,794.3125
4,17,6,2018,88.0,84.6,116.0,102.0,0.9,56.0,106.5,2.0,50.00021250724792,787.0625,0.0250000130080003,263508.0,276.1222998046875,60.00239599609375,794.3125
5,17,6,2018,69.0,86.06666666666666,93.0,79.0,0.7,31.0,113.0,2.0,50.00021250724792,787.0625,0.0250000130080003,263508.0,276.1222998046875,60.00239599609375,794.3125
6,17,6,2018,13.0,85.5,49.0,16.0,0.5,8.0,158.0,2.0,50.000143756866464,790.1875,0.0250000109090004,263432.0,276.1567999267578,60.00337999725342,795.6875
7,17,6,2018,8.0,84.63333333333334,42.0,17.0,0.5,12.0,133.0,2.0,50.000143756866464,790.1875,0.0250000109090004,263432.0,276.1567999267578,60.00337999725342,795.6875
8,17,6,2018,16.0,83.73333333333333,34.0,18.0,0.5,21.0,108.0,2.0,50.000143756866464,790.1875,0.0250000109090004,263432.0,276.1567999267578,60.00337999725342,795.6875
9,17,6,2018,17.0,82.3,31.0,28.0,0.6,22.0,98.0,2.0,50.0,784.6875,0.0250000124790007,263088.0,276.1651998901367,60.00645199584961,780.5
10,17,6,2018,18.0,80.4,26.0,22.0,0.6,38.0,75.0,2.0,50.0,784.6875,0.0250000124790007,263088.0,276.1651998901367,60.00645199584961,780.5
11,17,6,2018,18.0,78.3,29.0,28.66666666666667,0.6,24.0,93.0,2.0,50.0,784.6875,0.0250000124790007,263088.0,276.1651998901367,60.00645199584961,780.5
12,17,6,2018,21.0,76.33333333333333,35.0,35.333333333333336,0.6,21.0,111.0,2.0,50.0,790.375,0.0250000137,263300.0,276.14459991455084,60.003455993652345,685.3125
13,17,6,2018,29.0,74.53333333333333,42.0,42.0,0.7,27.0,110.0,2.0,50.0,790.375,0.0250000137,263300.0,276.14459991455084,60.003455993652345,685.3125
14,17,6,2018,31.0,72.5,51.0,52.0,0.7,25.0,114.0,2.0,50.0,790.375,0.0250000137,263300.0,276.14459991455084,60.003455993652345,685.3125
15,17,6,2018,28.0,70.53333333333333,42.0,33.0,0.6,16.0,135.0,2.0,50.00003749847412,786.875,0.0250000138260005,263392.0,276.11869995117183,60.00207999420166,685.0
16,17,6,2018,44.0,69.03333333333333,61.0,57.0,0.7,19.0,158.0,2.0,50.00003749847412,786.875,0.0250000138260005,263392.0,276.11869995117183,60.00207999420166,685.0
17,17,6,2018,46.0,67.43333333333334,64.0,63.0,0.7,19.0,170.0,2.0,50.00003749847412,786.875,0.0250000138260005,263392.0,276.11869995117183,60.00207999420166,685.0
18,17,6,2018,40.0,65.63333333333334,71.0,59.0,0.7,18.0,177.0,2.0,50.000025005340575,783.875,0.0250000138380006,263304.0,276.0960998535156,60.00267599487304,685.0
19,17,6,2018,53.0,64.06666666666666,94.0,85.0,0.8,19.0,181.0,2.0,50.000025005340575,783.875,0.0250000138380006,263304.0,276.0960998535156,60.00267599487304,685.0
20,17,6,2018,63.0,62.766666666666666,85.0,97.0,0.8,33.0,176.0,2.0,50.000025005340575,783.875,0.0250000138380006,263304.0,276.0960998535156,60.00267599487304,685.0
21,17,6,2018,64.0,61.6,86.0,103.0,0.9,49.0,122.0,2.0,50.0,782.625,0.0250000135820005,263236.0,276.08769989013666,60.002927993774406,685.625
22,17,6,2018,60.0,60.46666666666667,81.0,96.0,0.9,66.0,77.0,2.0,50.0,782.625,0.0250000135820005,263236.0,276.08769989013666,60.002927993774406,685.625
23,17,6,2018,71.0,59.63333333333333,95.0,93.0,1.0,66.0,64.0,2.0,50.0,782.625,0.0250000135820005,263236.0,276.08769989013666,60.002927993774406,685.625
0,18,6,2018,74.0,59.1,99.0,89.0,1.0,55.0,61.0,2.0,50.0,783.9375,0.0250000147450007,263268.0,276.12380004882806,60.002415992736815,777.5
1,18,6,2018,70.0,58.53333333333333,94.0,106.0,1.0,85.0,6.0,2.0,50.0,783.9375,0.0250000147450007,263268.0,276.12380004882806,60.002415992736815,777.5
2,18,6,2018,68.0,57.766666666666666,91.0,96.0,0.9,77.0,6.0,2.0,50.0,783.9375,0.0250000147450007,263268.0,276.12380004882806,60.002415992736815,777.5
3,18,6,2018,66.0,56.8,89.0,74.0,0.8,61.0,19.0,2.0,50.0,790.8125,0.0250000142010003,262792.0,276.1691998291016,60.00450799560547,836.9375
4,18,6,2018,65.0,55.4,88.0,67.0,0.8,60.0,12.0,2.0,50.0,790.8125,0.0250000142010003,262792.0,276.1691998291016,60.00450799560547,836.9375
5,18,6,2018,73.0,54.3,98.0,78.5,0.8,65.0,5.0,2.0,50.0,790.8125,0.0250000142010003,262792.0,276.1691998291016,60.00450799560547,836.9375
6,18,6,2018,81.0,53.43333333333333,108.0,90.0,0.9,65.0,2.0,2.0,50.0,795.625,0.0250000136510003,262468.0,276.1931750640869,60.00863199615478,831.0625
7,18,6,2018,83.0,52.36666666666667,110.0,94.0,1.0,65.0,8.0,2.0,50.0,795.625,0.0250000136510003,262468.0,276.1931750640869,60.00863199615478,831.0625
8,18,6,2018,102.0,52.36666666666667,134.0,130.0,1.0,66.0,23.0,2.0,50.0,795.625,0.0250000136510003,262468.0,276.1931750640869,60.00863199615478,831.0625
9,18,6,2018,120.0,53.3,157.0,148.0,1.0,58.0,51.0,2.0,50.00041218996048,794.375,0.025000013402,262232.0,276.18489990234366,60.00717999267578,745.875
10,18,6,2018,127.0,54.6,167.0,139.0,1.0,51.0,87.0,2.0,50.00041218996048,794.375,0.025000013402,262232.0,276.18489990234366,60.00717999267578,745.875
11,18,6,2018,121.0,56.333333333333336,159.0,122.0,1.0,35.0,156.0,2.0,50.00041218996048,794.375,0.025000013402,262232.0,276.18489990234366,60.00717999267578,745.875
12,18,6,2018,108.0,59.5,141.0,112.0,0.9,21.0,181.0,3.0,50.00041218996048,788.125,0.0250000132810007,262452.0,276.1517999267578,60.00186399078369,685.3125
13,18,6,2018,99.0,62.53333333333333,130.0,110.0,0.8,13.0,181.0,2.0,50.00041218996048,788.125,0.0250000132810007,262452.0,276.1517999267578,60.00186399078369,685.3125
14,18,6,2018,98.66666666666669,65.28888888888889,132.0,117.66666666666669,0.8,14.333333333333336,181.0,2.0,50.00041218996048,788.125,0.0250000132810007,262452.0,276.1517999267578,60.00186399078369,685.3125
15,18,6,2018,98.33333333333331,68.0,134.0,125.33333333333331,0.8,15.666666666666664,181.0,2.0,50.00008749961853,785.125,0.0250000125230001,262540.0,276.1329998779296,60.0015719909668,685.0
16,18,6,2018,98.0,70.66666666666667,136.0,133.0,0.8,17.0,181.0,2.0,50.00008749961853,785.125,0.0250000125230001,262540.0,276.1329998779296,60.0015719909668,685.0
17,18,6,2018,94.0,73.2,125.0,125.0,0.9,29.0,181.0,2.0,50.00008749961853,785.125,0.0250000125230001,262540.0,276.1329998779296,60.0015719909668,685.0
18,18,6,2018,87.0,75.4,115.0,130.0,0.9,50.0,181.0,2.0,50.00008125305176,783.375,0.0250000128810005,262532.0,276.1176998901367,60.003591995239255,685.0
19,18,6,2018,32.0,75.5,52.0,53.0,0.6,19.0,150.0,2.0,50.00008125305176,783.375,0.0250000128810005,262532.0,276.1176998901367,60.003591995239255,685.0
20,18,6,2018,17.0,75.03333333333333,42.0,45.5,0.4,19.0,133.0,2.0,50.00008125305176,783.375,0.0250000128810005,262532.0,276.1176998901367,60.003591995239255,685.0
21,18,6,2018,16.0,74.63333333333334,38.0,38.0,0.5,27.0,111.0,2.0,50.0,782.375,0.025000013522,262864.0,276.1063998413086,60.00300399780274,687.0
22,18,6,2018,20.0,73.83333333333333,48.0,48.0,0.5,43.0,77.0,2.0,50.0,782.375,0.025000013522,262864.0,276.1063998413086,60.00300399780274,687.0
23,18,6,2018,14.0,72.76666666666667,34.0,34.0,0.5,48.0,61.0,2.0,50.0,782.375,0.025000013522,262864.0,276.1063998413086,60.00300399780274,687.0
0,19,6,2018,13.0,71.86666666666666,32.0,32.0,0.5,37.0,71.0,2.0,50.00003125190735,780.125,0.0250000118730003,263352.0,276.13329986572256,60.00515199279785,798.4375
1,19,6,2018,16.0,70.63333333333334,40.0,40.0,0.5,54.0,44.0,2.0,50.00003125190735,780.125,0.0250000118730003,263352.0,276.13329986572256,60.00515199279785,798.4375
2,19,6,2018,15.0,69.03333333333333,39.0,39.0,0.4,48.0,47.0,2.0,50.00003125190735,780.125,0.0250000118730003,263352.0,276.13329986572256,60.00515199279785,798.4375
3,19,6,2018,13.0,67.33333333333333,47.0,47.0,0.4,70.0,23.0,2.0,50.0,786.1875,0.0250000131400004,263192.0,276.17459991455075,60.00160799407959,856.6124999999997
4,19,6,2018,18.0,65.93333333333334,49.0,49.0,0.4,53.0,31.0,2.0,50.0,786.1875,0.0250000131400004,263192.0,276.17459991455075,60.00160799407959,856.6124999999997
5,19,6,2018,41.0,64.93333333333334,71.0,91.0,0.8,52.0,39.0,2.0,50.0,786.1875,0.0250000131400004,263192.0,276.17459991455075,60.00160799407959,856.6124999999997
6,19,6,2018,133.0,66.9,176.0,172.0,1.8,38.0,59.0,4.0,50.0,786.0,0.025000008816,262880.0,276.1931750640869,60.00509599304199,856.6124999999997
7,19,6,2018,108.0,68.16666666666667,141.0,139.0,1.5,47.0,52.0,4.0,50.0,786.0,0.025000008816,262880.0,276.1931750640869,60.00509599304199,856.6124999999997
8,19,6,2018,61.0,67.93333333333334,83.0,70.0,1.2,21.0,107.0,4.0,50.0,786.0,0.025000008816,262880.0,276.1931750640869,60.00509599304199,856.6124999999997
9,19,6,2018,35.0,66.9,50.0,45.0,1.0,20.0,118.0,3.0,50.0,789.25,0.0250000103520006,262776.0,276.1931750640869,60.00761999511719,773.25
10,19,6,2018,34.0,65.86666666666666,50.0,50.0,0.9,16.0,141.0,2.0,50.0,789.25,0.0250000103520006,262776.0,276.1931750640869,60.00761999511719,773.25
11,19,6,2018,49.0,65.06666666666666,68.0,60.0,1.0,14.0,167.0,3.0,50.0,789.25,0.0250000103520006,262776.0,276.1931750640869,60.00761999511719,773.25
12,19,6,2018,56.0,64.23333333333333,91.0,71.0,1.0,16.0,181.0,3.0,50.0,784.4375,0.0250000111070005,262988.0,276.1702999877929,60.00461599731445,685.3125
13,19,6,2018,54.0,63.266666666666666,112.0,64.0,0.9,15.0,181.0,3.0,50.0,784.4375,0.0250000111070005,262988.0,276.1702999877929,60.00461599731445,685.3125
14,19,6,2018,37.0,61.1,112.0,51.5,0.8,12.0,181.0,3.0,50.0,784.4375,0.0250000111070005,262988.0,276.1702999877929,60.00461599731445,685.3125
15,19,6,2018,28.0,58.03333333333333,114.0,39.0,0.7,11.0,181.0,2.0,50.0,780.625,0.0250000125410007,263348.0,276.12820007324217,60.00313199615479,685.0
16,19,6,2018,30.0,54.8,117.0,46.0,0.6,12.0,181.0,2.0,50.0,780.625,0.0250000125410007,263348.0,276.12820007324217,60.00313199615479,685.0
17,19,6,2018,22.0,51.5,116.0,43.0,0.6,13.0,181.0,2.0,50.0,780.625,0.0250000125410007,263348.0,276.12820007324217,60.00313199615479,685.0
18,19,6,2018,21.0,48.6,108.0,51.0,0.6,22.0,181.0,2.0,50.0,777.625,0.0250000124369999,263544.0,276.1041998291016,60.00227199554443,685.0
19,19,6,2018,30.0,46.3,102.0,93.0,0.7,23.0,181.0,2.0,50.0,777.625,0.0250000124369999,263544.0,276.1041998291016,60.00227199554443,685.0
20,19,6,2018,40.0,44.34444444444444,98.0,145.0,0.9,23.0,181.0,2.0,50.0,777.625,0.0250000124369999,263544.0,276.1041998291016,60.00227199554443,685.0
21,19,6,2018,41.0,42.43333333333333,88.0,125.0,0.9,29.0,180.0,2.0,50.0,775.25,0.0250000127770006,263760.0,276.0817999267578,60.002251991271976,689.1875
22,19,6,2018,47.0,40.73333333333333,84.0,118.0,0.9,34.0,162.0,2.0,50.0,775.25,0.0250000127770006,263760.0,276.0817999267578,60.002251991271976,689.1875
23,19,6,2018,69.0,39.9,96.0,141.0,1.2,21.0,172.0,2.0,50.0,775.25,0.0250000127770006,263760.0,276.0817999267578,60.002251991271976,689.1875
0,20,6,2018,74.0,39.46666666666667,99.0,85.0,1.2,16.0,158.0,2.0,50.0,780.25,0.0250000125090004,263696.0,276.13829986572256,60.00158799743652,805.5625
1,20,6,2018,77.0,40.96666666666667,103.0,83.0,1.1,16.0,141.0,2.0,50.0,780.25,0.0250000125090004,263696.0,276.13829986572256,60.00158799743652,805.5625
2,20,6,2018,75.0,42.9,100.0,81.0,1.1,26.0,116.0,2.0,50.0,780.25,0.0250000125090004,263696.0,276.13829986572256,60.00158799743652,805.5625
3,20,6,2018,77.0,44.93333333333333,103.0,79.0,1.1,56.0,70.0,2.0,50.0,786.75,0.0250000101200006,263380.0,276.1931750640869,60.00442399597168,856.6124999999997
4,20,6,2018,80.0,46.93333333333333,106.0,99.0,1.1,47.0,58.0,2.0,50.0,786.75,0.0250000101200006,263380.0,276.1931750640869,60.00442399597168,856.6124999999997
5,20,6,2018,71.0,48.833333333333336,95.0,79.0,1.0,43.0,49.0,2.0,50.0,786.75,0.0250000101200006,263380.0,276.1931750640869,60.00442399597168,856.6124999999997
6,20,6,2018,58.0,50.333333333333336,79.0,69.0,0.9,41.0,48.0,2.0,50.0,782.3125,0.0250000056270007,262940.0,276.1931750640869,60.00807599639892,856.6124999999997
7,20,6,2018,43.0,51.23333333333333,60.0,57.0,0.8,31.0,66.0,2.0,50.0,782.3125,0.0250000056270007,262940.0,276.1931750640869,60.00807599639892,856.6124999999997
8,20,6,2018,46.0,52.266666666666666,65.0,79.0,0.8,25.0,93.0,2.0,50.0,782.3125,0.0250000056270007,262940.0,276.1931750640869,60.00807599639892,856.6124999999997
9,20,6,2018,73.0,54.266666666666666,98.0,102.0,1.0,24.0,149.0,2.0,50.0,795.7468749999999,0.0250000058270003,262624.0,276.1931750640869,60.00911199188232,744.75
10,20,6,2018,66.0,55.86666666666667,90.0,78.0,1.0,31.0,181.0,2.0,50.0,795.7468749999999,0.0250000058270003,262624.0,276.1931750640869,60.00911199188232,744.75
11,20,6,2018,50.0,56.16666666666666,99.0,85.0,0.9,29.0,181.0,2.0,50.0,795.7468749999999,0.0250000058270003,262624.0,276.1931750640869,60.00911199188232,744.75
12,20,6,2018,46.0,53.266666666666666,113.0,85.0,0.8,20.0,181.0,2.0,50.0,782.625,0.0250000072950013,262836.0,276.1917999267577,60.00314399719238,685.375
13,20,6,2018,20.0,50.333333333333336,60.0,64.0,0.5,8.0,168.0,2.0,50.0,782.625,0.0250000072950013,262836.0,276.1917999267577,60.00314399719238,685.375
14,20,6,2018,11.0,48.66666666666666,49.0,43.0,0.3,8.0,156.0,2.0,50.0,782.625,0.0250000072950013,262836.0,276.1917999267577,60.00314399719238,685.375
15,20,6,2018,14.0,47.96666666666667,63.0,22.0,0.3,9.0,170.0,2.0,50.0,777.5,0.0250000074509996,263180.0,276.14759979248043,60.00450799560547,685.0
16,20,6,2018,14.0,47.3,60.0,28.0,0.3,10.0,168.0,2.0,50.0,777.5,0.0250000074509996,263180.0,276.14759979248043,60.00450799560547,685.0
17,20,6,2018,13.0,46.1,60.0,30.0,0.3,12.0,168.0,2.0,50.0,777.5,0.0250000074509996,263180.0,276.14759979248043,60.00450799560547,685.0
18,20,6,2018,7.0,44.46666666666667,49.0,28.0,0.3,17.0,158.0,2.0,50.0,778.3125,0.0250000091859996,263356.0,276.1341998291016,60.00723999786377,685.0
19,20,6,2018,11.0,43.03333333333333,50.0,50.0,0.3,28.0,141.0,2.0,50.0,778.3125,0.0250000091859996,263356.0,276.1341998291016,60.00723999786377,685.0
20,20,6,2018,20.0,42.46666666666667,66.0,82.0,0.4,37.0,122.0,2.0,50.0,778.3125,0.0250000091859996,263356.0,276.1341998291016,60.00723999786377,685.0
21,20,6,2018,16.0,42.06666666666667,70.0,89.0,0.4,45.0,102.0,2.0,50.0,777.5625,0.0250000100880004,263636.0,276.1194000244141,60.00351999664306,688.3125
22,20,6,2018,23.0,41.833333333333336,77.0,104.0,0.5,62.0,71.0,2.0,50.0,777.5625,0.0250000100880004,263636.0,276.1194000244141,60.00351999664306,688.3125
23,20,6,2018,27.0,42.0,86.0,122.0,0.5,88.0,31.0,2.0,50.0,777.5625,0.0250000100880004,263636.0,276.1194000244141,60.00351999664306,688.3125
0,21,6,2018,21.0,42.0,68.0,85.0,0.4,69.0,42.0,2.0,50.0,779.3125,0.0250000094930008,263884.0,276.1607998657226,60.005515991210935,808.4375
1,21,6,2018,24.0,41.8,72.0,93.0,0.4,73.0,44.0,2.0,50.0,779.3125,0.0250000094930008,263884.0,276.1607998657226,60.005515991210935,808.4375
2,21,6,2018,20.0,41.13333333333333,65.0,79.0,0.4,51.0,81.0,2.0,50.0,779.3125,0.0250000094930008,263884.0,276.1607998657226,60.005515991210935,808.4375
3,21,6,2018,29.0,40.73333333333333,82.0,113.0,0.8,53.0,67.0,3.0,50.0,789.0625,0.0250000106230005,263616.0,276.1931750640869,60.00350799560547,856.6124999999997
4,21,6,2018,79.0,41.8,121.0,191.0,1.8,49.0,75.0,9.0,50.0,789.0625,0.0250000106230005,263616.0,276.1931750640869,60.00350799560547,856.6124999999997
5,21,6,2018,93.0,42.6,123.0,130.0,1.8,47.0,83.0,11.0,50.0,789.0625,0.0250000106230005,263616.0,276.1931750640869,60.00350799560547,856.6124999999997
6,21,6,2018,33.0,41.23333333333333,51.0,52.0,1.1,51.0,67.0,8.0,50.0,786.375,0.0250000076999999,263252.0,276.1931750640869,60.00350399780272,856.6124999999997
7,21,6,2018,28.0,39.6,61.0,72.0,1.0,54.0,69.0,8.0,50.0,786.375,0.0250000076999999,263252.0,276.1931750640869,60.00350399780272,856.6124999999997
8,21,6,2018,30.0,38.1,67.0,84.0,1.0,45.0,102.0,9.0,50.0,786.375,0.0250000076999999,263252.0,276.1931750640869,60.00350399780272,856.6124999999997
9,21,6,2018,29.0,36.5,61.0,72.0,0.8,48.0,106.0,6.0,50.0,795.7468749999999,0.0250000091810002,263052.0,276.1931750640869,60.0062439956665,743.125
10,21,6,2018,24.0,34.63333333333333,54.0,58.0,0.7,41.0,131.0,6.0,50.0,795.7468749999999,0.0250000091810002,263052.0,276.1931750640869,60.0062439956665,743.125
11,21,6,2018,34.0,33.4,63.0,75.0,0.9,40.0,165.0,8.0,50.0,795.7468749999999,0.0250000091810002,263052.0,276.1931750640869,60.0062439956665,743.125
12,21,6,2018,40.0,32.8,120.0,77.0,1.0,23.0,181.0,9.0,50.0,787.3125,0.0250000087740011,263224.0,276.1931750640869,60.00638799285888,685.375
13,21,6,2018,39.0,32.666666666666664,130.0,56.0,0.8,16.0,181.0,8.0,50.0,787.3125,0.0250000087740011,263224.0,276.1931750640869,60.00638799285888,685.375
14,21,6,2018,31.0,32.166666666666664,128.0,51.0,0.7,13.0,181.0,7.0,50.0,787.3125,0.0250000087740011,263224.0,276.1931750640869,60.00638799285888,685.375
15,21,6,2018,27.0,30.633333333333333,115.0,53.0,0.7,10.0,181.0,7.0,50.0,783.4375,0.0250000098090004,263424.0,276.1591998291016,60.005187995910646,685.0
16,21,6,2018,36.0,29.633333333333333,127.0,72.0,0.8,12.0,181.0,8.0,50.0,783.4375,0.0250000098090004,263424.0,276.1591998291016,60.005187995910646,685.0
17,21,6,2018,36.0,29.166666666666668,134.0,92.0,1.0,15.0,181.0,8.0,50.0,783.4375,0.0250000098090004,263424.0,276.1591998291016,60.005187995910646,685.0
18,21,6,2018,38.0,28.9,139.0,105.0,0.9,17.0,181.0,6.0,50.0,782.5,0.0250000115940002,263432.0,276.1375,60.002063995361326,685.0
19,21,6,2018,53.0,30.0,153.0,150.0,1.1,21.0,181.0,6.0,50.0,782.5,0.0250000115940002,263432.0,276.1375,60.002063995361326,685.0
20,21,6,2018,69.0,31.933333333333334,142.0,159.0,1.3,31.0,181.0,5.0,50.0,782.5,0.0250000115940002,263432.0,276.1375,60.002063995361326,685.0
21,21,6,2018,67.0,33.7,111.0,138.0,1.1,34.0,181.0,4.0,50.0,780.5625,0.0250000122100003,263552.0,276.11739990234366,60.00390799713135,685.6875
22,21,6,2018,39.0,34.53333333333333,59.0,67.0,0.6,36.0,139.0,6.0,50.0,780.5625,0.0250000122100003,263552.0,276.11739990234366,60.00390799713135,685.6875
23,21,6,2018,40.0,35.43333333333333,82.0,113.0,0.7,35.0,124.0,5.0,50.0,780.5625,0.0250000122100003,263552.0,276.11739990234366,60.00390799713135,685.6875
0,22,6,2018,46.0,36.73333333333333,80.0,109.0,0.8,32.0,130.0,6.0,50.0,788.5,0.0250000141730001,263700.0,276.1317999267577,60.00289599609375,749.125
1,22,6,2018,57.0,38.266666666666666,88.0,126.0,0.9,39.0,113.0,6.0,50.0,788.5,0.0250000141730001,263700.0,276.1317999267577,60.00289599609375,749.125
2,22,6,2018,63.0,39.7,88.0,125.0,0.9,68.0,69.0,5.0,50.0,788.5,0.0250000141730001,263700.0,276.1317999267577,60.00289599609375,749.125
3,22,6,2018,59.0,41.13333333333333,100.0,150.0,0.9,102.0,29.0,3.0,50.000025005340575,790.75,0.0250000133910002,263560.0,276.1577999877929,60.00211599731446,812.3125
4,22,6,2018,64.0,42.5,110.0,170.0,0.9,103.0,2.0,3.0,50.000025005340575,790.75,0.0250000133910002,263560.0,276.1577999877929,60.00211599731446,812.3125
5,22,6,2018,82.0,44.333333333333336,115.0,180.0,1.1,103.0,17.0,4.0,50.000025005340575,790.75,0.0250000133910002,263560.0,276.1577999877929,60.00211599731446,812.3125
6,22,6,2018,90.0,46.63333333333333,121.0,191.0,1.2,103.0,9.0,4.0,50.0,793.1875,0.0250000117320008,263220.0,276.18169982910155,60.0045719909668,806.25
7,22,6,2018,91.0,48.86666666666667,124.0,197.0,1.3,103.0,13.0,5.0,50.0,793.1875,0.0250000117320008,263220.0,276.18169982910155,60.0045719909668,806.25
8,22,6,2018,83.0,50.96666666666667,110.0,162.0,1.4,103.0,25.0,7.0,50.0,793.1875,0.0250000117320008,263220.0,276.18169982910155,60.0045719909668,806.25
9,22,6,2018,82.0,52.73333333333333,122.0,193.0,1.3,103.0,25.0,6.0,50.0,792.75,0.0250000104539999,262996.0,276.1931750640869,60.0049759979248,750.625
10,22,6,2018,85.0,52.93333333333333,126.0,201.0,1.3,103.0,40.0,6.0,50.0,792.75,0.0250000104539999,262996.0,276.1931750640869,60.0049759979248,750.625
11,22,6,2018,95.0,53.0,126.0,202.0,1.4,99.0,76.0,6.0,50.0,792.75,0.0250000104539999,262996.0,276.1931750640869,60.0049759979248,750.625
12,22,6,2018,96.0,55.1,126.0,181.0,1.3,79.0,124.0,6.0,50.0,792.375,0.0250000111820008,263024.0,276.17789978027344,60.00227999114991,685.3125
13,22,6,2018,89.0,57.13333333333333,118.0,143.0,1.1,47.0,154.0,3.0,50.0,792.375,0.0250000111820008,263024.0,276.17789978027344,60.00227999114991,685.3125
14,22,6,2018,48.0,57.73333333333333,66.0,65.0,0.8,35.0,156.0,3.0,50.0,792.375,0.0250000111820008,263024.0,276.17789978027344,60.00227999114991,685.3125
15,22,6,2018,51.0,58.46666666666667,70.0,81.0,0.9,36.0,160.0,2.0,50.0,789.375,0.0250000121000008,263032.0,276.1517999267578,60.00288399505615,685.0
16,22,6,2018,48.0,59.266666666666666,91.0,69.0,0.8,24.0,181.0,2.0,50.0,789.375,0.0250000121000008,263032.0,276.1517999267578,60.00288399505615,685.0
17,22,6,2018,44.0,59.6,84.0,62.0,0.7,30.0,181.0,2.0,50.0,789.375,0.0250000121000008,263032.0,276.1517999267578,60.00288399505615,685.0
18,22,6,2018,50.0,59.93333333333333,78.0,106.0,1.1,38.0,167.0,2.0,50.0,786.0625,0.0250000116070006,263008.0,276.1292999267577,60.001547996521,685.0
19,22,6,2018,50.5,60.31666666666667,81.5,112.5,1.05,42.0,163.5,2.0,50.0,786.0625,0.0250000116070006,263008.0,276.1292999267577,60.001547996521,685.0
20,22,6,2018,51.0,60.98333333333333,85.0,119.0,1.0,46.0,160.0,2.0,50.0,786.0625,0.0250000116070006,263008.0,276.1292999267577,60.001547996521,685.0
21,22,6,2018,54.0,61.88333333333333,83.0,116.0,0.9,65.0,130.0,2.0,50.0,782.6875,0.0250000123300002,263168.0,276.1000997924804,60.00219999694824,688.6875
22,22,6,2018,62.0,62.75,101.0,151.0,1.0,103.0,57.0,2.0,50.0,782.6875,0.0250000123300002,263168.0,276.1000997924804,60.00219999694824,688.6875
23,22,6,2018,62.0,63.61666666666667,98.0,146.0,0.9,103.0,46.0,2.0,50.0,782.6875,0.0250000123300002,263168.0,276.1000997924804,60.00219999694824,688.6875
0,23,6,2018,58.5,64.3,96.5,142.5,0.8500000000000001,97.5,44.0,2.0,50.0,782.0625,0.0250000127210002,263120.0,276.15100006103506,60.0022679977417,805.4375
1,23,6,2018,55.0,64.36666666666666,95.0,139.0,0.8,89.0,42.0,2.0,50.0,782.0625,0.0250000127210002,263120.0,276.15100006103506,60.0022679977417,805.4375
2,23,6,2018,55.0,63.9,76.0,101.0,0.8,64.0,67.0,2.0,50.0,782.0625,0.0250000127210002,263120.0,276.15100006103506,60.0022679977417,805.4375
3,23,6,2018,55.0,63.5,82.0,114.0,0.8,90.0,38.0,2.0,50.0,787.25,0.0250000127159999,262784.0,276.18639984130857,60.00522399139404,856.6124999999997
4,23,6,2018,63.0,64.3,93.0,135.0,0.8,96.0,27.5,2.0,50.0,787.25,0.0250000127159999,262784.0,276.18639984130857,60.00522399139404,856.6124999999997
5,23,6,2018,62.0,65.03333333333333,89.0,127.0,0.8,98.0,17.0,2.0,50.0,787.25,0.0250000127159999,262784.0,276.18639984130857,60.00522399139404,856.6124999999997
6,23,6,2018,63.0,65.6,90.0,130.0,0.8,83.0,31.0,2.0,50.000025005340575,790.4375,0.0250000101350005,262400.0,276.1931750640869,60.00778799438476,856.6124999999997
7,23,6,2018,63.0,65.8,91.0,132.0,0.9,74.0,37.0,2.0,50.000025005340575,790.4375,0.0250000101350005,262400.0,276.1931750640869,60.00778799438476,856.6124999999997
8,23,6,2018,66.0,65.9,90.0,129.0,0.8,56.0,75.0,2.0,50.000025005340575,790.4375,0.0250000101350005,262400.0,276.1931750640869,60.00778799438476,856.6124999999997
9,23,6,2018,67.0,66.16666666666667,90.0,97.0,0.8,34.0,142.0,2.0,50.00003125190735,795.7468749999999,0.0250000106100002,262164.0,276.1931750640869,60.00758799743653,739.25
10,23,6,2018,70.0,66.36666666666666,94.0,101.0,0.8,32.0,176.0,3.0,50.00003125190735,795.7468749999999,0.0250000106100002,262164.0,276.1931750640869,60.00758799743653,739.25
11,23,6,2018,80.0,66.3,106.0,114.0,0.8,30.0,181.0,3.0,50.00003125190735,795.7468749999999,0.0250000106100002,262164.0,276.1931750640869,60.00758799743653,739.25
12,23,6,2018,68.0,65.56666666666666,131.0,99.0,0.7,20.0,181.0,5.0,50.00004375457764,790.9375,0.0250000113380001,262448.0,276.1931750640869,60.00156799316406,685.375
13,23,6,2018,63.0,64.63333333333334,143.0,100.0,0.7,19.0,181.0,7.0,50.00004375457764,790.9375,0.0250000113380001,262448.0,276.1931750640869,60.00156799316406,685.375
14,23,6,2018,54.0,63.66666666666666,151.0,113.0,0.7,18.0,181.0,7.0,50.00004375457764,790.9375,0.0250000113380001,262448.0,276.1931750640869,60.00156799316406,685.375
15,23,6,2018,55.0,62.766666666666666,156.0,113.0,0.7,17.0,181.0,7.0,50.0,788.0,0.0250000123360008,262648.0,276.1813998413086,60.00336799621582,685.0
16,23,6,2018,55.0,61.766666666666666,161.0,111.0,0.7,17.0,181.0,8.0,50.0,788.0,0.0250000123360008,262648.0,276.1813998413086,60.00336799621582,685.0
17,23,6,2018,53.0,60.36666666666667,161.0,113.0,0.7,16.0,181.0,6.0,50.0,788.0,0.0250000123360008,262648.0,276.1813998413086,60.00336799621582,685.0
18,23,6,2018,48.0,58.766666666666666,154.0,125.0,0.7,24.0,181.0,5.0,50.0,785.75,0.0250000125910006,262716.0,276.16199981689454,60.00285599517822,685.0
19,23,6,2018,47.0,57.36666666666667,144.0,123.0,0.8,26.0,181.0,5.0,50.0,785.75,0.0250000125910006,262716.0,276.16199981689454,60.00285599517822,685.0
20,23,6,2018,55.0,57.6,131.0,139.0,0.9,34.0,181.0,4.0,50.0,785.75,0.0250000125910006,262716.0,276.16199981689454,60.00285599517822,685.0
21,23,6,2018,56.0,57.766666666666666,116.0,144.0,0.9,35.0,181.0,4.0,50.0,784.125,0.0250000130470004,263016.0,276.14600006103507,60.00250799560547,687.4375
22,23,6,2018,72.0,58.56666666666667,114.0,177.0,1.1,47.0,181.0,4.0,50.0,784.125,0.0250000130470004,263016.0,276.14600006103507,60.00250799560547,687.4375
23,23,6,2018,66.0,59.3,106.0,162.0,1.0,41.0,181.0,3.0,50.0,784.125,0.0250000130470004,263016.0,276.14600006103507,60.00250799560547,687.4375
0,24,6,2018,74.0,60.1,118.0,186.0,1.0,46.0,152.0,3.0,50.0,795.6875,0.0250000140730002,263084.0,276.16829986572264,60.00512399291992,734.375
1,24,6,2018,69.0,60.71666666666667,103.0,155.0,0.9,45.0,133.0,3.0,50.0,795.6875,0.0250000140730002,263084.0,276.16829986572264,60.00512399291992,734.375
2,24,6,2018,67.0,61.25,105.0,159.0,0.9,52.0,100.0,2.0,50.0,795.6875,0.0250000140730002,263084.0,276.16829986572264,60.00512399291992,734.375
3,24,6,2018,70.0,61.78333333333333,101.0,152.0,0.9,47.0,94.0,2.0,50.0,791.6875,0.0250000150470007,262928.0,276.1931750640869,60.00489599609375,856.6124999999997
4,24,6,2018,77.0,62.28333333333333,103.0,148.0,0.8,59.0,71.0,3.0,50.0,791.6875,0.0250000150470007,262928.0,276.1931750640869,60.00489599609375,856.6124999999997
5,24,6,2018,76.0,62.75,101.0,144.0,0.8,48.0,78.0,3.0,50.0,791.6875,0.0250000150470007,262928.0,276.1931750640869,60.00489599609375,856.6124999999997
6,24,6,2018,67.0,63.03333333333333,90.0,125.0,0.7,39.0,90.0,2.0,50.0,795.1875,0.0250000140940006,262828.0,276.1931750640869,60.008387992858886,856.6124999999997
7,24,6,2018,62.0,63.266666666666666,85.0,119.0,0.7,38.0,94.0,3.0,50.0,795.1875,0.0250000140940006,262828.0,276.1931750640869,60.008387992858886,856.6124999999997
8,24,6,2018,60.0,63.43333333333333,88.0,126.0,0.7,35.0,106.0,3.0,50.0,795.1875,0.0250000140940006,262828.0,276.1931750640869,60.008387992858886,856.6124999999997
9,24,6,2018,61.0,63.63333333333333,83.0,113.0,0.8,26.0,134.0,4.0,50.0,795.7468749999999,0.0250000140130007,262680.0,276.1931750640869,60.005567993164064,749.75
10,24,6,2018,64.0,63.66666666666666,86.0,118.0,0.8,22.0,161.0,4.0,50.0,795.7468749999999,0.0250000140130007,262680.0,276.1931750640869,60.005567993164064,749.75
11,24,6,2018,69.0,63.9,93.0,121.0,0.7,19.0,181.0,4.0,50.0,795.7468749999999,0.0250000140130007,262680.0,276.1931750640869,60.005567993164064,749.75
12,24,6,2018,74.0,64.26666666666667,115.0,120.0,0.8,15.0,181.0,4.0,50.00001874923706,793.125,0.025000012178,262820.0,276.1931750640869,60.00621599578857,685.3125
13,24,6,2018,79.0,64.8,131.0,126.0,1.0,14.0,181.0,4.0,50.00001874923706,793.125,0.025000012178,262820.0,276.1931750640869,60.00621599578857,685.3125
14,24,6,2018,74.0,65.06666666666666,139.0,124.0,1.0,13.0,181.0,4.0,50.00001874923706,793.125,0.025000012178,262820.0,276.1931750640869,60.00621599578857,685.3125
15,24,6,2018,63.0,64.93333333333334,142.0,100.0,0.9,12.0,181.0,3.0,50.0,788.8125,0.025000009943,262984.0,276.1931750640869,60.0047439956665,685.0
16,24,6,2018,59.0,64.56666666666666,140.0,114.0,0.8,12.0,181.0,2.0,50.0,788.8125,0.025000009943,262984.0,276.1931750640869,60.0047439956665,685.0
17,24,6,2018,52.0,63.63333333333333,132.0,104.0,0.7,13.0,181.0,2.0,50.0,788.8125,0.025000009943,262984.0,276.1931750640869,60.0047439956665,685.0
18,24,6,2018,48.0,62.96666666666667,123.0,91.0,0.7,14.0,181.0,2.0,50.0,786.9375,0.0250000106669999,262900.0,276.17339996337887,60.0032919921875,685.0
19,24,6,2018,45.0,62.36666666666667,115.0,94.0,0.6,18.0,181.0,2.0,50.0,786.9375,0.0250000106669999,262900.0,276.17339996337887,60.0032919921875,685.0
20,24,6,2018,44.0,62.03333333333333,112.0,75.0,0.6,15.0,181.0,2.0,50.0,786.9375,0.0250000106669999,262900.0,276.17339996337887,60.0032919921875,685.0
21,24,6,2018,44.0,61.66666666666666,96.0,93.0,0.6,23.0,181.0,2.0,50.0,784.9375,0.0250000112780006,262912.0,276.1532000732421,60.0035359954834,685.6875
22,24,6,2018,42.0,61.23333333333333,73.0,95.0,0.6,28.0,170.0,2.0,50.0,784.9375,0.0250000112780006,262912.0,276.1532000732421,60.0035359954834,685.6875
23,24,6,2018,39.0,60.766666666666666,80.0,109.0,0.6,30.0,148.0,2.0,50.0,784.9375,0.0250000112780006,262912.0,276.1532000732421,60.0035359954834,685.6875
0,25,6,2018,38.0,60.43333333333333,74.0,98.0,0.6,29.0,140.0,2.0,50.00001874923706,795.7468749999999,0.0250000127450004,262788.0,276.1657998657226,60.00335599517823,724.9375
1,25,6,2018,38.0,60.13333333333333,78.0,106.0,0.6,40.0,113.0,2.0,50.00001874923706,795.7468749999999,0.0250000127450004,262788.0,276.1657998657226,60.00335599517823,724.9375
2,25,6,2018,38.0,59.56666666666667,76.0,101.0,0.6,47.0,91.0,2.0,50.00001874923706,795.7468749999999,0.0250000127450004,262788.0,276.1657998657226,60.00335599517823,724.9375
3,25,6,2018,37.0,58.93333333333333,64.0,78.0,0.6,29.0,112.0,2.0,50.00000625610353,795.7468749999999,0.0250000139650004,262600.0,276.18119995117183,60.00403999328614,770.625
4,25,6,2018,46.0,58.06666666666667,72.0,93.0,0.6,33.0,99.0,2.0,50.00000625610353,795.7468749999999,0.0250000139650004,262600.0,276.18119995117183,60.00403999328614,770.625
5,25,6,2018,55.0,57.7,77.0,104.0,0.6,34.0,86.0,2.0,50.00000625610353,795.7468749999999,0.0250000139650004,262600.0,276.18119995117183,60.00403999328614,770.625
6,25,6,2018,64.0,57.36666666666667,88.0,125.0,0.7,42.0,81.0,3.0,50.00013750076294,795.7468749999999,0.0250000145090008,262700.0,276.18739990234366,60.0012559967041,746.625
7,25,6,2018,69.0,57.36666666666667,93.0,129.0,0.8,45.0,86.0,3.0,50.00013750076294,795.7468749999999,0.0250000145090008,262700.0,276.18739990234366,60.0012559967041,746.625
8,25,6,2018,74.0,57.6,99.0,145.0,0.8,47.0,95.0,4.0,50.00013750076294,795.7468749999999,0.0250000145090008,262700.0,276.18739990234366,60.0012559967041,746.625
9,25,6,2018,76.0,57.8,106.0,161.0,0.8,43.0,120.0,4.0,50.00005000114441,795.7468749999999,0.0250000163579992,262660.0,276.1726998901367,60.00354399108887,713.8125
10,25,6,2018,80.0,57.9,110.0,169.0,0.8,34.0,155.0,3.0,50.00005000114441,795.7468749999999,0.0250000163579992,262660.0,276.1726998901367,60.00354399108887,713.8125
11,25,6,2018,83.0,58.13333333333333,110.0,155.0,0.8,26.0,181.0,2.0,50.00005000114441,795.7468749999999,0.0250000163579992,262660.0,276.1726998901367,60.00354399108887,713.8125
12,25,6,2018,82.0,58.63333333333333,109.0,145.0,0.8,21.0,181.0,2.0,50.00004375457764,795.7468749999999,0.0250000172359999,262904.0,276.1641998291016,60.00334399414061,685.3125
13,25,6,2018,82.0,59.3,109.0,129.0,0.8,21.0,181.0,2.0,50.00004375457764,795.7468749999999,0.0250000172359999,262904.0,276.1641998291016,60.00334399414061,685.3125
14,25,6,2018,81.0,60.0,108.0,125.0,0.9,31.0,181.0,2.0,50.00004375457764,795.7468749999999,0.0250000172359999,262904.0,276.1641998291016,60.00334399414061,685.3125
15,25,6,2018,86.0,60.833333333333336,114.0,141.0,1.0,37.0,176.0,2.0,50.00003125190735,795.3125,0.0250000166180003,263028.0,276.15119995117186,60.003887992858886,685.0
16,25,6,2018,86.0,61.56666666666667,114.0,133.0,0.9,40.0,171.0,2.0,50.00003125190735,795.3125,0.0250000166180003,263028.0,276.15119995117186,60.003887992858886,685.0
17,25,6,2018,85.0,62.1,113.0,127.0,0.9,43.0,160.0,2.0,50.00003125190735,795.3125,0.0250000166180003,263028.0,276.15119995117186,60.003887992858886,685.0
18,25,6,2018,85.0,62.46666666666667,113.0,117.0,1.0,49.0,159.0,2.0,50.0,792.625,0.0250000163240004,262800.0,276.13329986572256,60.001955993652345,685.0
19,25,6,2018,80.0,62.5,106.0,139.0,0.9,40.0,164.0,2.0,50.0,792.625,0.0250000163240004,262800.0,276.13329986572256,60.001955993652345,685.0
20,25,6,2018,93.0,63.13333333333333,123.0,151.0,1.1,56.0,143.0,2.0,50.0,792.625,0.0250000163240004,262800.0,276.13329986572256,60.001955993652345,685.0
21,25,6,2018,111.0,64.73333333333333,145.0,172.0,1.2,62.0,115.0,2.0,50.0,791.4375,0.0250000158890001,262868.0,276.125599975586,60.00197199249268,687.75
22,25,6,2018,118.0,66.7,154.0,178.0,1.2,51.0,114.0,2.0,50.0,791.4375,0.0250000158890001,262868.0,276.125599975586,60.00197199249268,687.75
23,25,6,2018,151.0,70.0,201.0,200.0,1.4,50.0,107.0,2.0,50.0,791.4375,0.0250000158890001,262868.0,276.125599975586,60.00197199249268,687.75
0,26,6,2018,165.0,74.3,224.0,181.0,1.4,36.0,132.0,2.0,50.000025005340575,787.375,0.0250000170520003,262908.0,276.14190002441404,60.00178799438476,779.6875
1,26,6,2018,165.0,78.8,224.0,177.05,1.4,33.0,128.0,2.0,50.000025005340575,787.375,0.0250000170520003,262908.0,276.14190002441404,60.00178799438476,779.6875
2,26,6,2018,165.0,83.0,220.0,173.1,1.3,31.0,115.0,2.0,50.000025005340575,787.375,0.0250000170520003,262908.0,276.14190002441404,60.00178799438476,779.6875
3,26,6,2018,165.0,87.43333333333334,224.0,169.15,1.4,30.0,97.0,2.0,50.00001874923706,790.9375,0.025000016369,262652.0,276.1738998413086,60.00282799530029,856.6124999999997
4,26,6,2018,165.0,92.36666666666666,224.0,165.2,1.7,39.0,64.0,2.0,50.00001874923706,790.9375,0.025000016369,262652.0,276.1738998413086,60.00282799530029,856.6124999999997
5,26,6,2018,165.0,97.6,224.0,161.25,1.8,50.0,41.0,2.0,50.00001874923706,790.9375,0.025000016369,262652.0,276.1738998413086,60.00282799530029,856.6124999999997
6,26,6,2018,165.0,103.13333333333334,224.0,157.3,1.8,57.0,30.0,2.0,50.0,792.625,0.0250000156169999,262392.0,276.1931750640869,60.00782399749756,856.6124999999997
7,26,6,2018,165.0,108.6,224.0,153.35,1.8,50.0,48.0,2.0,50.0,792.625,0.0250000156169999,262392.0,276.1931750640869,60.00782399749756,856.6124999999997
8,26,6,2018,165.0,113.7,224.0,149.4,1.8,38.0,84.0,2.0,50.0,792.625,0.0250000156169999,262392.0,276.1931750640869,60.00782399749756,856.6124999999997
9,26,6,2018,165.0,119.13333333333334,224.0,145.45,1.8,38.0,104.0,2.0,50.0,792.9375,0.0250000151300001,262016.0,276.1931750640869,60.00663199615479,787.4375
10,26,6,2018,165.0,123.9,224.0,141.5,1.8,29.0,143.0,2.0,50.0,792.9375,0.0250000151300001,262016.0,276.1931750640869,60.00663199615479,787.4375
11,26,6,2018,165.0,128.53333333333333,224.0,137.55,1.6,21.0,172.0,2.0,50.0,792.9375,0.0250000151300001,262016.0,276.1931750640869,60.00663199615479,787.4375
12,26,6,2018,165.0,132.4,224.0,133.6,1.5,17.0,181.0,2.0,50.0,792.0625,0.0250000151830008,262172.0,276.1931750640869,60.00275999450685,685.3125
13,26,6,2018,165.0,135.83333333333334,222.0,129.65,1.4,17.0,181.0,2.0,50.0,792.0625,0.0250000151830008,262172.0,276.1931750640869,60.00275999450685,685.3125
14,26,6,2018,162.0,138.76666666666668,212.0,125.7,1.3,18.0,181.0,2.0,50.0,792.0625,0.0250000151830008,262172.0,276.1931750640869,60.00275999450685,685.3125
15,26,6,2018,131.0,140.6,173.0,121.75,1.2,16.0,181.0,2.0,50.0,788.3125,0.025000014804,262220.0,276.17039978027344,60.00339599609375,685.0
16,26,6,2018,120.0,141.93333333333334,157.0,117.8,1.1,15.0,181.0,2.0,50.0,788.3125,0.025000014804,262220.0,276.17039978027344,60.00339599609375,685.0
17,26,6,2018,111.0,142.86666666666667,145.0,113.85,1.0,15.0,181.0,2.0,50.0,788.3125,0.025000014804,262220.0,276.17039978027344,60.00339599609375,685.0
18,26,6,2018,106.0,143.66666666666666,139.0,109.9,1.0,20.0,181.0,2.0,50.0,784.0,0.0250000148800006,262112.0,276.1369998168945,60.001547996521,685.0
19,26,6,2018,85.0,143.76666666666668,119.0,105.95,1.0,25.0,181.0,2.0,50.0,784.0,0.0250000148800006,262112.0,276.1369998168945,60.001547996521,685.0
20,26,6,2018,79.0,143.7,108.0,102.0,0.9,28.0,181.0,2.0,50.0,784.0,0.0250000148800006,262112.0,276.1369998168945,60.001547996521,685.0
21,26,6,2018,85.0,143.66666666666666,113.0,100.0,1.0,26.0,181.0,2.0,50.0,780.4375,0.0250000138250002,262252.0,276.1155999755859,60.00246399688721,688.5
22,26,6,2018,89.0,143.76666666666668,118.0,119.0,1.0,27.0,181.0,2.0,50.0,780.4375,0.0250000138250002,262252.0,276.1155999755859,60.00246399688721,688.5
23,26,6,2018,97.0,144.16666666666666,128.0,125.0,1.0,27.0,181.0,2.0,50.0,780.4375,0.0250000138250002,262252.0,276.1155999755859,60.00246399688721,688.5
0,27,6,2018,97.0,144.518333333333,128.0,134.0,1.0,28.0,172.0,2.0,50.0,787.875,0.0250000134360008,262196.0,276.1911999511718,60.00459199523926,805.3125
1,27,6,2018,107.0,144.518333333333,140.0,143.0,1.0,41.0,133.0,2.0,50.0,787.875,0.0250000134360008,262196.0,276.1911999511718,60.00459199523926,805.3125
2,27,6,2018,89.0,144.518333333333,118.0,102.5,1.0,63.0,72.0,2.0,50.0,787.875,0.0250000134360008,262196.0,276.1911999511718,60.00459199523926,805.3125
3,27,6,2018,54.0,143.43333333333334,74.0,62.0,0.8,82.0,40.0,2.0,50.0,791.9375,0.0250000063250009,262068.0,276.1931750640869,60.007603996276856,853.625
4,27,6,2018,60.0,141.5,81.0,88.0,0.9,95.0,24.0,2.0,50.0,791.9375,0.0250000063250009,262068.0,276.1931750640869,60.007603996276856,853.625
5,27,6,2018,64.0,138.6,86.0,106.0,0.9,103.0,8.0,2.0,50.0,791.9375,0.0250000063250009,262068.0,276.1931750640869,60.007603996276856,853.625
6,27,6,2018,72.0,135.1,96.0,125.0,0.9,94.0,19.0,2.0,50.0,785.875,0.0250000065160002,261804.0,276.1931750640869,60.00606399536133,856.6124999999997
7,27,6,2018,70.0,131.43333333333334,94.0,129.0,1.0,87.0,33.0,2.0,50.0,785.875,0.0250000065160002,261804.0,276.1931750640869,60.00606399536133,856.6124999999997
8,27,6,2018,59.0,127.73333333333332,80.0,101.0,0.9,73.0,60.0,2.0,50.0,785.875,0.0250000065160002,261804.0,276.1931750640869,60.00606399536133,856.6124999999997
9,27,6,2018,49.0,123.46666666666668,68.0,71.0,0.7,40.0,109.0,2.0,50.0,787.25,0.0250000070930011,261824.0,276.1931750640869,60.00775199127197,792.1875
10,27,6,2018,27.0,118.03333333333332,39.0,65.0,0.4,21.0,100.0,2.0,50.0,787.25,0.0250000070930011,261824.0,276.1931750640869,60.00775199127197,792.1875
11,27,6,2018,17.0,112.06666666666666,55.0,59.0,0.3,10.0,98.0,2.0,50.0,787.25,0.0250000070930011,261824.0,276.1931750640869,60.00775199127197,792.1875
12,27,6,2018,7.0,105.5,52.0,54.0,0.3,10.0,106.0,2.0,50.0,785.375,0.025000007592,262120.0,276.1931750640869,60.00581199645996,685.375
13,27,6,2018,16.0,99.3,42.0,42.0,0.3,11.0,109.0,2.0,50.0,785.375,0.025000007592,262120.0,276.1931750640869,60.00581199645996,685.375
14,27,6,2018,14.0,93.4,60.0,69.0,0.3,14.0,124.0,2.0,50.0,785.375,0.025000007592,262120.0,276.1931750640869,60.00581199645996,685.375
15,27,6,2018,6.0,86.93333333333334,34.0,33.0,0.2,12.0,110.0,2.0,50.0,783.0625,0.0250000078250002,262300.0,276.1913000488281,60.0060719909668,685.0
16,27,6,2018,13.0,81.06666666666666,43.0,43.0,0.2,13.0,110.0,2.0,50.0,783.0625,0.0250000078250002,262300.0,276.1913000488281,60.0060719909668,685.0
17,27,6,2018,9.0,74.9,38.0,38.0,0.2,13.0,109.0,2.0,50.0,783.0625,0.0250000078250002,262300.0,276.1913000488281,60.0060719909668,685.0
18,27,6,2018,6.0,69.1,36.0,36.0,0.3,15.0,103.0,2.0,50.0,779.0,0.0250000079040005,262680.0,276.1570999145508,60.00354799652099,685.0
19,27,6,2018,7.0,63.6,37.0,37.0,0.3,19.0,96.0,2.0,50.0,779.0,0.0250000079040005,262680.0,276.1570999145508,60.00354799652099,685.0
20,27,6,2018,4.0,58.333333333333336,41.0,41.0,0.3,23.0,85.0,2.0,50.0,779.0,0.0250000079040005,262680.0,276.1570999145508,60.00354799652099,685.0
21,27,6,2018,7.0,54.2,52.0,53.0,0.3,33.0,63.0,2.0,50.0,776.375,0.0250000077919997,262748.0,276.1363000488281,60.0032319946289,687.375
22,27,6,2018,5.0,50.36666666666667,33.0,33.0,0.3,32.0,55.0,2.0,50.0,776.375,0.0250000077919997,262748.0,276.1363000488281,60.0032319946289,687.375
23,27,6,2018,3.0,46.766666666666666,24.0,24.0,0.2,18.0,62.0,2.0,50.0,776.375,0.0250000077919997,262748.0,276.1363000488281,60.0032319946289,687.375
0,28,6,2018,3.0,43.333333333333336,22.0,22.0,0.2,18.0,57.0,2.0,50.0,778.5,0.0250000074320007,262864.0,276.1819000244141,60.00847599792481,809.3125
1,28,6,2018,3.0,40.6,16.0,16.0,0.2,21.0,52.0,2.0,50.0,778.5,0.0250000074320007,262864.0,276.1819000244141,60.00847599792481,809.3125
2,28,6,2018,3.0,38.06666666666667,17.0,17.0,0.2,29.0,43.0,2.0,50.0,778.5,0.0250000074320007,262864.0,276.1819000244141,60.00847599792481,809.3125
3,28,6,2018,3.0,35.333333333333336,31.0,31.0,0.2,34.0,34.0,2.0,50.0,782.25,0.0250000077210012,262776.0,276.1931750640869,60.00555999755859,856.6124999999997
4,28,6,2018,4.0,32.5,30.0,30.0,0.2,32.0,36.0,2.0,50.0,782.25,0.0250000077210012,262776.0,276.1931750640869,60.00555999755859,856.6124999999997
5,28,6,2018,4.0,29.4,27.0,27.0,0.3,28.0,43.0,2.0,50.0,782.25,0.0250000077210012,262776.0,276.1931750640869,60.00555999755859,856.6124999999997
6,28,6,2018,5.0,26.33333333333333,39.0,39.0,0.3,36.0,35.0,2.0,50.0,783.8125,0.0250000069270003,262264.0,276.1931750640869,60.00740399169922,856.6124999999997
7,28,6,2018,3.0,22.866666666666667,37.0,37.0,0.3,20.0,62.0,2.0,50.0,783.8125,0.0250000069270003,262264.0,276.1931750640869,60.00740399169922,856.6124999999997
8,28,6,2018,3.0,20.0,33.0,33.0,0.3,16.0,73.0,2.0,50.0,783.8125,0.0250000069270003,262264.0,276.1931750640869,60.00740399169922,856.6124999999997
9,28,6,2018,6.0,18.4,26.0,26.0,0.3,17.0,81.0,2.0,50.0,789.9375,0.025000006298,262060.0,276.1931750640869,60.00203199768068,770.125
10,28,6,2018,6.0,16.6,30.0,29.0,0.3,14.0,97.0,2.0,50.0,789.9375,0.025000006298,262060.0,276.1931750640869,60.00203199768068,770.125
11,28,6,2018,10.0,14.8,33.0,31.0,0.3,15.0,107.0,2.0,50.0,789.9375,0.025000006298,262060.0,276.1931750640869,60.00203199768068,770.125
12,28,6,2018,10.0,12.733333333333333,37.0,19.0,0.2,13.0,119.0,2.0,50.0,782.1875,0.0250000073640011,262096.0,276.1931750640869,60.003203994750976,685.375
13,28,6,2018,12.0,10.8,38.0,18.0,0.3,11.0,121.0,2.0,50.0,782.1875,0.0250000073640011,262096.0,276.1931750640869,60.003203994750976,685.375
14,28,6,2018,13.0,9.266666666666667,38.0,18.0,0.2,12.0,122.0,2.0,50.0,782.1875,0.0250000073640011,262096.0,276.1931750640869,60.003203994750976,685.375
15,28,6,2018,8.0,7.9,40.0,18.0,0.2,14.0,127.0,2.0,50.0,779.25,0.0250000083870012,262384.0,276.1627999877929,60.00191599273682,685.0
16,28,6,2018,9.0,7.3,47.0,20.0,0.2,12.0,150.0,2.0,50.0,779.25,0.0250000083870012,262384.0,276.1627999877929,60.00191599273682,685.0
17,28,6,2018,13.0,7.166666666666667,47.0,20.0,0.2,14.0,151.0,2.0,50.0,779.25,0.0250000083870012,262384.0,276.1627999877929,60.00191599273682,685.0
18,28,6,2018,8.0,7.2,46.0,24.0,0.2,18.0,148.0,2.0,50.0,776.125,0.0250000083770006,262436.0,276.13690002441405,60.0032559967041,685.0
19,28,6,2018,13.0,7.1,49.0,45.0,0.2,22.0,157.0,2.0,50.0,776.125,0.0250000083770006,262436.0,276.13690002441405,60.0032559967041,685.0
20,28,6,2018,14.0,7.1,64.0,78.0,0.3,41.0,139.0,2.0,50.0,776.125,0.0250000083770006,262436.0,276.13690002441405,60.0032559967041,685.0
21,28,6,2018,18.0,7.5,66.0,82.0,0.4,59.0,101.0,2.0,50.0,774.9375,0.0250000093210004,262320.0,276.11589996337887,60.00383199310303,685.625
22,28,6,2018,23.0,7.833333333333333,65.0,79.0,0.4,56.0,92.0,2.0,50.0,774.9375,0.0250000093210004,262320.0,276.11589996337887,60.00383199310303,685.625
23,28,6,2018,16.0,8.066666666666666,59.0,68.0,0.4,72.0,65.0,2.0,50.0,774.9375,0.0250000093210004,262320.0,276.11589996337887,60.00383199310303,685.625
0,29,6,2018,26.0,8.733333333333333,79.0,108.0,0.5,103.0,16.0,2.0,50.0,781.6875,0.0250000094680003,262176.0,276.1816000366211,60.00390799713135,807.375
1,29,6,2018,22.0,9.233333333333333,70.0,89.0,0.4,85.0,38.0,3.0,50.0,781.6875,0.0250000094680003,262176.0,276.1816000366211,60.00390799713135,807.375
2,29,6,2018,24.0,9.9,69.0,88.0,0.4,62.0,55.0,7.0,50.0,781.6875,0.0250000094680003,262176.0,276.1816000366211,60.00390799713135,807.375
3,29,6,2018,27.0,10.566666666666666,72.0,93.0,0.4,55.0,53.0,6.0,50.0,788.5625,0.0250000086470004,261932.0,276.1931750640869,60.0047919921875,856.6124999999997
4,29,6,2018,27.0,11.3,82.0,114.0,0.4,84.0,32.5,3.0,50.0,788.5625,0.0250000086470004,261932.0,276.1931750640869,60.0047919921875,856.6124999999997
5,29,6,2018,16.0,11.733333333333333,61.0,72.0,0.3,76.0,12.0,2.0,50.0,788.5625,0.0250000086470004,261932.0,276.1931750640869,60.0047919921875,856.6124999999997
6,29,6,2018,20.0,12.3,62.0,74.0,0.3,74.0,10.0,3.0,50.0,792.8125,0.0250000069210007,261748.0,276.1931750640869,60.00694799804688,856.6124999999997
7,29,6,2018,21.0,12.9,78.0,105.0,0.4,73.0,17.0,3.0,50.0,792.8125,0.0250000069210007,261748.0,276.1931750640869,60.00694799804688,856.6124999999997
8,29,6,2018,20.0,13.466666666666669,85.0,120.0,0.5,71.0,42.0,3.0,50.0,792.8125,0.0250000069210007,261748.0,276.1931750640869,60.00694799804688,856.6124999999997
9,29,6,2018,31.0,14.4,79.0,108.0,0.5,70.0,70.0,3.0,50.00041218996048,795.7468749999999,0.0250000073589999,261668.0,276.1931750640869,60.00911199188232,753.125
10,29,6,2018,23.0,15.033333333333331,71.0,91.0,0.5,56.0,116.0,2.0,50.00041218996048,795.7468749999999,0.0250000073589999,261668.0,276.1931750640869,60.00911199188232,753.125
11,29,6,2018,26.0,15.766666666666667,71.0,92.0,0.5,49.0,167.0,2.0,50.00041218996048,795.7468749999999,0.0250000073589999,261668.0,276.1931750640869,60.00911199188232,753.125
12,29,6,2018,25.0,16.433333333333334,120.0,81.0,0.4,24.0,181.0,2.0,50.00001250267029,784.8125,0.0250000081590004,261964.0,276.1931750640869,60.00638799285888,685.375
13,29,6,2018,19.0,16.966666666666665,106.0,31.0,0.3,11.0,181.0,2.0,50.00001250267029,784.8125,0.0250000081590004,261964.0,276.1931750640869,60.00638799285888,685.375
14,29,6,2018,11.0,17.233333333333334,89.0,27.5,0.2,10.0,181.0,2.0,50.00001250267029,784.8125,0.0250000081590004,261964.0,276.1931750640869,60.00638799285888,685.375
15,29,6,2018,9.0,17.333333333333332,84.0,24.0,0.2,9.0,181.0,2.0,50.0,782.8125,0.0250000092700012,262308.0,276.1667999267578,60.00349599456787,685.0
16,29,6,2018,16.0,17.666666666666668,86.0,85.0,0.2,15.0,181.0,2.0,50.0,782.8125,0.0250000092700012,262308.0,276.1667999267578,60.00349599456787,685.0
17,29,6,2018,12.0,17.733333333333334,54.0,58.0,0.3,20.0,160.0,2.0,50.0,782.8125,0.0250000092700012,262308.0,276.1667999267578,60.00349599456787,685.0
18,29,6,2018,17.0,17.966666666666665,101.0,151.0,0.3,24.0,141.0,2.0,50.0,780.3125,0.0250000106410002,262560.0,276.13389984130856,60.0028039932251,685.0
19,29,6,2018,13.0,18.0,51.0,51.0,0.3,22.0,146.0,2.0,50.0,780.3125,0.0250000106410002,262560.0,276.13389984130856,60.0028039932251,685.0
20,29,6,2018,17.0,18.133333333333333,39.0,39.0,0.4,40.0,125.0,2.0,50.0,780.3125,0.0250000106410002,262560.0,276.13389984130856,60.0028039932251,685.0
21,29,6,2018,14.0,18.33333333333333,63.0,75.0,0.4,34.0,116.0,2.0,50.0,778.9375,0.0250000117260003,262740.0,276.11380004882807,60.00260399627685,687.5625
22,29,6,2018,19.0,18.666666666666668,61.0,71.0,0.4,41.0,95.0,2.0,50.0,778.9375,0.0250000117260003,262740.0,276.11380004882807,60.00260399627685,687.5625
23,29,6,2018,22.0,18.966666666666665,63.0,76.0,0.4,74.0,50.0,2.0,50.0,778.9375,0.0250000117260003,262740.0,276.11380004882807,60.00260399627685,687.5625
0,30,6,2018,28.0,19.633333333333333,89.0,127.0,0.6,103.0,3.0,2.0,50.0,783.375,0.0250000124590005,263064.0,276.164100036621,60.00458799743652,804.625
1,30,6,2018,26.0,20.066666666666663,85.0,120.0,0.5,96.0,6.0,2.0,50.0,783.375,0.0250000124590005,263064.0,276.164100036621,60.00458799743652,804.625
2,30,6,2018,18.0,20.2,63.0,75.0,0.4,87.0,12.0,2.0,50.0,783.375,0.0250000124590005,263064.0,276.164100036621,60.00458799743652,804.625
3,30,6,2018,25.0,20.433333333333334,74.0,98.0,0.5,94.0,2.0,2.0,50.0,788.25,0.0250000124630006,262916.0,276.1931750640869,60.00615199279786,856.6124999999997
4,30,6,2018,21.0,20.366666666666667,67.0,84.0,0.6,82.0,17.0,2.0,50.0,788.25,0.0250000124630006,262916.0,276.1931750640869,60.00615199279786,856.6124999999997
5,30,6,2018,24.0,20.633333333333333,70.0,90.0,0.6,76.0,20.0,2.0,50.0,788.25,0.0250000124630006,262916.0,276.1931750640869,60.00615199279786,856.6124999999997
6,30,6,2018,22.0,20.5,77.0,103.0,0.7,81.0,16.0,3.0,50.0,794.0,0.0250000115440003,262848.0,276.1931750640869,60.00733999633789,856.6124999999997
7,30,6,2018,25.0,20.6,77.0,103.0,0.8,62.0,40.0,4.0,50.0,794.0,0.0250000115440003,262848.0,276.1931750640869,60.00733999633789,856.6124999999997
8,30,6,2018,27.0,20.7,75.0,100.0,0.9,49.0,69.0,7.0,50.0,794.0,0.0250000115440003,262848.0,276.1931750640869,60.00733999633789,856.6124999999997
9,30,6,2018,29.0,20.766666666666666,79.0,108.0,1.1,46.0,92.0,8.0,50.0,795.7468749999999,0.025000013518,262904.0,276.1931750640869,60.00911199188232,718.0625
10,30,6,2018,39.0,21.166666666666668,75.0,99.0,1.0,40.0,130.0,9.0,50.0,795.7468749999999,0.025000013518,262904.0,276.1931750640869,60.00911199188232,718.0625
11,30,6,2018,45.0,22.133333333333333,83.0,115.0,1.0,37.0,172.0,9.0,50.0,795.7468749999999,0.025000013518,262904.0,276.1931750640869,60.00911199188232,718.0625
12,30,6,2018,47.0,23.03333333333333,112.0,110.0,0.9,33.0,181.0,8.0,50.0,781.875,0.0250000136299999,263580.0,276.12119995117183,60.00769199371338,685.3125
13,30,6,2018,48.0,23.933333333333334,138.0,86.0,0.7,19.0,181.0,8.0,50.0,781.875,0.0250000136299999,263580.0,276.12119995117183,60.00769199371338,685.3125
14,30,6,2018,46.0,24.8,144.0,100.0,0.7,12.0,181.0,8.0,50.0,781.875,0.0250000136299999,263580.0,276.12119995117183,60.00769199371338,685.3125
15,30,6,2018,37.0,25.0,135.0,70.0,0.6,10.0,181.0,4.0,50.00030625343323,781.5,0.0250000142390001,263612.0,276.11449981689447,60.00559199523926,685.0
16,30,6,2018,27.0,25.133333333333333,119.0,80.5,0.4,7.0,181.0,2.0,50.00030625343323,781.5,0.0250000142390001,263612.0,276.11449981689447,60.00559199523926,685.0
17,30,6,2018,28.0,25.2,109.0,91.0,0.4,14.0,181.0,2.0,50.00030625343323,781.5,0.0250000142390001,263612.0,276.11449981689447,60.00559199523926,685.0
18,30,6,2018,27.0,25.266666666666666,86.0,121.0,0.5,23.0,181.0,2.0,50.0,778.6875,0.0250000132800005,263700.0,276.0977999877929,60.00269599151611,685.0
19,30,6,2018,20.0,25.3,56.0,62.0,0.5,22.0,162.0,2.0,50.0,778.6875,0.0250000132800005,263700.0,276.0977999877929,60.00269599151611,685.0
20,30,6,2018,29.0,25.9,72.0,93.0,0.5,29.0,150.0,2.0,50.0,778.6875,0.0250000132800005,263700.0,276.0977999877929,60.00269599151611,685.0
21,30,6,2018,24.0,26.4,50.0,50.0,0.5,24.0,160.0,2.0,50.00005000114441,779.5,0.0250000143150007,263928.0,276.0975,60.00271199798584,686.5
22,30,6,2018,20.0,26.53333333333333,59.0,68.0,0.5,23.0,147.0,2.0,50.00005000114441,779.5,0.0250000143150007,263928.0,276.0975,60.00271199798584,686.5
23,30,6,2018,29.0,27.1,78.0,105.0,0.5,17.0,137.0,2.0,50.00005000114441,779.5,0.0250000143150007,263928.0,276.0975,60.00271199798584,686.5
0,1,7,2018,28.0,27.466666666666665,46.0,46.0,0.5,20.0,116.0,2.0,50.00011250495911,789.25,0.0250000131930001,263972.0,276.11880004882806,60.00517599487305,727.0
1,1,7,2018,32.0,28.1,46.0,42.0,0.5,38.0,83.0,2.0,50.00011250495911,789.25,0.0250000131930001,263972.0,276.11880004882806,60.00517599487305,727.0
2,1,7,2018,42.0,28.933333333333334,59.0,51.0,0.6,34.0,78.0,2.0,50.00011250495911,789.25,0.0250000131930001,263972.0,276.11880004882806,60.00517599487305,727.0
3,1,7,2018,42.0,29.866666666666667,59.0,51.0,0.5,27.0,82.0,2.0,50.0,784.875,0.0250000142760006,263732.0,276.14419982910147,60.00322799682617,856.6124999999997
4,1,7,2018,41.0,30.6,58.0,51.0,0.6,42.0,70.0,2.0,50.0,784.875,0.0250000142760006,263732.0,276.14419982910147,60.00322799682617,856.6124999999997
5,1,7,2018,35.0,31.03333333333333,50.0,36.0,0.5,27.0,58.0,2.0,50.0,784.875,0.0250000142760006,263732.0,276.14419982910147,60.00322799682617,856.6124999999997
6,1,7,2018,34.0,31.23333333333333,49.0,43.0,0.5,35.0,47.0,2.0,50.0,791.625,0.0250000156810004,263508.0,276.1772998046875,60.005943992614746,848.4375
7,1,7,2018,34.0,31.5,49.0,36.0,0.5,36.0,49.0,2.0,50.0,791.625,0.0250000156810004,263508.0,276.1772998046875,60.005943992614746,848.4375
8,1,7,2018,32.0,31.966666666666665,46.0,39.0,0.6,31.0,77.0,2.0,50.0,791.625,0.0250000156810004,263508.0,276.1772998046875,60.005943992614746,848.4375
9,1,7,2018,39.0,32.43333333333333,55.0,53.0,0.8,36.0,79.0,2.0,50.0,792.75,0.0250000147050004,263248.0,276.1931750640869,60.00363599395752,768.625
10,1,7,2018,51.0,33.43333333333333,70.0,73.0,1.1,33.0,90.0,4.0,50.0,792.75,0.0250000147050004,263248.0,276.1931750640869,60.00363599395752,768.625
11,1,7,2018,60.0,34.63333333333333,81.0,86.0,1.2,28.0,112.0,8.0,50.0,792.75,0.0250000147050004,263248.0,276.1931750640869,60.00363599395752,768.625
12,1,7,2018,70.0,36.23333333333333,94.0,90.0,1.4,23.0,145.0,8.0,50.0,789.875,0.0250000146790007,263232.0,276.16229980468745,60.00228799438477,685.3125
13,1,7,2018,70.0,37.73333333333333,94.0,87.0,1.3,16.0,181.0,7.0,50.0,789.875,0.0250000146790007,263232.0,276.16229980468745,60.00228799438477,685.3125
14,1,7,2018,70.0,39.16666666666666,100.0,102.0,1.1,12.0,181.0,4.0,50.0,789.875,0.0250000146790007,263232.0,276.16229980468745,60.00228799438477,685.3125
15,1,7,2018,94.0,41.333333333333336,124.0,107.0,1.3,13.0,181.0,2.0,50.0,786.5625,0.0250000145730003,263456.0,276.13779998779296,60.00247999572754,685.0
16,1,7,2018,90.0,43.03333333333333,119.0,96.0,1.3,12.0,181.0,2.0,50.0,786.5625,0.0250000145730003,263456.0,276.13779998779296,60.00247999572754,685.0
17,1,7,2018,78.0,44.13333333333333,121.0,88.0,1.1,12.0,181.0,2.0,50.0,786.5625,0.0250000145730003,263456.0,276.13779998779296,60.00247999572754,685.0
18,1,7,2018,68.0,44.833333333333336,119.0,91.0,1.1,13.0,181.0,2.0,50.0,785.25,0.0250000149350008,263436.0,276.12600006103514,60.00321199798584,685.0
19,1,7,2018,58.0,45.16666666666666,117.0,83.0,1.0,14.0,181.0,2.0,50.0,785.25,0.0250000149350008,263436.0,276.12600006103514,60.00321199798584,685.0
20,1,7,2018,45.0,45.13333333333333,95.0,74.0,0.9,20.0,181.0,2.0,50.0,785.25,0.0250000149350008,263436.0,276.12600006103514,60.00321199798584,685.0
21,1,7,2018,59.0,45.86666666666667,85.0,119.0,1.1,22.0,170.0,2.0,50.0,782.5625,0.0250000140220001,263492.0,276.11,60.003527992248536,687.0625
22,1,7,2018,45.0,46.46666666666667,69.0,87.0,0.8,26.0,110.0,2.0,50.0,782.5625,0.0250000140220001,263492.0,276.11,60.003527992248536,687.0625
23,1,7,2018,34.0,46.66666666666666,58.0,65.0,0.7,27.0,74.0,2.0,50.0,782.5625,0.0250000140220001,263492.0,276.11,60.003527992248536,687.0625
0,2,7,2018,37.0,47.0,54.0,57.0,0.9,23.0,66.0,2.0,50.0,787.875,0.0250000149300005,263396.0,276.13259979248045,60.00359599304199,756.0625
1,2,7,2018,35.0,47.5,50.0,48.0,1.0,23.0,58.0,2.0,50.0,787.875,0.0250000149300005,263396.0,276.13259979248045,60.00359599304199,756.0625
2,2,7,2018,35.0,47.7,52.0,54.0,1.0,21.0,51.0,2.0,50.0,787.875,0.0250000149300005,263396.0,276.13259979248045,60.00359599304199,756.0625
3,2,7,2018,34.0,48.03333333333333,51.0,51.0,0.8,24.0,42.0,2.0,50.0,788.5625,0.0250000154380006,263116.0,276.154100036621,60.0049759979248,849.0625
4,2,7,2018,43.0,48.8,60.0,64.0,1.1,26.0,33.0,2.0,50.0,788.5625,0.0250000154380006,263116.0,276.154100036621,60.0049759979248,849.0625
5,2,7,2018,50.0,49.5,69.0,61.0,1.1,25.0,32.0,2.0,50.0,788.5625,0.0250000154380006,263116.0,276.154100036621,60.0049759979248,849.0625
6,2,7,2018,53.0,50.333333333333336,73.0,66.0,1.0,32.0,21.0,2.0,50.00010000228882,794.125,0.02500001456,262916.0,276.1931750640869,60.00587199401856,835.625
7,2,7,2018,60.0,51.266666666666666,81.0,83.0,1.2,34.0,17.0,2.0,50.00010000228882,794.125,0.02500001456,262916.0,276.1931750640869,60.00587199401856,835.625
8,2,7,2018,72.0,52.266666666666666,96.0,78.0,1.2,25.0,27.0,2.0,50.00010000228882,794.125,0.02500001456,262916.0,276.1931750640869,60.00587199401856,835.625
10,2,7,2018,60.0,52.86666666666667,81.0,63.0,0.9,19.0,59.0,2.0,50.00010000228882,794.125,0.02500001456,262916.0,276.1931750640869,60.00587199401856,835.625
12,2,7,2018,61.0,53.53333333333333,83.0,56.0,0.8,14.0,109.0,2.0,50.00021875381471,792.5625,0.0250000148020004,262620.0,276.17739990234367,60.00443599700928,685.3125
14,2,7,2018,49.0,54.0,68.0,49.0,0.7,8.0,168.0,2.0,50.00021875381471,792.5625,0.0250000148020004,262620.0,276.17739990234367,60.00443599700928,685.3125
15,2,7,2018,49.35,54.51166666666666,224.0,234.9499999999989,0.7,13.0,134.0,2.0,50.0,788.5,0.0250000138600002,262836.0,276.1519998168945,60.00138399505615,685.0
16,2,7,2018,49.7,55.035,224.0,234.9499999999989,0.7052631578947368,14.157894736842106,129.21052631578948,2.0,50.0,788.5,0.0250000138600002,262836.0,276.1519998168945,60.00138399505615,685.0
17,2,7,2018,50.05,55.63666666666666,224.0,234.9499999999989,0.7105263157894737,15.31578947368421,124.42105263157896,2.0,50.0,788.5,0.0250000138600002,262836.0,276.1519998168945,60.00138399505615,685.0
18,2,7,2018,50.4,56.016666666666666,224.0,234.9499999999989,0.7157894736842105,16.473684210526315,119.63157894736842,2.0,50.00041218996048,786.8125,0.0250000153260007,262748.0,276.13239990234365,60.003403991699216,685.0
19,2,7,2018,50.75,56.00833333333333,224.0,234.9499999999989,0.7210526315789474,17.63157894736842,114.84210526315788,2.0,50.00041218996048,786.8125,0.0250000153260007,262748.0,276.13239990234365,60.003403991699216,685.0
20,2,7,2018,51.1,55.711666666666666,224.0,234.9499999999989,0.7263157894736842,18.789473684210527,110.05263157894736,2.0,50.00041218996048,786.8125,0.0250000153260007,262748.0,276.13239990234365,60.003403991699216,685.0
21,2,7,2018,51.45,55.09333333333333,224.0,234.9499999999989,0.731578947368421,19.94736842105263,105.26315789473684,2.0,50.00041218996048,784.5,0.0250000148320002,262860.0,276.11720001220704,60.00387599182129,685.625
22,2,7,2018,51.8,54.486666666666665,224.0,234.9499999999989,0.7368421052631579,21.105263157894736,100.47368421052632,2.0,50.00041218996048,784.5,0.0250000148320002,262860.0,276.11720001220704,60.00387599182129,685.625
23,2,7,2018,52.15,53.891666666666666,224.0,234.9499999999989,0.7421052631578947,22.26315789473684,95.68421052631578,2.0,50.00041218996048,784.5,0.0250000148320002,262860.0,276.11720001220704,60.00387599182129,685.625
0,3,7,2018,52.5,52.50833333333333,224.0,234.9499999999989,0.7473684210526316,23.421052631578952,90.89473684210527,2.0,50.0,790.25,0.025000015718,262952.0,276.1169000244141,60.00333999633789,721.375
1,3,7,2018,52.85,51.27,224.0,234.9499999999989,0.7526315789473684,24.578947368421048,86.10526315789473,2.0,50.0,790.25,0.025000015718,262952.0,276.1169000244141,60.00333999633789,721.375
2,3,7,2018,53.2,50.44333333333334,224.0,234.9499999999989,0.7578947368421053,25.73684210526316,81.3157894736842,2.0,50.0,790.25,0.025000015718,262952.0,276.1169000244141,60.00333999633789,721.375
3,3,7,2018,53.55,49.961666666666666,224.0,234.9499999999989,0.7631578947368421,26.894736842105264,76.52631578947368,2.0,50.00041218996048,795.125,0.0250000159320011,262604.0,276.1566998291015,60.00416399383545,765.9375
4,3,7,2018,53.9,49.825,209.578947368421,234.9499999999989,0.768421052631579,28.052631578947373,71.73684210526315,2.0,50.00041218996048,795.125,0.0250000159320011,262604.0,276.1566998291015,60.00416399383545,765.9375
5,3,7,2018,54.25,50.13333333333333,187.31578947368425,234.9499999999989,0.7736842105263159,29.21052631578948,66.94736842105263,2.0,50.00041218996048,795.125,0.0250000159320011,262604.0,276.1566998291015,60.00416399383545,765.9375
6,3,7,2018,54.6,49.98666666666667,165.05263157894734,234.9499999999989,0.7789473684210526,30.36842105263158,62.157894736842096,2.0,50.00041218996048,795.7468749999999,0.0250000151630006,262236.0,276.1854998779297,60.00419199371338,776.75
7,3,7,2018,54.95,50.31833333333334,142.78947368421052,234.9499999999989,0.7842105263157895,31.52631578947368,57.368421052631575,2.0,50.00041218996048,795.7468749999999,0.0250000151630006,262236.0,276.1854998779297,60.00419199371338,776.75
8,3,7,2018,55.3,51.02833333333333,120.5263157894737,215.08333333333337,0.7894736842105263,32.6842105263158,52.57894736842106,2.0,50.00041218996048,795.7468749999999,0.0250000151630006,262236.0,276.1854998779297,60.00419199371338,776.75
9,3,7,2018,55.65,51.65,98.2631578947368,192.5,0.7947368421052632,33.8421052631579,47.78947368421052,2.0,50.00003749847412,795.7468749999999,0.0250000151390004,261944.0,276.1911999511718,60.00275199127197,739.8125
10,3,7,2018,56.0,52.35,76.0,169.91666666666669,0.8,35.0,43.0,2.0,50.00003749847412,795.7468749999999,0.0250000151390004,261944.0,276.1911999511718,60.00275199127197,739.8125
11,3,7,2018,61.0,53.21666666666667,83.0,147.33333333333337,0.8,33.0,63.0,2.0,50.00003749847412,795.7468749999999,0.0250000151390004,261944.0,276.1911999511718,60.00275199127197,739.8125
12,3,7,2018,62.0,54.15,84.0,124.75,0.8,24.0,107.0,2.0,50.0,795.7468749999999,0.0250000159920007,262052.0,276.1677999877929,60.00206799316406,685.3125
13,3,7,2018,59.0,54.683333333333344,80.0,102.16666666666669,0.8,18.0,146.0,2.0,50.0,795.7468749999999,0.0250000159920007,262052.0,276.1677999877929,60.00206799316406,685.3125
14,3,7,2018,63.0,55.11666666666667,85.0,79.58333333333337,0.8,14.0,180.0,2.0,50.0,795.7468749999999,0.0250000159920007,262052.0,276.1677999877929,60.00206799316406,685.3125
15,3,7,2018,56.0,55.21666666666667,84.0,57.0,0.7,11.0,181.0,2.0,50.00021875381471,794.0,0.025000016063001,262108.0,276.15119995117186,60.00514799499512,685.0
16,3,7,2018,61.0,55.25,83.0,58.5,0.8,12.0,181.0,2.0,50.00021875381471,794.0,0.025000016063001,262108.0,276.15119995117186,60.00514799499512,685.0
17,3,7,2018,59.0,54.81666666666667,86.0,60.0,0.8,15.0,181.0,2.0,50.00021875381471,794.0,0.025000016063001,262108.0,276.15119995117186,60.00514799499512,685.0
18,3,7,2018,56.0,54.683333333333344,85.0,64.0,0.9,22.0,181.0,2.0,50.00039999961853,791.5,0.0250000149070005,262032.0,276.1369998168945,60.00177199554443,685.0
19,3,7,2018,59.0,54.61666666666667,80.0,71.0,0.8,23.0,181.0,2.0,50.00039999961853,791.5,0.0250000149070005,262032.0,276.1369998168945,60.00177199554443,685.0
20,3,7,2018,59.0,54.95,80.0,79.0,0.8,30.0,165.0,2.0,50.00039999961853,791.5,0.0250000149070005,262032.0,276.1369998168945,60.00177199554443,685.0
21,3,7,2018,61.0,55.33833333333334,83.0,79.0,0.8,37.0,146.0,2.0,50.0,789.8125,0.025000015269,262212.0,276.1235998535156,60.00175199127197,686.6875
22,3,7,2018,65.0,55.84833333333333,88.0,80.0,0.8,40.0,132.0,2.0,50.0,789.8125,0.025000015269,262212.0,276.1235998535156,60.00175199127197,686.6875
23,3,7,2018,66.0,56.38,89.0,77.0,0.8,30.0,134.0,2.0,50.0,789.8125,0.025000015269,262212.0,276.1235998535156,60.00175199127197,686.6875
0,4,7,2018,77.0,57.266666666666666,103.0,94.0,0.9,36.0,103.0,2.0,50.0,783.8125,0.0250000158630013,262240.0,276.14139984130856,60.001111991882325,799.9375
1,4,7,2018,74.0,58.04166666666666,99.0,99.0,0.8,28.0,91.0,2.0,50.0,783.8125,0.0250000158630013,262240.0,276.14139984130856,60.001111991882325,799.9375
2,4,7,2018,48.0,57.93833333333334,66.0,72.0,0.6,26.0,72.0,2.0,50.0,783.8125,0.0250000158630013,262240.0,276.14139984130856,60.001111991882325,799.9375
3,4,7,2018,42.0,57.62333333333333,59.0,59.0,0.7,27.0,61.0,2.0,50.0,792.8125,0.0250000156459994,262028.0,276.1931750640869,60.0035239944458,856.6124999999997
4,4,7,2018,40.0,57.23,56.0,61.0,0.6,37.0,43.0,2.0,50.0,792.8125,0.0250000156459994,262028.0,276.1931750640869,60.0035239944458,856.6124999999997
5,4,7,2018,40.0,56.825,60.0,69.0,0.7,47.0,26.0,2.0,50.0,792.8125,0.0250000156459994,262028.0,276.1931750640869,60.0035239944458,856.6124999999997
6,4,7,2018,42.0,56.475,68.0,85.0,0.8,51.0,17.0,2.0,50.0,795.7468749999999,0.0250000156070003,261776.0,276.1931750640869,60.00539999389648,837.75
7,4,7,2018,54.0,56.513333333333335,74.0,89.0,0.8,40.0,30.0,2.0,50.0,795.7468749999999,0.0250000156070003,261776.0,276.1931750640869,60.00539999389648,837.75
8,4,7,2018,63.0,56.84,85.0,86.0,0.9,36.0,42.0,3.0,50.0,795.7468749999999,0.0250000156070003,261776.0,276.1931750640869,60.00539999389648,837.75
9,4,7,2018,70.0,57.388333333333335,94.0,96.0,0.9,40.0,60.0,3.0,50.0,794.0,0.0250000139290001,261640.0,276.1931750640869,60.00535599517822,788.5
10,4,7,2018,79.0,58.225,105.0,93.0,0.9,28.0,117.0,2.0,50.0,794.0,0.0250000139290001,261640.0,276.1931750640869,60.00535599517822,788.5
11,4,7,2018,75.0,58.91666666666666,100.0,83.0,0.9,18.0,175.0,2.0,50.0,794.0,0.0250000139290001,261640.0,276.1931750640869,60.00535599517822,788.5
12,4,7,2018,80.0,59.763333333333335,106.0,91.0,0.9,17.0,181.0,2.0,50.0,794.5,0.025000015292,261796.0,276.1931750640869,60.00296399688721,685.3125
13,4,7,2018,78.0,60.531666666666666,114.0,95.0,0.9,15.0,181.0,2.0,50.0,794.5,0.025000015292,261796.0,276.1931750640869,60.00296399688721,685.3125
14,4,7,2018,70.0,61.02166666666667,116.0,87.0,0.9,12.0,181.0,2.0,50.0,794.5,0.025000015292,261796.0,276.1931750640869,60.00296399688721,685.3125
15,4,7,2018,76.0,61.7,117.0,101.0,1.0,13.0,181.0,2.0,50.0,790.875,0.0250000155370002,262016.0,276.17919982910155,60.00187599182129,685.0
16,4,7,2018,72.0,62.23333333333333,119.0,102.0,1.0,16.0,181.0,2.0,50.0,790.875,0.0250000155370002,262016.0,276.17919982910155,60.00187599182129,685.0
17,4,7,2018,75.0,62.7,121.0,104.0,1.0,14.0,181.0,2.0,50.0,790.875,0.0250000155370002,262016.0,276.17919982910155,60.00187599182129,685.0
18,4,7,2018,73.0,63.06666666666667,113.0,110.0,0.9,17.0,181.0,2.0,50.00003749847412,787.125,0.0250000151150003,262108.0,276.15369995117186,60.00344799804687,685.0
19,4,7,2018,66.0,63.3,110.0,104.0,0.9,15.0,181.0,2.0,50.00003749847412,787.125,0.0250000151150003,262108.0,276.15369995117186,60.00344799804687,685.0
20,4,7,2018,64.0,63.333333333333336,102.0,103.0,0.8,22.0,181.0,2.0,50.00003749847412,787.125,0.0250000151150003,262108.0,276.15369995117186,60.00344799804687,685.0
21,4,7,2018,72.0,63.86666666666667,96.0,141.0,0.9,30.0,176.0,2.0,50.0,784.25,0.025000014312,262404.0,276.13649993896485,60.00194799804687,685.625
22,4,7,2018,80.0,64.5,106.0,161.0,1.0,28.0,169.0,2.0,50.0,784.25,0.025000014312,262404.0,276.13649993896485,60.00194799804687,685.625
23,4,7,2018,84.0,65.33333333333333,112.0,174.0,1.1,38.0,136.0,2.0,50.0,784.25,0.025000014312,262404.0,276.13649993896485,60.00194799804687,685.625
0,5,7,2018,88.0,66.4,116.0,176.0,1.1,41.0,112.0,2.0,50.0,787.8125,0.0250000159520004,262564.0,276.1714999389648,60.00307599639893,801.125
1,5,7,2018,92.0,67.5,121.0,177.0,1.1,41.0,101.0,2.0,50.0,787.8125,0.0250000159520004,262564.0,276.1714999389648,60.00307599639893,801.125
2,5,7,2018,92.0,68.6,121.0,165.0,1.2,36.0,100.0,2.0,50.0,787.8125,0.0250000159520004,262564.0,276.1714999389648,60.00307599639893,801.125
3,5,7,2018,79.0,69.2,105.0,127.0,1.15,46.0,86.0,2.0,50.0,795.6875,0.0250000162540003,262460.0,276.1931750640869,60.00507999420166,856.6124999999997
4,5,7,2018,80.0,69.7,106.0,117.0,1.1,46.0,56.5,2.0,50.0,795.6875,0.0250000162540003,262460.0,276.1931750640869,60.00507999420166,856.6124999999997
5,5,7,2018,89.0,70.46666666666667,118.0,148.0,1.1,78.0,27.0,2.0,50.0,795.6875,0.0250000162540003,262460.0,276.1931750640869,60.00507999420166,856.6124999999997
6,5,7,2018,92.0,70.96666666666667,121.0,158.0,1.1,82.0,13.0,2.0,50.00041218996048,795.7468749999999,0.0250000135320006,262520.0,276.1931750640869,60.00403999328614,785.8125
7,5,7,2018,95.0,71.66666666666667,125.0,160.0,1.1,78.0,23.0,2.0,50.00041218996048,795.7468749999999,0.0250000135320006,262520.0,276.1931750640869,60.00403999328614,785.8125
8,5,7,2018,111.0,73.76666666666667,145.0,198.0,1.3,76.0,40.0,2.0,50.00041218996048,795.7468749999999,0.0250000135320006,262520.0,276.1931750640869,60.00403999328614,785.8125
9,5,7,2018,121.0,76.4,159.0,177.0,1.4,71.0,61.0,2.0,50.00041218996048,795.7468749999999,0.0250000155330002,262488.0,276.1931750640869,60.00128399658203,743.25
10,5,7,2018,105.0,78.56666666666666,138.0,178.0,1.4,72.0,102.0,2.0,50.00041218996048,795.7468749999999,0.0250000155330002,262488.0,276.1931750640869,60.00128399658203,743.25
11,5,7,2018,116.0,81.1,151.0,161.0,1.3,37.0,181.0,3.0,50.00041218996048,795.7468749999999,0.0250000155330002,262488.0,276.1931750640869,60.00128399658203,743.25
12,5,7,2018,108.0,83.3,141.0,147.0,1.2,23.0,181.0,2.0,50.00041218996048,786.5,0.0250000161320008,263168.0,276.12739990234365,60.00398399353029,685.3125
13,5,7,2018,98.0,84.76666666666667,143.0,133.0,1.2,18.0,181.0,2.0,50.00041218996048,786.5,0.0250000161320008,263168.0,276.12739990234365,60.00398399353029,685.3125
14,5,7,2018,87.0,85.56666666666666,138.0,118.0,1.1,13.0,181.0,2.0,50.00041218996048,786.5,0.0250000161320008,263168.0,276.12739990234365,60.00398399353029,685.3125
15,5,7,2018,83.0,86.0,116.0,138.0,1.1,30.0,181.0,2.0,50.0,785.0625,0.0250000149250002,263444.0,276.12239990234366,60.00497999572754,685.0
16,5,7,2018,45.0,84.86666666666666,63.0,50.0,0.7,21.0,167.0,2.0,50.0,785.0625,0.0250000149250002,263444.0,276.12239990234366,60.00497999572754,685.0
17,5,7,2018,16.0,82.9,42.0,17.0,0.5,18.0,135.0,2.0,50.0,785.0625,0.0250000149250002,263444.0,276.12239990234366,60.00497999572754,685.0
18,5,7,2018,8.0,80.5,38.0,21.0,0.5,22.0,120.0,2.0,50.0,784.375,0.0250000147740002,263488.0,276.1176998901367,60.00183599090576,685.0
19,5,7,2018,29.0,78.86666666666666,79.0,107.0,0.9,32.0,135.0,2.0,50.0,784.375,0.0250000147740002,263488.0,276.1176998901367,60.00183599090576,685.0
20,5,7,2018,44.0,78.0,98.0,146.0,1.1,20.0,148.0,2.0,50.0,784.375,0.0250000147740002,263488.0,276.1176998901367,60.00183599090576,685.0
21,5,7,2018,37.0,76.7,53.0,51.0,1.1,28.0,127.0,2.0,50.000162506103536,783.375,0.0250000150399999,263704.0,276.1085998535156,60.001667991638186,685.5625
22,5,7,2018,39.0,75.6,56.0,61.0,1.1,28.0,115.0,2.0,50.000162506103536,783.375,0.0250000150399999,263704.0,276.1085998535156,60.001667991638186,685.5625
23,5,7,2018,50.0,74.76666666666667,69.0,81.0,1.1,42.0,82.0,2.0,50.000162506103536,783.375,0.0250000150399999,263704.0,276.1085998535156,60.001667991638186,685.5625
0,6,7,2018,57.0,74.23333333333333,78.0,76.0,1.1,51.0,62.0,2.0,50.000162506103536,783.375,0.0250000147470003,263860.0,276.14479980468747,60.00505999755861,800.625
1,6,7,2018,47.0,73.6,65.0,58.0,0.9,57.0,49.0,2.0,50.000162506103536,783.375,0.0250000147470003,263860.0,276.14479980468747,60.00505999755861,800.625
2,6,7,2018,29.0,72.43333333333334,55.0,59.0,0.7,65.0,35.0,2.0,50.000162506103536,783.375,0.0250000147470003,263860.0,276.14479980468747,60.00505999755861,800.625
3,6,7,2018,31.0,71.06666666666666,64.0,78.0,0.8,88.0,12.0,2.0,50.0,790.1875,0.0250000148290004,263660.0,276.19259979248045,60.00383599090576,856.6124999999997
4,6,7,2018,30.0,69.4,64.0,78.0,0.7,93.0,10.0,2.0,50.0,790.1875,0.0250000148290004,263660.0,276.19259979248045,60.00383599090576,856.6124999999997
5,6,7,2018,28.0,67.53333333333333,59.0,67.0,0.7,71.0,29.0,2.0,50.0,790.1875,0.0250000148290004,263660.0,276.19259979248045,60.00383599090576,856.6124999999997
6,6,7,2018,32.0,65.66666666666667,63.0,75.0,0.8,76.0,19.0,2.0,50.0,795.7468749999999,0.0250000140000004,263496.0,276.1931750640869,60.00433199310303,837.9375
7,6,7,2018,36.0,63.8,67.0,83.0,0.8,51.0,43.0,2.0,50.0,795.7468749999999,0.0250000140000004,263496.0,276.1931750640869,60.00433199310303,837.9375
8,6,7,2018,35.0,61.9,64.0,77.0,0.8,37.0,80.0,2.0,50.0,795.7468749999999,0.0250000140000004,263496.0,276.1931750640869,60.00433199310303,837.9375
9,6,7,2018,32.0,60.333333333333336,57.0,64.0,0.8,32.0,107.0,2.0,50.00030000686645,792.25,0.0250000142240002,263396.0,276.1931750640869,60.00371999359131,787.875
10,6,7,2018,35.0,58.833333333333336,51.0,52.0,0.9,26.0,138.0,2.0,50.00030000686645,792.25,0.0250000142240002,263396.0,276.1931750640869,60.00371999359131,787.875
11,6,7,2018,37.0,57.1,75.0,55.0,0.8,19.0,180.0,2.0,50.00030000686645,792.25,0.0250000142240002,263396.0,276.1931750640869,60.00371999359131,787.875
12,6,7,2018,39.0,55.333333333333336,109.0,59.0,0.8,15.0,181.0,2.0,50.0,790.3125,0.0250000140210008,263668.0,276.18839996337886,60.00363599395752,685.3125
13,6,7,2018,41.0,53.53333333333333,118.0,56.0,0.8,14.0,181.0,2.0,50.0,790.3125,0.0250000140210008,263668.0,276.18839996337886,60.00363599395752,685.3125
14,6,7,2018,37.0,51.06666666666667,113.0,48.0,0.8,11.0,181.0,2.0,50.0,790.3125,0.0250000140210008,263668.0,276.18839996337886,60.00363599395752,685.3125
15,6,7,2018,40.0,48.36666666666667,110.0,52.0,0.8,11.0,181.0,2.0,50.0,787.0625,0.0250000156220002,263852.0,276.15359985351563,60.00210399627686,685.0
16,6,7,2018,37.0,46.1,115.0,71.0,1.0,11.0,181.0,2.0,50.0,787.0625,0.0250000156220002,263852.0,276.15359985351563,60.00210399627686,685.0
17,6,7,2018,47.0,43.8,131.0,81.0,1.6,11.0,181.0,5.0,50.0,787.0625,0.0250000156220002,263852.0,276.15359985351563,60.00210399627686,685.0
18,6,7,2018,56.0,42.06666666666667,130.0,103.0,1.5,18.0,181.0,5.0,50.0,784.1875,0.0250000155870001,263956.0,276.13139984130856,60.0047439956665,685.0
19,6,7,2018,43.0,40.23333333333333,109.0,92.0,0.9,23.0,181.0,2.0,50.0,784.1875,0.0250000155870001,263956.0,276.13139984130856,60.0047439956665,685.0
20,6,7,2018,38.0,38.6,103.0,100.0,0.8,26.0,181.0,2.0,50.0,784.1875,0.0250000155870001,263956.0,276.13139984130856,60.0047439956665,685.0
21,6,7,2018,52.0,37.56666666666667,81.0,111.0,1.0,20.0,179.0,2.0,50.00016875267029,783.375,0.0250000160980001,264096.0,276.12220001220703,60.00247199249267,685.5625
22,6,7,2018,46.0,37.6,67.0,84.0,0.8,18.0,130.0,2.0,50.00016875267029,783.375,0.0250000160980001,264096.0,276.12220001220703,60.00247199249267,685.5625
23,6,7,2018,38.0,38.333333333333336,59.0,67.0,0.8,16.0,103.0,2.0,50.00016875267029,783.375,0.0250000160980001,264096.0,276.12220001220703,60.00247199249267,685.5625
1,7,7,2018,53.0,39.833333333333336,73.0,85.0,1.0,21.0,68.0,2.0,50.00016875267029,783.375,0.0250000160980001,264096.0,276.12220001220703,60.00247199249267,685.5625
2,7,7,2018,61.0,40.9,83.0,75.0,1.2,21.0,52.0,4.0,50.00016875267029,783.375,0.0250000160980001,264096.0,276.12220001220703,60.00247199249267,685.5625
3,7,7,2018,66.0,41.63333333333333,89.0,83.0,1.2,28.0,43.0,3.0,50.00041218996048,793.5625,0.0250000153360003,263908.0,276.13209991455074,60.00277599334717,734.9375
4,7,7,2018,81.0,43.1,108.0,96.0,0.8,33.0,35.5,2.0,50.00041218996048,793.5625,0.0250000153360003,263908.0,276.13209991455074,60.00277599334717,734.9375
5,7,7,2018,72.0,44.2,96.0,73.0,0.8,28.0,28.0,2.0,50.00041218996048,793.5625,0.0250000153360003,263908.0,276.13209991455074,60.00277599334717,734.9375
6,7,7,2018,60.0,44.53333333333333,81.0,68.0,0.7,37.0,16.0,2.0,50.0,794.625,0.025000015451,263796.0,276.1385998535156,60.00395599365234,732.4375
7,7,7,2018,47.0,44.2,65.0,52.0,0.6,30.0,18.0,2.0,50.0,794.625,0.025000015451,263796.0,276.1385998535156,60.00395599365234,732.4375
8,7,7,2018,36.0,43.833333333333336,51.0,48.0,0.6,30.0,15.0,2.0,50.0,794.625,0.025000015451,263796.0,276.1385998535156,60.00395599365234,732.4375
9,7,7,2018,38.0,44.13333333333333,54.0,56.0,0.6,29.0,18.0,2.0,50.00041218996048,792.9375,0.0250000162519998,263660.0,276.1219998168945,60.00153999328613,703.875
10,7,7,2018,48.0,44.7,66.0,54.0,0.7,32.0,19.0,2.0,50.00041218996048,792.9375,0.0250000162519998,263660.0,276.1219998168945,60.00153999328613,703.875
11,7,7,2018,55.0,45.53333333333333,75.0,56.0,0.6,26.0,26.0,2.0,50.00041218996048,792.9375,0.0250000162519998,263660.0,276.1219998168945,60.00153999328613,703.875
12,7,7,2018,57.0,46.5,78.0,55.03448275862069,0.6,23.0,32.0,2.0,50.00041218996048,792.3125,0.0250000165829993,263744.0,276.12089996337886,60.00264399719238,685.3125
13,7,7,2018,58.0,47.36666666666667,79.0,54.06896551724138,0.7,20.0,41.0,2.0,50.00041218996048,792.3125,0.0250000165829993,263744.0,276.12089996337886,60.00264399719238,685.3125
14,7,7,2018,61.0,48.2,83.0,53.10344827586207,0.7,21.0,41.0,2.0,50.00041218996048,792.3125,0.0250000165829993,263744.0,276.12089996337886,60.00264399719238,685.3125
15,7,7,2018,66.0,49.23333333333333,89.0,52.137931034482754,0.6,23.0,38.0,2.0,50.00041218996048,792.625,0.0250000171950012,263768.0,276.12209991455074,60.00297199249268,685.0
16,7,7,2018,60.0,50.16666666666666,81.0,51.17241379310346,0.7,24.0,43.0,2.0,50.00041218996048,792.625,0.0250000171950012,263768.0,276.12209991455074,60.00297199249268,685.0
17,7,7,2018,62.0,51.06666666666667,84.0,50.206896551724135,0.7,28.0,36.0,2.0,50.00041218996048,792.625,0.0250000171950012,263768.0,276.12209991455074,60.00297199249268,685.0
18,7,7,2018,59.0,51.8,80.0,49.24137931034482,0.7,27.0,42.0,2.0,50.00041218996048,790.8125,0.0250000167080014,263568.0,276.11029998779287,60.00208799743653,685.0
19,7,7,2018,58.0,52.43333333333333,79.0,48.27586206896552,0.7,32.0,37.0,2.0,50.00041218996048,790.8125,0.0250000167080014,263568.0,276.11029998779287,60.00208799743653,685.0
20,7,7,2018,55.0,52.9,75.0,47.31034482758621,0.8,49.0,23.0,2.0,50.00041218996048,790.8125,0.0250000167080014,263568.0,276.11029998779287,60.00208799743653,685.0
21,7,7,2018,54.0,53.46666666666667,74.0,46.3448275862069,0.8,49.0,24.0,2.0,50.00041218996048,790.875,0.0250000169470012,263636.0,276.11029998779287,60.002215995788575,685.5
22,7,7,2018,52.0,53.86666666666667,71.0,45.3793103448276,0.8,56.0,15.0,2.0,50.00041218996048,790.875,0.0250000169470012,263636.0,276.11029998779287,60.002215995788575,685.5
23,7,7,2018,55.0,54.46666666666667,75.0,44.41379310344828,0.8,36.0,36.0,2.0,50.00041218996048,790.875,0.0250000169470012,263636.0,276.11029998779287,60.002215995788575,685.5
0,8,7,2018,56.0,54.766666666666666,76.0,43.44827586206897,0.8,33.0,35.0,2.0,50.00041218996048,787.875,0.0250000167770013,263644.0,276.1201998901367,60.00288799285889,745.5625
1,8,7,2018,47.0,54.46666666666667,65.0,42.48275862068965,0.8,29.0,36.0,2.0,50.00041218996048,787.875,0.0250000167770013,263644.0,276.1201998901367,60.00288799285889,745.5625
2,8,7,2018,39.0,54.333333333333336,55.0,41.51724137931035,0.7,23.0,36.0,2.0,50.00041218996048,787.875,0.0250000167770013,263644.0,276.1201998901367,60.00288799285889,745.5625
3,8,7,2018,44.0,54.53333333333333,61.0,40.55172413793103,0.7,35.0,16.0,2.0,50.0,794.5,0.0250000170850008,263532.0,276.1566998291015,60.00125999450685,780.1875
4,8,7,2018,48.0,54.4,66.0,39.58620689655172,0.7,39.0,12.0,2.0,50.0,794.5,0.0250000170850008,263532.0,276.1566998291015,60.00125999450685,780.1875
5,8,7,2018,49.0,54.5,68.0,38.620689655172406,0.7,33.0,23.0,2.0,50.0,794.5,0.0250000170850008,263532.0,276.1566998291015,60.00125999450685,780.1875
6,8,7,2018,53.0,55.0,73.0,37.6551724137931,0.7,42.0,14.0,2.0,50.00041218996048,795.7468749999999,0.0250000164059996,263488.0,276.17989990234366,60.00122799682618,781.25
7,8,7,2018,58.0,55.16666666666666,79.0,36.68965517241379,0.8,38.0,16.0,2.0,50.00041218996048,795.7468749999999,0.0250000164059996,263488.0,276.17989990234366,60.00122799682618,781.25
8,8,7,2018,48.0,54.73333333333333,66.0,35.72413793103448,0.7,32.0,17.0,2.0,50.00041218996048,795.7468749999999,0.0250000164059996,263488.0,276.17989990234366,60.00122799682618,781.25
9,8,7,2018,54.0,54.333333333333336,74.0,34.75862068965517,0.7,25.0,33.0,2.0,50.00004375457764,795.7468749999999,0.0250000168609991,263448.0,276.1878997802734,60.00299599456787,729.75
10,8,7,2018,57.0,53.53333333333333,78.0,33.793103448275865,0.8,20.0,63.0,2.0,50.00004375457764,795.7468749999999,0.0250000168609991,263448.0,276.1878997802734,60.00299599456787,729.75
11,8,7,2018,56.0,53.0,76.0,32.827586206896555,0.8,20.0,92.0,2.0,50.00004375457764,795.7468749999999,0.0250000168609991,263448.0,276.1878997802734,60.00299599456787,729.75
12,8,7,2018,40.0,52.333333333333336,56.0,31.86206896551724,0.7,15.0,126.0,2.0,50.0,795.7468749999999,0.0250000175560005,263848.0,276.166900024414,60.002091995239255,685.3125
13,8,7,2018,35.0,51.93333333333333,50.0,30.89655172413793,0.7,12.0,150.0,2.0,50.0,795.7468749999999,0.0250000175560005,263848.0,276.166900024414,60.002091995239255,685.3125
14,8,7,2018,34.0,51.86666666666667,64.0,29.931034482758623,0.7,11.0,171.0,2.0,50.0,795.7468749999999,0.0250000175560005,263848.0,276.166900024414,60.002091995239255,685.3125
15,8,7,2018,30.0,51.6,68.0,28.96551724137931,0.6,9.0,174.0,2.0,50.0,794.6875,0.025000018662,264000.0,276.15119995117186,60.00464799499512,685.0
16,8,7,2018,27.0,50.9,64.0,28.0,0.6,8.0,171.0,2.0,50.0,794.6875,0.025000018662,264000.0,276.15119995117186,60.00464799499512,685.0
17,8,7,2018,32.0,50.13333333333333,63.0,43.0,0.7,9.0,170.0,2.0,50.0,794.6875,0.025000018662,264000.0,276.15119995117186,60.00464799499512,685.0
18,8,7,2018,51.0,49.93333333333333,70.0,51.5,0.7,11.0,167.0,2.0,50.0,791.9375,0.0250000170460008,264128.0,276.13940002441404,60.00326399230957,685.0
19,8,7,2018,54.0,49.8,74.0,60.0,0.7,13.0,151.0,2.0,50.0,791.9375,0.0250000170460008,264128.0,276.13940002441404,60.00326399230957,685.0
20,8,7,2018,60.0,49.766666666666666,81.0,71.0,0.8,18.0,130.0,2.0,50.0,791.9375,0.0250000170460008,264128.0,276.13940002441404,60.00326399230957,685.0
21,8,7,2018,62.0,49.63333333333333,84.0,81.0,0.8,24.0,109.0,2.0,50.0,791.0,0.0250000171869993,264128.0,276.13239990234365,60.0018999938965,685.5625
22,8,7,2018,71.0,50.0,95.0,98.0,0.8,33.0,86.0,2.0,50.0,791.0,0.0250000171869993,264128.0,276.13239990234365,60.0018999938965,685.5625
23,8,7,2018,72.0,50.333333333333336,96.0,94.0,0.8,30.0,91.0,2.0,50.0,791.0,0.0250000171869993,264128.0,276.13239990234365,60.0018999938965,685.5625
0,9,7,2018,85.0,51.2,113.0,93.0,0.8,24.0,87.0,2.0,50.0,794.5625,0.025000017380001,264468.0,276.1469998168945,60.00293199157715,725.375
1,9,7,2018,99.0,52.56666666666667,130.0,91.3125,0.7,21.0,70.0,2.0,50.0,794.5625,0.025000017380001,264468.0,276.1469998168945,60.00293199157715,725.375
2,9,7,2018,106.0,54.266666666666666,139.0,89.625,0.7,24.0,53.0,8.0,50.0,794.5625,0.025000017380001,264468.0,276.1469998168945,60.00293199157715,725.375
3,9,7,2018,109.0,56.1,143.0,87.9375,0.8,20.0,53.0,2.0,50.00041218996048,795.7468749999999,0.025000017438,264528.0,276.1580999755859,60.00285999298096,746.9375
4,9,7,2018,114.0,58.16666666666666,149.0,86.25,0.8,21.0,44.5,2.0,50.00041218996048,795.7468749999999,0.025000017438,264528.0,276.1580999755859,60.00285999298096,746.9375
5,9,7,2018,111.0,60.03333333333333,145.0,84.5625,0.8,22.0,36.0,2.0,50.00041218996048,795.7468749999999,0.025000017438,264528.0,276.1580999755859,60.00285999298096,746.9375
6,9,7,2018,113.0,61.93333333333333,148.0,82.875,0.8,23.0,30.0,2.0,50.00041218996048,794.4375,0.0250000152590004,264520.0,276.1410000610352,60.00510399627686,739.5
7,9,7,2018,114.0,64.16666666666667,149.0,81.1875,0.9,26.0,28.0,2.0,50.00041218996048,794.4375,0.0250000152590004,264520.0,276.1410000610352,60.00510399627686,739.5
8,9,7,2018,115.0,66.7,150.0,79.5,0.9,31.0,28.0,2.0,50.00041218996048,794.4375,0.0250000152590004,264520.0,276.1410000610352,60.00510399627686,739.5
9,9,7,2018,124.0,69.36666666666666,163.0,77.8125,1.0,33.0,31.0,2.0,50.00041218996048,795.7468749999999,0.0250000162000004,264548.0,276.14660003662107,60.00195999145508,702.125
10,9,7,2018,125.0,71.93333333333334,164.0,76.125,0.9,25.0,50.0,2.0,50.00041218996048,795.7468749999999,0.0250000162000004,264548.0,276.14660003662107,60.00195999145508,702.125
11,9,7,2018,128.0,74.56666666666666,169.0,74.4375,1.1,30.0,53.0,2.0,50.00041218996048,795.7468749999999,0.0250000162000004,264548.0,276.14660003662107,60.00195999145508,702.125
12,9,7,2018,114.0,76.6,149.0,72.75,1.0,34.0,68.0,2.0,50.00041218996048,793.375,0.0250000157859996,264636.0,276.13320007324216,60.00419599151611,685.3125
13,9,7,2018,15.0,75.16666666666667,34.0,71.0625,0.5,18.0,110.0,2.0,50.00041218996048,793.375,0.0250000157859996,264636.0,276.13320007324216,60.00419599151611,685.3125
14,9,7,2018,15.0,74.06666666666666,33.0,69.375,0.5,18.0,107.0,2.0,50.00041218996048,793.375,0.0250000157859996,264636.0,276.13320007324216,60.00419599151611,685.3125
15,9,7,2018,17.0,72.83333333333333,29.0,67.6875,0.6,21.0,92.0,2.0,50.00012499809265,793.3125,0.0250000164510011,264672.0,276.13190002441405,60.00302799224853,685.0
16,9,7,2018,26.0,71.8,37.0,66.0,0.7,30.0,88.0,2.0,50.00012499809265,793.3125,0.0250000164510011,264672.0,276.13190002441405,60.00302799224853,685.0
17,9,7,2018,18.0,70.53333333333333,29.0,64.3125,0.6,22.0,93.0,2.0,50.00012499809265,793.3125,0.0250000164510011,264672.0,276.13190002441405,60.00302799224853,685.0
18,9,7,2018,27.0,70.1,39.0,62.625,0.7,25.0,96.0,2.0,50.00012499809265,790.875,0.0250000150810005,264764.0,276.11679992675784,60.00385599517822,685.0
19,9,7,2018,27.0,69.83333333333333,39.0,60.9375,0.7,37.0,77.0,2.0,50.00012499809265,790.875,0.0250000150810005,264764.0,276.11679992675784,60.00385599517822,685.0
20,9,7,2018,36.0,69.9,51.0,59.25,0.8,45.0,52.0,2.0,50.00012499809265,790.875,0.0250000150810005,264764.0,276.11679992675784,60.00385599517822,685.0
21,9,7,2018,35.0,70.06666666666666,50.0,57.5625,0.7,50.0,34.0,2.0,50.00015625,790.5,0.0250000152370007,264824.0,276.11429992675784,60.0039999923706,685.5625
22,9,7,2018,40.0,70.5,56.0,55.875,0.7,30.0,41.0,2.0,50.00015625,790.5,0.0250000152370007,264824.0,276.11429992675784,60.0039999923706,685.5625
23,9,7,2018,46.0,70.96666666666667,64.0,54.1875,0.7,26.0,42.0,2.0,50.00015625,790.5,0.0250000152370007,264824.0,276.11429992675784,60.0039999923706,685.5625
0,10,7,2018,35.0,70.43333333333334,50.0,52.5,0.7,26.0,33.0,2.0,50.00015625,792.25,0.0250000144770005,264928.0,276.12279998779303,60.002547996521,710.6875
1,10,7,2018,28.0,69.56666666666666,40.0,50.8125,0.6,28.0,26.0,2.0,50.00015625,792.25,0.0250000144770005,264928.0,276.12279998779303,60.002547996521,710.6875
2,10,7,2018,32.0,68.63333333333334,46.0,49.125,0.5,22.0,31.0,2.0,50.00015625,792.25,0.0250000144770005,264928.0,276.12279998779303,60.002547996521,710.6875
3,10,7,2018,39.0,67.86666666666666,55.0,47.4375,0.5,25.0,26.0,2.0,50.0,791.1875,0.025000014742,264776.0,276.14119995117187,60.00231999206543,783.5
4,10,7,2018,43.0,66.93333333333334,60.0,45.75,0.5,25.0,26.0,2.0,50.0,791.1875,0.025000014742,264776.0,276.14119995117187,60.00231999206543,783.5
6,10,7,2018,43.0,65.96666666666667,60.0,44.0625,0.5,19.0,34.0,2.0,50.0,789.5625,0.0250000154210003,264656.0,276.1433999633789,60.00219999694824,810.3125
7,10,7,2018,38.0,64.4,54.0,42.375,0.5,19.0,35.0,2.0,50.0,789.5625,0.0250000154210003,264656.0,276.1433999633789,60.00219999694824,810.3125
8,10,7,2018,39.0,62.4,55.0,40.6875,0.6,20.0,34.0,2.0,50.0,789.5625,0.0250000154210003,264656.0,276.1433999633789,60.00219999694824,810.3125
9,10,7,2018,37.0,60.1,53.0,39.0,0.6,15.0,42.0,2.0,50.00003749847412,791.5,0.0250000147540001,264312.0,276.1632998657226,60.002743995666506,749.9375
10,10,7,2018,38.0,57.73333333333333,54.0,48.0,0.6,17.0,44.0,2.0,50.00003749847412,791.5,0.0250000147540001,264312.0,276.1632998657226,60.002743995666506,749.9375
11,10,7,2018,39.0,55.23333333333333,55.0,43.5,0.6,15.0,54.0,2.0,50.00003749847412,791.5,0.0250000147540001,264312.0,276.1632998657226,60.002743995666506,749.9375
12,10,7,2018,28.0,52.46666666666667,40.0,39.0,0.5,11.0,71.0,2.0,50.00003749847412,791.3125,0.0250000149520002,264484.0,276.14369995117187,60.000491996765135,685.3125
13,10,7,2018,27.0,49.6,39.0,34.5,0.5,10.0,77.0,2.0,50.00003749847412,791.3125,0.0250000149520002,264484.0,276.14369995117187,60.000491996765135,685.3125
14,10,7,2018,27.0,46.7,39.0,30.0,0.5,9.0,83.0,2.0,50.00003749847412,791.3125,0.0250000149520002,264484.0,276.14369995117187,60.000491996765135,685.3125
15,10,7,2018,17.0,43.43333333333333,30.0,25.5,0.5,7.0,97.0,2.0,50.00010000228882,789.4375,0.0250000146960001,264484.0,276.13119995117194,60.00228799438477,685.0
16,10,7,2018,15.0,39.8,33.0,21.0,0.5,7.0,106.0,2.0,50.00010000228882,789.4375,0.0250000146960001,264484.0,276.13119995117194,60.00228799438477,685.0
17,10,7,2018,18.0,36.23333333333333,33.0,26.0,0.5,9.0,107.0,2.0,50.00010000228882,789.4375,0.0250000146960001,264484.0,276.13119995117194,60.00228799438477,685.0
18,10,7,2018,19.0,32.6,34.0,25.0,0.5,9.0,109.0,2.0,50.0,788.0,0.0250000138190006,264364.0,276.1235998535156,60.00207999420166,685.0
19,10,7,2018,11.0,29.166666666666668,35.0,24.0,0.5,10.0,113.0,2.0,50.0,788.0,0.0250000138190006,264364.0,276.1235998535156,60.00207999420166,685.0
20,10,7,2018,21.0,29.366666666666667,41.0,41.0,0.6,17.0,102.0,2.0,50.0,788.0,0.0250000138190006,264364.0,276.1235998535156,60.00207999420166,685.0
21,10,7,2018,25.5,29.716666666666665,49.0,52.0,0.6499999999999999,27.5,84.5,2.0,50.00041218996048,786.875,0.0250000143450004,264324.0,276.11339996337887,60.00123599243164,685.5625
22,10,7,2018,30.0,30.15,57.0,63.0,0.7,38.0,67.0,2.0,50.00041218996048,786.875,0.0250000143450004,264324.0,276.11339996337887,60.00123599243164,685.5625
23,10,7,2018,37.0,30.516666666666666,61.0,71.0,0.7,46.0,56.0,2.0,50.00041218996048,786.875,0.0250000143450004,264324.0,276.11339996337887,60.00123599243164,685.5625
0,11,7,2018,43.0,31.35,67.0,84.0,0.7,58.0,28.0,2.0,50.00041218996048,789.25,0.0250000144490003,264304.0,276.10869995117184,60.00151599121094,717.25
1,11,7,2018,43.0,31.883333333333333,71.0,91.0,0.7,54.0,19.0,2.0,50.00041218996048,789.25,0.0250000144490003,264304.0,276.10869995117184,60.00151599121094,717.25
2,11,7,2018,53.0,32.75,73.0,78.0,0.6333333333333333,41.0,39.0,2.0,50.00041218996048,789.25,0.0250000144490003,264304.0,276.10869995117184,60.00151599121094,717.25
3,11,7,2018,36.0,32.75,51.0,49.0,0.5666666666666667,25.0,57.0,2.0,50.00041218996048,787.25,0.0250000144120007,264280.0,276.0952999877929,60.0022679977417,746.125
4,11,7,2018,35.0,32.75,50.0,45.0,0.5,27.0,44.5,2.0,50.00041218996048,787.25,0.0250000144120007,264280.0,276.0952999877929,60.0022679977417,746.125
5,11,7,2018,37.0,32.65,53.0,55.0,0.5,32.5,32.0,2.0,50.00041218996048,787.25,0.0250000144120007,264280.0,276.0952999877929,60.0022679977417,746.125
6,11,7,2018,38.0,32.38333333333333,54.0,52.0,0.6,38.0,24.0,2.0,50.00041218996048,787.5625,0.0250000136649999,264072.0,276.0975997924804,60.00211599731446,742.5
7,11,7,2018,42.0,32.61666666666667,59.0,49.0,0.7,32.0,25.0,2.0,50.00041218996048,787.5625,0.0250000136649999,264072.0,276.0975997924804,60.00211599731446,742.5
8,11,7,2018,39.90909090909091,33.013636363636365,34.0,34.0,0.8,29.0,29.0,2.0,50.00041218996048,787.5625,0.0250000136649999,264072.0,276.0975997924804,60.00211599731446,742.5
9,11,7,2018,37.81818181818182,33.20757575757576,16.0,32.166666666666664,0.7,31.0,38.0,2.0,50.00041218996048,790.8125,0.0250000142419999,263928.0,276.0958999633789,60.00180799102783,691.25
10,11,7,2018,35.72727272727273,33.09848484848485,22.0,30.33333333333333,0.6,22.0,69.0,2.0,50.00041218996048,790.8125,0.0250000142419999,263928.0,276.0958999633789,60.00180799102783,691.25
11,11,7,2018,33.63636363636364,32.78636363636364,24.0,28.5,0.5,16.0,77.0,2.0,50.00041218996048,790.8125,0.0250000142419999,263928.0,276.0958999633789,60.00180799102783,691.25
12,11,7,2018,31.54545454545455,32.404545454545456,24.0,26.66666666666667,0.5,16.0,78.0,2.0,50.00041218996048,787.3125,0.0250000150540005,263976.0,276.0898999023437,60.0030239944458,685.25
13,11,7,2018,29.45454545454545,32.11969696969697,23.0,24.833333333333336,0.5,15.0,73.0,2.0,50.00041218996048,787.3125,0.0250000150540005,263976.0,276.0898999023437,60.0030239944458,685.25
14,11,7,2018,27.363636363636363,31.731818181818184,25.0,23.0,0.5,14.0,80.0,2.0,50.00041218996048,787.3125,0.0250000150540005,263976.0,276.0898999023437,60.0030239944458,685.25
15,11,7,2018,25.272727272727277,31.34090909090909,26.0,21.166666666666668,0.5,15.0,82.0,2.0,50.00001250267029,787.8125,0.0250000154640004,263880.0,276.09269989013666,60.00205999755861,685.0
16,11,7,2018,23.181818181818183,30.846969696969698,23.0,19.333333333333336,0.6,21.0,73.0,2.0,50.00001250267029,787.8125,0.0250000154640004,263880.0,276.09269989013666,60.00205999755861,685.0
17,11,7,2018,21.090909090909093,30.25,23.0,17.5,0.6,16.0,73.0,2.0,50.00001250267029,787.8125,0.0250000154640004,263880.0,276.09269989013666,60.00205999755861,685.0
18,11,7,2018,19.0,29.95,27.0,15.666666666666668,0.6,26.0,57.0,2.0,50.0,787.75,0.0250000152940005,263720.0,276.0922998046874,60.00199599456787,685.0
19,11,7,2018,8.0,29.316666666666663,24.0,13.833333333333336,0.5,15.0,76.0,2.0,50.0,787.75,0.0250000152940005,263720.0,276.0922998046874,60.00199599456787,685.0
20,11,7,2018,10.0,28.75,19.0,12.0,0.5,17.0,62.0,2.0,50.0,787.75,0.0250000152940005,263720.0,276.0922998046874,60.00199599456787,685.0
21,11,7,2018,12.0,28.58333333333333,24.0,24.0,0.5,21.0,59.0,2.0,50.0,787.9375,0.0250000154500007,263672.0,276.0933999633789,60.0022679977417,685.4375
22,11,7,2018,15.0,28.58333333333333,21.0,24.944444444444446,0.5,21.0,54.0,2.0,50.0,787.9375,0.0250000154500007,263672.0,276.0933999633789,60.0022679977417,685.4375
23,11,7,2018,17.0,28.55,24.0,25.88888888888889,0.5,22.0,46.0,2.0,50.0,787.9375,0.0250000154500007,263672.0,276.0933999633789,60.0022679977417,685.4375
0,12,7,2018,20.0,28.58333333333333,29.0,26.83333333333333,0.6,18.0,39.0,2.0,50.00041218996048,788.5625,0.0250000158360004,263816.0,276.09850006103505,60.00367999267578,710.25
1,12,7,2018,32.0,29.28333333333333,46.0,27.777777777777786,0.6,27.0,26.0,2.0,50.00041218996048,788.5625,0.0250000158360004,263816.0,276.09850006103505,60.00367999267578,710.25
2,12,7,2018,28.0,29.516666666666666,40.0,28.722222222222214,0.6,24.0,26.0,2.0,50.00041218996048,788.5625,0.0250000158360004,263816.0,276.09850006103505,60.00367999267578,710.25
3,12,7,2018,26.0,29.53333333333333,37.0,29.666666666666664,0.6,25.0,22.0,2.0,50.0,791.1875,0.0250000156670007,263792.0,276.11600006103515,60.00231199645996,736.1875
4,12,7,2018,30.0,29.53333333333333,43.0,30.61111111111111,0.5,32.0,10.0,2.0,50.0,791.1875,0.0250000156670007,263792.0,276.11600006103515,60.00231199645996,736.1875
5,12,7,2018,36.0,29.5,51.0,31.55555555555556,0.6,28.0,15.0,2.0,50.0,791.1875,0.0250000156670007,263792.0,276.11600006103515,60.00231199645996,736.1875
6,12,7,2018,34.0,29.2,49.0,32.5,0.6,25.0,14.0,2.0,50.00041218996048,794.6875,0.0250000158330015,263668.0,276.1435998535156,60.00423199462891,742.3125
7,12,7,2018,19.0,28.4,27.0,33.44444444444444,0.6,23.0,18.0,2.0,50.00041218996048,794.6875,0.0250000158330015,263668.0,276.1435998535156,60.00423199462891,742.3125
8,12,7,2018,28.0,27.566666666666663,40.0,34.388888888888886,0.6,23.0,27.0,2.0,50.00041218996048,794.6875,0.0250000158330015,263668.0,276.1435998535156,60.00423199462891,742.3125
9,12,7,2018,30.0,27.366666666666667,43.0,35.33333333333333,0.6,19.0,40.0,2.0,50.00041218996048,795.7468749999999,0.0250000164920017,263400.0,276.15259979248043,60.00328799438476,705.5625
10,12,7,2018,29.0,27.166666666666668,41.0,36.27777777777778,0.6,18.0,49.0,2.0,50.00041218996048,795.7468749999999,0.0250000164920017,263400.0,276.15259979248043,60.00328799438476,705.5625
11,12,7,2018,32.0,27.0,46.0,37.22222222222222,0.6,20.0,59.0,2.0,50.00041218996048,795.7468749999999,0.0250000164920017,263400.0,276.15259979248043,60.00328799438476,705.5625
12,12,7,2018,32.0,26.8,46.0,38.16666666666666,0.6,18.0,73.0,2.0,50.00041218996048,794.1875,0.0250000149410003,263428.0,276.138099975586,60.00311999511719,685.3125
13,12,7,2018,34.0,26.53333333333333,49.0,39.11111111111112,0.6,20.0,85.0,2.0,50.00041218996048,794.1875,0.0250000149410003,263428.0,276.138099975586,60.00311999511719,685.3125
14,12,7,2018,35.0,26.36969696969697,50.0,40.05555555555557,0.6,17.0,101.0,2.0,50.00041218996048,794.1875,0.0250000149410003,263428.0,276.138099975586,60.00311999511719,685.3125
15,12,7,2018,37.0,26.34242424242424,53.0,41.0,0.7,17.0,120.0,2.0,50.0,793.1875,0.0250000160019993,263496.0,276.1294998168945,60.00369599151611,685.0
16,12,7,2018,46.0,26.684848484848484,64.0,44.0,0.7,16.0,136.0,2.0,50.0,793.1875,0.0250000160019993,263496.0,276.1294998168945,60.00369599151611,685.0
17,12,7,2018,42.0,26.96363636363636,59.0,47.0,0.7,24.0,129.0,2.0,50.0,793.1875,0.0250000160019993,263496.0,276.1294998168945,60.00369599151611,685.0
18,12,7,2018,39.0,27.21212121212121,55.0,50.0,0.7,20.0,140.0,2.0,50.0,792.1875,0.0250000155340004,263496.0,276.1232000732422,60.001963996887206,685.0
19,12,7,2018,41.0,27.5969696969697,58.0,57.0,0.7,30.0,119.0,2.0,50.0,792.1875,0.0250000155340004,263496.0,276.1232000732422,60.001963996887206,685.0
20,12,7,2018,38.0,27.95151515151515,54.0,56.0,0.7,33.0,109.0,2.0,50.0,792.1875,0.0250000155340004,263496.0,276.1232000732422,60.001963996887206,685.0
21,12,7,2018,37.0,28.34242424242424,54.0,58.0,0.8,40.0,84.0,2.0,50.00041218996048,791.0625,0.0250000166890006,263412.0,276.11380004882807,60.001667991638186,685.5
22,12,7,2018,48.0,29.16969696969697,66.0,68.0,0.9,51.0,43.0,2.0,50.00041218996048,791.0625,0.0250000166890006,263412.0,276.11380004882807,60.001667991638186,685.5
23,12,7,2018,34.0,29.6,52.0,53.0,0.8,45.0,29.0,2.0,50.00041218996048,791.0625,0.0250000166890006,263412.0,276.11380004882807,60.001667991638186,685.5
0,13,7,2018,29.0,29.933333333333334,41.0,41.0,0.7,42.0,29.0,2.0,50.00030000686645,791.1875,0.0250000161840003,263420.0,276.13100006103514,60.002415992736815,730.3125
1,13,7,2018,31.0,30.7,47.0,47.0,0.7,38.0,25.0,2.0,50.00030000686645,791.1875,0.0250000161840003,263420.0,276.13100006103514,60.002415992736815,730.3125
2,13,7,2018,32.0,31.433333333333334,46.0,37.0,0.7,32.0,30.0,2.0,50.00030000686645,791.1875,0.0250000161840003,263420.0,276.13100006103514,60.002415992736815,730.3125
3,13,7,2018,35.0,32.2,52.0,53.0,0.7,40.0,15.0,2.0,50.000162506103536,795.7468749999999,0.025000015974,263252.0,276.156600036621,60.00372399139404,749.8125
4,13,7,2018,36.0,32.9,51.0,44.0,0.7,40.0,12.5,2.0,50.000162506103536,795.7468749999999,0.025000015974,263252.0,276.156600036621,60.00372399139404,749.8125
5,13,7,2018,40.0,33.666666666666664,56.0,47.0,0.7,41.0,10.0,2.0,50.000162506103536,795.7468749999999,0.025000015974,263252.0,276.156600036621,60.00372399139404,749.8125
6,13,7,2018,41.0,34.36666666666667,58.0,47.0,0.7,42.0,6.0,2.0,50.0,795.7468749999999,0.025000018662,263216.0,276.1677999877929,60.00133199310303,752.875
7,13,7,2018,42.0,34.7,59.0,60.0,0.8,44.0,11.0,2.0,50.0,795.7468749999999,0.025000018662,263216.0,276.1677999877929,60.00133199310303,752.875
8,13,7,2018,51.0,35.46666666666667,70.0,69.0,0.8,47.0,22.0,2.0,50.0,795.7468749999999,0.025000018662,263216.0,276.1677999877929,60.00133199310303,752.875
9,13,7,2018,45.0,36.1,63.0,72.0,0.9,46.0,32.0,2.0,50.00041218996048,795.7468749999999,0.025000018662,262948.0,276.1650997924804,60.00634399414061,719.3125
10,13,7,2018,52.0,36.833333333333336,71.0,78.0,0.8,30.0,59.0,2.0,50.00041218996048,795.7468749999999,0.025000018662,262948.0,276.1650997924804,60.00634399414061,719.3125
11,13,7,2018,44.0,37.1,61.0,55.0,0.7,30.0,77.0,2.0,50.00041218996048,795.7468749999999,0.025000018662,262948.0,276.1650997924804,60.00634399414061,719.3125
12,13,7,2018,42.0,37.36666666666667,59.0,43.0,0.6,30.0,85.0,2.0,50.00025625228882,795.7468749999999,0.025000018662,263168.0,276.15209991455083,60.0034759979248,685.3125
13,13,7,2018,48.0,38.333333333333336,66.0,43.0,0.6,24.0,106.0,2.0,50.00025625228882,795.7468749999999,0.025000018662,263168.0,276.15209991455083,60.0034759979248,685.3125
14,13,7,2018,38.0,38.66666666666666,54.0,43.0,0.7,18.0,122.0,2.0,50.00025625228882,795.7468749999999,0.025000018662,263168.0,276.15209991455083,60.0034759979248,685.3125
15,13,7,2018,45.0,39.16666666666666,63.0,62.0,0.7,17.0,128.0,2.0,50.0,794.25,0.025000018662,263164.0,276.14029998779296,60.0015359954834,685.0
16,13,7,2018,55.0,40.03333333333333,75.0,60.0,0.7,20.0,113.0,2.0,50.0,794.25,0.025000018662,263164.0,276.14029998779296,60.0015359954834,685.0
17,13,7,2018,46.0,40.5,64.0,60.0,0.7,19.0,98.0,2.0,50.0,794.25,0.025000018662,263164.0,276.14029998779296,60.0015359954834,685.0
18,13,7,2018,52.0,41.16666666666666,71.0,60.0,0.7,25.0,81.0,2.0,50.0,793.4375,0.025000018662,263128.0,276.133099975586,60.00156799316406,685.0
19,13,7,2018,59.0,42.0,80.0,62.0,0.7,21.0,84.0,2.0,50.0,793.4375,0.025000018662,263128.0,276.133099975586,60.00156799316406,685.0
20,13,7,2018,68.0,43.1,91.0,68.0,0.8,25.0,72.0,2.0,50.0,793.4375,0.025000018662,263128.0,276.133099975586,60.00156799316406,685.0
21,13,7,2018,39.0,43.16666666666666,55.0,60.0,0.8,22.0,72.0,2.0,50.0,791.8125,0.0250000182349998,263068.0,276.12459991455074,60.00327199554443,685.4375
22,13,7,2018,56.0,43.5,76.0,61.25,0.9,30.0,49.0,2.0,50.0,791.8125,0.0250000182349998,263068.0,276.12459991455074,60.00327199554443,685.4375
23,13,7,2018,46.0,43.63333333333333,64.0,62.5,0.8,25.0,40.0,2.0,50.0,791.8125,0.0250000182349998,263068.0,276.12459991455074,60.00327199554443,685.4375
0,14,7,2018,39.0,43.63333333333333,55.0,63.75,0.7,20.0,36.0,2.0,50.00007500648498,785.8125,0.0250000182889998,263280.0,276.14079986572256,60.00197199249268,792.1875
1,14,7,2018,44.0,43.73333333333333,61.0,65.0,0.7,24.0,30.0,2.0,50.00007500648498,785.8125,0.0250000182889998,263280.0,276.14079986572256,60.00197199249268,792.1875
2,14,7,2018,49.0,44.1,68.0,68.42857142857143,0.6,23.0,26.0,2.0,50.00007500648498,785.8125,0.0250000182889998,263280.0,276.14079986572256,60.00197199249268,792.1875
4,14,7,2018,49.0,44.5,68.0,71.85714285714286,0.6,18.0,34.0,2.0,50.00007500648498,785.8125,0.0250000182889998,263280.0,276.14079986572256,60.00197199249268,792.1875
5,14,7,2018,42.0,44.3,59.0,75.28571428571428,0.6,17.0,36.0,2.0,50.00007500648498,785.8125,0.0250000182889998,263280.0,276.14079986572256,60.00197199249268,792.1875
6,14,7,2018,46.0,44.7,64.0,78.71428571428571,0.6,20.0,30.0,2.0,50.0,795.7468749999999,0.0250000166810006,263196.0,276.1931750640869,60.00537999725342,822.0625
7,14,7,2018,40.0,45.06666666666667,56.0,82.14285714285714,0.6,17.0,39.0,2.0,50.0,795.7468749999999,0.0250000166810006,263196.0,276.1931750640869,60.00537999725342,822.0625
8,14,7,2018,49.0,45.66666666666666,68.0,85.57142857142857,0.6,18.0,44.0,2.0,50.0,795.7468749999999,0.0250000166810006,263196.0,276.1931750640869,60.00537999725342,822.0625
9,14,7,2018,61.0,46.63333333333333,83.0,89.0,0.6,20.0,55.0,2.0,50.00004375457764,795.7468749999999,0.0250000172310005,263000.0,276.1931750640869,60.00371999359131,755.0
13,14,7,2018,33.0,46.56666666666667,47.0,77.75,0.5,10.0,144.0,2.0,50.00004375457764,795.7468749999999,0.0250000172310005,263000.0,276.1931750640869,60.00371999359131,755.0
15,14,7,2018,39.0,46.66666666666666,55.0,66.5,0.6,8.0,162.0,2.0,50.0,791.5,0.025000018662,263384.0,276.15259979248043,60.00174799346924,685.0
16,14,7,2018,32.0,46.4,49.0,55.25,0.5,8.0,157.0,2.0,50.0,791.5,0.025000018662,263384.0,276.15259979248043,60.00174799346924,685.0
17,14,7,2018,26.0,45.9,49.0,44.0,0.5,9.0,158.0,2.0,50.0,791.5,0.025000018662,263384.0,276.15259979248043,60.00174799346924,685.0
18,14,7,2018,24.0,45.3,49.0,41.0,0.5,10.0,156.0,2.0,50.0,789.875,0.025000018662,263444.0,276.14009979248044,60.00233999633789,685.0
19,14,7,2018,57.0,45.5,78.0,86.0,0.9,15.0,172.0,2.0,50.0,789.875,0.025000018662,263444.0,276.14009979248044,60.00233999633789,685.0
20,14,7,2018,66.0,46.2,89.0,87.0,0.8,16.0,161.0,2.0,50.0,789.875,0.025000018662,263444.0,276.14009979248044,60.00233999633789,685.0
21,14,7,2018,56.0,46.333333333333336,76.0,84.0,0.8,21.0,142.0,2.0,50.0,788.1875,0.025000018662,263500.0,276.1294998168945,60.00149599456787,685.4375
22,14,7,2018,62.0,46.93333333333333,84.0,85.0,0.9,27.0,118.0,2.0,50.0,788.1875,0.025000018662,263500.0,276.1294998168945,60.00149599456787,685.4375
23,14,7,2018,64.0,47.66666666666666,86.0,76.0,0.9,37.0,105.0,2.0,50.0,788.1875,0.025000018662,263500.0,276.1294998168945,60.00149599456787,685.4375
0,15,7,2018,64.0,48.2,86.0,85.0,0.9,71.0,60.0,2.0,50.0,787.75,0.025000018662,263676.0,276.1429998779296,60.00351999664306,782.0
2,15,7,2018,71.0,49.3,95.0,100.0,0.8666666666666667,60.0,39.0,2.0,50.0,787.75,0.025000018662,263676.0,276.1429998779296,60.00351999664306,782.0
3,15,7,2018,71.0,50.16666666666666,95.0,90.0,0.8333333333333334,49.0,33.0,2.0,50.0,795.6875,0.0250000174529999,263428.0,276.1926998901367,60.00389999389648,840.875
4,15,7,2018,70.0,50.66666666666666,94.0,81.0,0.8,51.0,22.5,2.0,50.0,795.6875,0.0250000174529999,263428.0,276.1926998901367,60.00389999389648,840.875
6,15,7,2018,68.0,51.4,91.0,76.0,0.8,45.0,12.0,2.0,50.0,795.7468749999999,0.0250000185590013,263288.0,276.1931750640869,60.00551199340821,846.1875
8,15,7,2018,76.0,52.2,101.0,113.0,0.8,42.0,44.0,2.0,50.0,795.7468749999999,0.0250000185590013,263288.0,276.1931750640869,60.00551199340821,846.1875
9,15,7,2018,85.0,53.06666666666667,113.0,114.0,0.9,46.0,85.0,2.0,50.0,795.7468749999999,0.0250000183270014,263080.0,276.1931750640869,60.00677599334717,756.5625
10,15,7,2018,98.0,54.06666666666667,129.0,104.625,0.9,33.0,142.0,2.0,50.0,795.7468749999999,0.0250000183270014,263080.0,276.1931750640869,60.00677599334717,756.5625
11,15,7,2018,72.0,55.16666666666666,96.0,95.25,0.8,17.0,181.0,2.0,50.0,795.7468749999999,0.0250000183270014,263080.0,276.1931750640869,60.00677599334717,756.5625
12,15,7,2018,66.0,55.5,89.0,85.875,0.8,13.0,181.0,2.0,50.0,795.7468749999999,0.025000018662,263248.0,276.1908999633789,60.00235599517822,685.3125
13,15,7,2018,61.0,56.0,83.0,76.5,0.7,10.0,177.0,2.0,50.0,795.7468749999999,0.025000018662,263248.0,276.1908999633789,60.00235599517822,685.3125
14,15,7,2018,43.0,56.13333333333333,69.0,67.125,0.7,8.0,175.0,2.0,50.0,795.7468749999999,0.025000018662,263248.0,276.1908999633789,60.00235599517822,685.3125
15,15,7,2018,35.0,55.833333333333336,50.0,57.75,0.6,7.0,159.0,2.0,50.00041218996048,795.125,0.025000018662,263196.0,276.1825,60.00277599334717,685.0
16,15,7,2018,32.0,55.266666666666666,48.0,48.375,0.5,7.0,154.0,2.0,50.00041218996048,795.125,0.025000018662,263196.0,276.1825,60.00277599334717,685.0
17,15,7,2018,26.0,54.5,48.0,39.0,0.5,7.0,153.0,2.0,50.00041218996048,795.125,0.025000018662,263196.0,276.1825,60.00277599334717,685.0
18,15,7,2018,41.0,54.46666666666667,58.0,55.0,0.5,9.0,151.0,2.0,50.0,792.5625,0.0250000180910006,263068.0,276.1710998535156,60.00299599456787,685.0
19,15,7,2018,41.0,54.3,58.0,62.0,0.6,13.0,136.0,2.0,50.0,792.5625,0.0250000180910006,263068.0,276.1710998535156,60.00299599456787,685.0
20,15,7,2018,42.0,54.36666666666667,63.0,76.0,0.5,15.0,128.0,2.0,50.0,792.5625,0.0250000180910006,263068.0,276.1710998535156,60.00299599456787,685.0
21,15,7,2018,42.0,54.13333333333333,68.0,85.0,0.6,22.0,112.0,2.0,50.0,787.5,0.0250000182560011,263112.0,276.13279998779296,60.00168799591064,685.5
22,15,7,2018,63.0,54.2,85.0,83.0,0.7,22.0,104.0,2.0,50.0,787.5,0.0250000182560011,263112.0,276.13279998779296,60.00168799591064,685.5
23,15,7,2018,43.0,54.53333333333333,62.0,73.0,0.7,27.0,83.0,2.0,50.0,787.5,0.0250000182560011,263112.0,276.13279998779296,60.00168799591064,685.5
0,16,7,2018,40.0,54.56666666666667,65.0,80.0,0.7,29.0,68.0,2.0,50.00041218996048,795.7468749999999,0.025000018662,263348.0,276.14549987792964,60.00201999664306,714.75
1,16,7,2018,46.0,55.03333333333333,83.0,115.0,0.8,28.0,58.0,2.0,50.00041218996048,795.7468749999999,0.025000018662,263348.0,276.14549987792964,60.00201999664306,714.75
2,16,7,2018,47.0,55.73333333333333,73.0,96.0,0.8,32.0,50.0,2.0,50.00041218996048,795.7468749999999,0.025000018662,263348.0,276.14549987792964,60.00201999664306,714.75
3,16,7,2018,77.0,57.5,103.0,87.0,0.7,22.0,67.0,2.0,50.0,795.7468749999999,0.025000018662,263056.0,276.1645999145508,60.002415992736815,754.875
4,16,7,2018,9.0,55.9,31.0,78.0,0.5,8.0,100.0,2.0,50.0,795.7468749999999,0.025000018662,263056.0,276.1645999145508,60.002415992736815,754.875
5,16,7,2018,3.0,53.8,28.0,69.0,0.6,13.0,88.0,2.0,50.0,795.7468749999999,0.025000018662,263056.0,276.1645999145508,60.002415992736815,754.875
6,16,7,2018,3.0,52.03333333333333,25.0,60.0,0.7,10.0,81.0,2.0,50.00041218996048,795.7468749999999,0.025000018662,263016.0,276.1672998046875,60.00350399780272,753.9375
7,16,7,2018,10.0,50.3,21.0,51.0,0.7,15.0,67.0,2.0,50.00041218996048,795.7468749999999,0.025000018662,263016.0,276.1672998046875,60.00350399780272,753.9375
8,16,7,2018,14.0,48.63333333333333,20.0,42.0,0.7,20.0,60.0,2.0,50.00041218996048,795.7468749999999,0.025000018662,263016.0,276.1672998046875,60.00350399780272,753.9375
9,16,7,2018,3.0,46.6,33.0,33.0,0.7,21.0,59.0,2.0,50.00041218996048,793.0,0.0250000178500004,263012.0,276.12579986572257,60.00345999145508,707.625
10,16,7,2018,9.0,44.53333333333333,18.0,18.0,0.8,23.0,55.0,2.0,50.00041218996048,793.0,0.0250000178500004,263012.0,276.12579986572257,60.00345999145508,707.625
11,16,7,2018,11.0,42.53333333333333,21.0,21.0,0.8,24.0,54.0,2.0,50.00041218996048,793.0,0.0250000178500004,263012.0,276.12579986572257,60.00345999145508,707.625
12,16,7,2018,13.0,40.63333333333333,19.0,26.5,0.8,21.0,62.0,2.0,50.00041218996048,790.9375,0.0250000178040005,263312.0,276.1169998168945,60.00719599151611,685.25
13,16,7,2018,24.0,39.16666666666666,34.0,32.0,1.1,41.0,35.0,2.0,50.00041218996048,790.9375,0.0250000178040005,263312.0,276.1169998168945,60.00719599151611,685.25
14,16,7,2018,36.0,37.833333333333336,51.0,43.33333333333334,1.3,37.0,46.0,2.0,50.00041218996048,790.9375,0.0250000178040005,263312.0,276.1169998168945,60.00719599151611,685.25
15,16,7,2018,53.0,36.766666666666666,73.0,54.66666666666667,1.3,31.0,67.0,2.0,50.0,791.1875,0.0250000177159998,263388.0,276.1188998413086,60.00280799102783,685.0
16,16,7,2018,53.0,35.266666666666666,73.0,66.0,1.3,28.0,74.0,2.0,50.0,791.1875,0.0250000177159998,263388.0,276.1188998413086,60.00280799102783,685.0
17,16,7,2018,17.0,33.43333333333333,24.0,21.0,0.9,21.0,69.0,2.0,50.0,791.1875,0.0250000177159998,263388.0,276.1188998413086,60.00280799102783,685.0
18,16,7,2018,13.0,31.666666666666668,19.0,20.5,1.0,33.0,50.0,2.0,50.0,791.375,0.0250000180560015,263412.0,276.11929992675783,60.00317199707031,685.0
19,16,7,2018,13.0,30.066666666666663,24.0,20.0,0.8,14.0,78.0,2.0,50.0,791.375,0.0250000180560015,263412.0,276.11929992675783,60.00317199707031,685.0
20,16,7,2018,14.0,29.1,20.0,19.5,0.9,30.0,52.0,2.0,50.0,791.375,0.0250000180560015,263412.0,276.11929992675783,60.00317199707031,685.0
21,16,7,2018,18.0,28.53333333333333,26.0,19.0,0.9,28.0,49.0,2.0,50.0,791.0625,0.0250000177670009,263448.0,276.1176998901367,60.00158799743652,685.4375
22,16,7,2018,13.0,27.9,19.0,15.0,1.0,33.0,38.0,2.0,50.0,791.0625,0.0250000177670009,263448.0,276.1176998901367,60.00158799743652,685.4375
0,17,7,2018,15.0,27.53333333333333,21.0,17.0,1.0,29.0,32.0,2.0,50.00041218996048,793.4375,0.025000018662,263460.0,276.1260998535156,60.0005359954834,706.875
1,17,7,2018,25.0,27.0,36.0,33.0,1.0,29.0,31.0,2.0,50.00041218996048,793.4375,0.025000018662,263460.0,276.1260998535156,60.0005359954834,706.875
2,17,7,2018,18.0,26.23333333333333,26.0,32.25,0.8333333333333334,21.0,39.0,2.0,50.00041218996048,793.4375,0.025000018662,263460.0,276.1260998535156,60.0005359954834,706.875
3,17,7,2018,22.0,25.566666666666663,31.0,31.5,0.6666666666666667,18.0,39.0,2.0,50.00041218996048,791.9375,0.0250000186589993,263392.0,276.12369995117183,60.00233999633789,743.3125
4,17,7,2018,15.0,24.666666666666668,21.0,30.75,0.5,15.0,37.5,2.0,50.00041218996048,791.9375,0.0250000186589993,263392.0,276.12369995117183,60.00233999633789,743.3125
5,17,7,2018,15.0,23.066666666666663,21.0,30.0,0.4,17.0,36.0,2.0,50.00041218996048,791.9375,0.0250000186589993,263392.0,276.12369995117183,60.00233999633789,743.3125
6,17,7,2018,14.0,22.1,20.0,29.25,0.4,19.0,31.0,2.0,50.00041218996048,794.6875,0.025000018662,263204.0,276.1303997802734,60.00356799316406,716.625
7,17,7,2018,18.0,21.366666666666667,26.0,28.5,0.5,27.0,32.0,2.0,50.00041218996048,794.6875,0.025000018662,263204.0,276.1303997802734,60.00356799316406,716.625
8,17,7,2018,29.0,20.8,41.0,27.75,0.6,27.0,36.0,2.0,50.00041218996048,794.6875,0.025000018662,263204.0,276.1303997802734,60.00356799316406,716.625
9,17,7,2018,24.0,20.03333333333333,34.0,27.0,0.6,28.0,31.0,2.0,50.00041218996048,794.375,0.025000018499,263124.0,276.1303997802734,60.001783996582034,703.3125
10,17,7,2018,13.0,17.9,19.0,19.0,0.7,33.0,32.0,2.0,50.00041218996048,794.375,0.025000018499,263124.0,276.1303997802734,60.001783996582034,703.3125
11,17,7,2018,18.0,18.2,26.0,15.5,0.6,20.0,59.0,2.0,50.00041218996048,794.375,0.025000018499,263124.0,276.1303997802734,60.001783996582034,703.3125
12,17,7,2018,10.0,18.433333333333334,19.0,12.0,0.5,17.0,61.0,2.0,50.00041218996048,794.0625,0.0250000180799998,263056.0,276.13209991455074,60.00333199310303,685.25
13,17,7,2018,13.0,18.766666666666666,19.0,13.0,0.6,18.0,62.0,2.0,50.00041218996048,794.0625,0.0250000180799998,263056.0,276.13209991455074,60.00333199310303,685.25
14,17,7,2018,13.0,18.866666666666667,20.0,14.0,0.5,14.0,65.0,2.0,50.00041218996048,794.0625,0.0250000180799998,263056.0,276.13209991455074,60.00333199310303,685.25
15,17,7,2018,19.0,19.03333333333333,27.0,16.0,0.5,18.0,62.0,2.0,50.00041218996048,793.4375,0.025000018662,263144.0,276.12669982910154,60.002063995361326,685.0
16,17,7,2018,16.0,19.466666666666665,23.0,18.0,0.4,13.0,61.0,2.0,50.00041218996048,793.4375,0.025000018662,263144.0,276.12669982910154,60.002063995361326,685.0
17,17,7,2018,18.0,19.766666666666666,26.0,20.0,0.4,14.0,59.0,2.0,50.00041218996048,793.4375,0.025000018662,263144.0,276.12669982910154,60.002063995361326,685.0
18,17,7,2018,18.0,20.0,26.0,22.875,0.5,24.0,47.0,2.0,50.00041218996048,793.375,0.025000018662,263176.0,276.1263000488281,60.00219199371338,685.0
19,17,7,2018,21.0,20.266666666666666,30.0,25.75,0.6,26.0,47.0,2.0,50.00041218996048,793.375,0.025000018662,263176.0,276.1263000488281,60.00219199371338,685.0
20,17,7,2018,26.0,20.33333333333333,37.0,28.625,0.7,42.0,31.0,2.0,50.00041218996048,793.375,0.025000018662,263176.0,276.1263000488281,60.00219199371338,685.0
21,17,7,2018,29.0,20.1,41.0,31.5,0.7,40.0,24.0,2.0,50.00041218996048,792.5625,0.0250000176170002,263316.0,276.1222998046875,60.00226399230957,685.4375
22,17,7,2018,30.0,19.33333333333333,43.0,34.375,0.7,39.0,16.0,2.0,50.00041218996048,792.5625,0.0250000176170002,263316.0,276.1222998046875,60.00226399230957,685.4375
23,17,7,2018,34.0,18.7,49.0,37.25,0.7,33.0,21.0,2.0,50.00041218996048,792.5625,0.0250000176170002,263316.0,276.1222998046875,60.00226399230957,685.4375
0,18,7,2018,38.0,19.4,54.0,40.125,0.7,34.0,17.0,2.0,50.00041218996048,793.375,0.0250000183790009,263596.0,276.1329998779296,60.00222799682617,717.5
1,18,7,2018,39.0,20.266666666666666,55.0,43.0,0.7,32.0,18.0,2.0,50.00041218996048,793.375,0.0250000183790009,263596.0,276.1329998779296,60.00222799682617,717.5
2,18,7,2018,36.0,21.03333333333333,51.0,45.75,0.6,26.0,20.0,2.0,50.00041218996048,793.375,0.0250000183790009,263596.0,276.1329998779296,60.00222799682617,717.5
3,18,7,2018,40.0,21.9,56.0,48.5,0.7,25.0,18.0,2.0,50.00006875038147,795.7468749999999,0.025000018662,263420.0,276.16829986572264,60.004139991760255,751.0625
4,18,7,2018,43.0,22.73333333333333,60.0,51.25,0.7,36.0,3.0,2.0,50.00006875038147,795.7468749999999,0.025000018662,263420.0,276.16829986572264,60.004139991760255,751.0625
5,18,7,2018,45.0,23.8,63.0,54.0,0.7,34.0,4.0,2.0,50.00006875038147,795.7468749999999,0.025000018662,263420.0,276.16829986572264,60.004139991760255,751.0625
6,18,7,2018,60.0,25.3,81.0,56.75,0.8,31.0,9.0,2.0,50.00006875038147,795.7468749999999,0.025000018662,263344.0,276.18029998779286,60.00315199279786,752.5625
7,18,7,2018,66.0,26.666666666666668,89.0,59.5,0.7,32.0,16.0,2.0,50.00006875038147,795.7468749999999,0.025000018662,263344.0,276.18029998779286,60.00315199279786,752.5625
8,18,7,2018,63.0,28.166666666666668,85.0,62.25,0.8,35.0,19.0,2.0,50.00006875038147,795.7468749999999,0.025000018662,263344.0,276.18029998779286,60.00315199279786,752.5625
9,18,7,2018,59.0,29.4,80.0,65.0,0.8,29.0,28.0,2.0,50.0,795.7468749999999,0.025000018662,263132.0,276.18669982910154,60.00393599700928,714.4375
10,18,7,2018,63.0,31.0,85.0,73.5,0.8,27.0,34.0,2.0,50.0,795.7468749999999,0.025000018662,263132.0,276.18669982910154,60.00393599700928,714.4375
11,18,7,2018,61.0,32.53333333333333,83.0,82.0,0.9,24.0,78.0,2.0,50.0,795.7468749999999,0.025000018662,263132.0,276.18669982910154,60.00393599700928,714.4375
12,18,7,2018,70.0,34.4,94.0,90.5,0.9,28.0,100.0,2.0,50.00023750305176,795.7468749999999,0.025000018662,263304.0,276.159700012207,60.004111991882326,685.25
13,18,7,2018,78.0,36.4,104.0,99.0,0.9,24.0,130.0,2.0,50.00023750305176,795.7468749999999,0.025000018662,263304.0,276.159700012207,60.004111991882326,685.25
14,18,7,2018,82.0,38.16666666666666,109.0,107.5,0.9,21.0,165.0,2.0,50.00023750305176,795.7468749999999,0.025000018662,263304.0,276.159700012207,60.004111991882326,685.25
15,18,7,2018,91.0,40.4,120.0,116.0,0.9,18.0,177.0,2.0,50.0,791.8125,0.0250000178159996,263428.0,276.12329986572263,60.00150799560547,685.0
16,18,7,2018,98.0,43.23333333333333,129.0,124.5,1.3,41.0,128.0,2.0,50.0,791.8125,0.0250000178159996,263428.0,276.12329986572263,60.00150799560547,685.0
17,18,7,2018,109.0,46.266666666666666,143.0,133.0,1.4,45.0,122.0,2.0,50.0,791.8125,0.0250000178159996,263428.0,276.12329986572263,60.00150799560547,685.0
18,18,7,2018,120.0,49.93333333333333,157.0,134.32432432432432,1.5,45.0,126.0,2.0,50.0,793.0,0.025000018662,263464.0,276.129400024414,60.00185599517823,685.0
19,18,7,2018,127.0,53.73333333333333,167.0,135.64864864864865,1.5,46.0,126.0,2.0,50.0,793.0,0.025000018662,263464.0,276.129400024414,60.00185599517823,685.0
20,18,7,2018,134.0,57.766666666666666,177.0,136.97297297297294,1.7,57.0,103.0,2.0,50.0,793.0,0.025000018662,263464.0,276.129400024414,60.00185599517823,685.0
21,18,7,2018,146.0,62.0,194.0,138.29729729729732,1.7,60.0,73.0,2.0,50.00041218996048,792.75,0.0250000185030009,263660.0,276.1286999511718,60.00231199645996,685.4375
22,18,7,2018,151.0,66.5,201.0,139.6216216216216,1.8,66.0,45.0,2.0,50.00041218996048,792.75,0.0250000185030009,263660.0,276.1286999511718,60.00231199645996,685.4375
23,18,7,2018,158.0,71.16666666666667,208.0,140.94594594594594,1.7,64.0,33.0,2.0,50.00041218996048,792.75,0.0250000185030009,263660.0,276.1286999511718,60.00231199645996,685.4375
0,19,7,2018,128.0,74.83333333333333,169.0,142.27027027027026,1.4,49.0,41.0,2.0,50.0,795.7468749999999,0.025000018662,263624.0,276.1528997802734,60.00086799621582,710.375
1,19,7,2018,149.0,79.1,199.0,143.59459459459458,1.5,60.0,22.0,3.333333333333333,50.0,795.7468749999999,0.025000018662,263624.0,276.1528997802734,60.00086799621582,710.375
2,19,7,2018,51.0,79.93333333333334,70.0,144.9189189189189,0.8,28.0,70.0,4.666666666666666,50.0,795.7468749999999,0.025000018662,263624.0,276.1528997802734,60.00086799621582,710.375
3,19,7,2018,38.0,80.23333333333333,54.0,146.24324324324326,0.1,29.0,77.0,6.0,50.00041218996048,795.3125,0.025000018662,263444.0,276.1591998291016,60.00224799346924,788.8125
4,19,7,2018,47.0,80.8,65.0,147.5675675675676,0.1,37.0,56.5,2.0,50.00041218996048,795.3125,0.025000018662,263444.0,276.1591998291016,60.00224799346924,788.8125
5,19,7,2018,51.0,81.36666666666666,70.0,148.8918918918919,0.1,34.5,36.0,2.0,50.00041218996048,795.3125,0.025000018662,263444.0,276.1591998291016,60.00224799346924,788.8125
6,19,7,2018,63.0,82.2,85.0,150.21621621621622,0.1,32.0,29.0,2.0,50.0,795.7468749999999,0.025000018662,263236.0,276.1931750640869,60.004443992614746,798.25
7,19,7,2018,66.0,83.1,89.0,151.54054054054058,0.2,35.0,30.0,2.0,50.0,795.7468749999999,0.025000018662,263236.0,276.1931750640869,60.004443992614746,798.25
8,19,7,2018,71.0,84.26666666666667,95.0,152.86486486486487,0.3,68.0,10.0,2.0,50.0,795.7468749999999,0.025000018662,263236.0,276.1931750640869,60.004443992614746,798.25
9,19,7,2018,73.0,85.36666666666666,98.0,154.1891891891892,0.4,66.0,13.0,2.0,50.00041218996048,795.7468749999999,0.025000018662,262988.0,276.1738998413086,60.00272399139404,717.25
10,19,7,2018,66.0,86.13333333333334,89.0,155.51351351351352,0.4,54.0,34.0,2.0,50.00041218996048,795.7468749999999,0.025000018662,262988.0,276.1738998413086,60.00272399139404,717.25
11,19,7,2018,75.0,87.13333333333334,100.0,156.83783783783784,0.4,36.0,47.0,2.0,50.00041218996048,795.7468749999999,0.025000018662,262988.0,276.1738998413086,60.00272399139404,717.25
12,19,7,2018,113.0,88.9,148.0,158.16216216216216,0.4,21.0,91.0,2.0,50.00041218996048,795.7468749999999,0.025000018662,263024.0,276.17130004882813,60.00427199554444,685.25
13,19,7,2018,127.0,90.93333333333334,167.0,159.48648648648648,0.4,19.0,121.0,2.0,50.00041218996048,795.7468749999999,0.025000018662,263024.0,276.17130004882813,60.00427199554444,685.25
14,19,7,2018,122.0,92.9,160.0,160.8108108108108,0.3,17.0,156.0,2.0,50.00041218996048,795.7468749999999,0.025000018662,263024.0,276.17130004882813,60.00427199554444,685.25
15,19,7,2018,116.0,94.8,151.0,162.13513513513513,0.4,24.0,158.0,2.0,50.00041218996048,795.7468749999999,0.025000018662,263112.0,276.17160003662104,60.00171999359131,685.0
16,19,7,2018,137.0,97.26666666666668,181.0,163.45945945945942,0.5,31.0,162.0,2.0,50.00041218996048,795.7468749999999,0.025000018662,263112.0,276.17160003662104,60.00171999359131,685.0
17,19,7,2018,56.0,97.1,76.0,164.78378378378378,0.1,8.0,104.0,2.0,50.00041218996048,795.7468749999999,0.025000018662,263112.0,276.17160003662104,60.00171999359131,685.0
18,19,7,2018,31.0,95.8,44.0,166.1081081081081,0.1,15.0,85.0,2.0,50.0,795.7468749999999,0.025000018662,262908.0,276.1650997924804,60.000103996276856,685.0
19,19,7,2018,35.0,94.36666666666666,50.0,167.43243243243245,0.1,23.0,86.0,2.0,50.0,795.7468749999999,0.025000018662,262908.0,276.1650997924804,60.000103996276856,685.0
20,19,7,2018,54.0,93.43333333333334,74.0,168.75675675675674,0.3,37.0,68.0,2.0,50.0,795.7468749999999,0.025000018662,262908.0,276.1650997924804,60.000103996276856,685.0
21,19,7,2018,71.0,92.76666666666668,95.0,170.0810810810811,0.3,34.0,70.0,2.0,50.00005000114441,794.5625,0.025000018662,262924.0,276.1513000488281,60.00128399658203,685.4375
22,19,7,2018,84.0,92.3,111.0,171.40540540540542,0.3,33.0,60.0,2.0,50.00005000114441,794.5625,0.025000018662,262924.0,276.1513000488281,60.00128399658203,685.4375
23,19,7,2018,108.0,92.26666666666668,141.0,172.72972972972977,0.4,36.0,45.0,2.0,50.00005000114441,794.5625,0.025000018662,262924.0,276.1513000488281,60.00128399658203,685.4375
0,20,7,2018,165.0,95.2,224.0,174.05405405405406,0.4,37.0,37.0,2.0,50.00041218996048,795.375,0.025000018662,263044.0,276.17,60.00329999542236,753.625
1,20,7,2018,138.0,95.56666666666666,183.0,175.3783783783784,0.5,41.0,25.0,2.0,50.00041218996048,795.375,0.025000018662,263044.0,276.17,60.00329999542236,753.625
2,20,7,2018,146.0,95.96666666666668,194.0,176.70270270270268,0.5,48.0,8.0,2.0,50.00041218996048,795.375,0.025000018662,263044.0,276.17,60.00329999542236,753.625
3,20,7,2018,120.0,95.1,157.0,178.027027027027,0.3,22.0,36.0,2.0,50.0,795.7468749999999,0.025000018662,262904.0,276.1931750640869,60.00482399749756,824.8125
4,20,7,2018,94.0,93.2,124.0,179.35135135135135,0.3,16.0,34.0,2.0,50.0,795.7468749999999,0.025000018662,262904.0,276.1931750640869,60.00482399749756,824.8125
5,20,7,2018,90.0,90.93333333333334,119.0,180.6756756756757,0.2,16.0,27.0,2.0,50.0,795.7468749999999,0.025000018662,262904.0,276.1931750640869,60.00482399749756,824.8125
6,20,7,2018,104.0,90.13333333333334,136.0,182.0,0.3,23.0,24.0,2.0,50.0,795.7468749999999,0.025000018662,262808.0,276.1931750640869,60.00288799285889,802.875
7,20,7,2018,117.0,89.06666666666666,153.0,157.0,0.4,30.0,33.0,2.0,50.0,795.7468749999999,0.025000018662,262808.0,276.1931750640869,60.00288799285889,802.875
8,20,7,2018,99.0,90.66666666666669,130.0,132.0,0.4,25.0,31.0,2.0,50.0,795.7468749999999,0.025000018662,262808.0,276.1931750640869,60.00288799285889,802.875
9,20,7,2018,86.0,92.26666666666668,114.0,107.0,0.3,18.0,57.0,2.0,50.0,795.7468749999999,0.025000018662,262664.0,276.1931750640869,60.005567993164064,757.0625
10,20,7,2018,79.0,93.33333333333331,105.0,82.0,0.2,15.0,92.0,2.0,50.0,795.7468749999999,0.025000018662,262664.0,276.1931750640869,60.005567993164064,757.0625
11,20,7,2018,77.0,94.2,103.0,94.0,0.2,9.0,121.0,2.0,50.0,795.7468749999999,0.025000018662,262664.0,276.1931750640869,60.005567993164064,757.0625
12,20,7,2018,87.0,95.0,115.0,107.0,0.7,15.0,124.0,2.0,50.00006875038147,795.7468749999999,0.025000018662,262800.0,276.1931750640869,60.00231999206543,685.25
13,20,7,2018,96.0,96.0,126.0,110.0,0.8,10.0,151.0,2.0,50.00006875038147,795.7468749999999,0.025000018662,262800.0,276.1931750640869,60.00231999206543,685.25
14,20,7,2018,98.0,96.9,129.0,122.0,0.9,8.0,177.0,2.0,50.00006875038147,795.7468749999999,0.025000018662,262800.0,276.1931750640869,60.00231999206543,685.25
15,20,7,2018,95.0,97.63333333333334,125.0,112.0,0.8,6.0,181.0,2.0,50.0,795.7468749999999,0.025000018662,262972.0,276.190599975586,60.00586799621582,685.0
16,20,7,2018,85.0,98.26666666666668,113.0,108.0,0.8,9.0,171.0,2.0,50.0,795.7468749999999,0.025000018662,262972.0,276.190599975586,60.00586799621582,685.0
17,20,7,2018,76.0,98.3,101.0,120.0,0.8,7.0,170.0,2.0,50.0,795.7468749999999,0.025000018662,262972.0,276.190599975586,60.00586799621582,685.0
18,20,7,2018,75.0,97.03333333333332,100.0,109.0,0.8,12.0,160.0,2.0,50.0,795.7468749999999,0.025000018662,263024.0,276.17619995117184,60.00068399810791,685.0
19,20,7,2018,69.0,95.1,93.0,100.0,0.7,10.0,153.0,2.0,50.0,795.7468749999999,0.025000018662,263024.0,276.17619995117184,60.00068399810791,685.0
20,20,7,2018,80.0,93.7,106.0,104.0,0.7,17.0,143.0,2.0,50.0,795.7468749999999,0.025000018662,263024.0,276.17619995117184,60.00068399810791,685.0
21,20,7,2018,72.0,92.23333333333332,96.0,132.0,0.8,26.0,109.0,2.0,50.0,794.9375,0.025000018662,263140.0,276.167200012207,60.0022439956665,685.4375
22,20,7,2018,47.0,89.23333333333333,66.0,82.0,0.6,23.0,76.0,2.0,50.0,794.9375,0.025000018662,263140.0,276.167200012207,60.0022439956665,685.4375
0,21,7,2018,45.0,88.86666666666666,65.0,79.0,0.6,20.0,67.0,2.0,50.0,794.0,0.025000018662,263272.0,276.1864999389648,60.00430799102783,786.0625
1,21,7,2018,56.0,89.7,76.0,75.0,0.6,25.0,56.0,2.0,50.0,794.0,0.025000018662,263272.0,276.1864999389648,60.00430799102783,786.0625
2,21,7,2018,50.0,90.2,69.0,71.0,0.6333333333333333,22.0,54.0,2.0,50.0,794.0,0.025000018662,263272.0,276.1864999389648,60.00430799102783,786.0625
3,21,7,2018,56.0,90.26666666666668,76.0,67.0,0.6666666666666666,16.0,62.66666666666666,2.0,50.00003749847412,795.7468749999999,0.025000018662,263144.0,276.1931750640869,60.00282799530029,856.6124999999997
4,21,7,2018,63.0,90.0,85.0,81.0,0.7,14.666666666666664,71.33333333333333,2.0,50.00003749847412,795.7468749999999,0.025000018662,263144.0,276.1931750640869,60.00282799530029,856.6124999999997
5,21,7,2018,74.0,89.66666666666667,99.0,83.0,0.8,13.333333333333336,80.0,2.0,50.00003749847412,795.7468749999999,0.025000018662,263144.0,276.1931750640869,60.00282799530029,856.6124999999997
6,21,7,2018,80.0,88.73333333333333,106.0,89.0,0.8,12.0,76.0,2.0,50.0,795.7468749999999,0.025000018662,263084.0,276.1931750640869,60.00649999237061,856.6124999999997
7,21,7,2018,85.0,84.63333333333334,113.0,89.0,0.9,18.0,72.0,2.0,50.0,795.7468749999999,0.025000018662,263084.0,276.1931750640869,60.00649999237061,856.6124999999997
8,21,7,2018,97.0,83.26666666666667,128.0,89.0,1.0,18.0,74.0,2.0,50.0,795.7468749999999,0.025000018662,263084.0,276.1931750640869,60.00649999237061,856.6124999999997
9,21,7,2018,87.0,81.3,115.0,89.0,0.9,16.0,99.0,2.0,50.00041218996048,795.7468749999999,0.025000018662,262992.0,276.1931750640869,60.00592799377442,768.375
10,21,7,2018,71.0,79.66666666666667,95.0,89.0,0.7,14.0,127.0,2.0,50.00041218996048,795.7468749999999,0.025000018662,262992.0,276.1931750640869,60.00592799377442,768.375
11,21,7,2018,75.0,79.03333333333333,100.0,89.0,0.6,8.0,150.0,2.0,50.00041218996048,795.7468749999999,0.025000018662,262992.0,276.1931750640869,60.00592799377442,768.375
12,21,7,2018,84.0,78.83333333333333,111.0,108.0,0.8,11.0,174.0,2.0,50.00041218996048,795.7468749999999,0.025000018662,263288.0,276.1931750640869,60.00169999694824,685.25
13,21,7,2018,91.0,78.4,120.0,125.0,0.8,12.0,181.0,2.0,50.00041218996048,795.7468749999999,0.025000018662,263288.0,276.1931750640869,60.00169999694824,685.25
14,21,7,2018,90.0,77.5,119.0,116.0,0.8,11.0,181.0,2.0,50.00041218996048,795.7468749999999,0.025000018662,263288.0,276.1931750640869,60.00169999694824,685.25
15,21,7,2018,81.0,76.9,108.0,115.0,0.8,7.0,181.0,2.0,50.00012499809265,794.375,0.025000018662,263376.0,276.18130004882806,60.00311199188232,685.0
16,21,7,2018,72.0,76.43333333333334,96.0,99.0,0.8,7.0,181.0,2.0,50.00012499809265,794.375,0.025000018662,263376.0,276.18130004882806,60.00311199188232,685.0
17,21,7,2018,61.0,75.83333333333333,83.0,93.0,0.6,7.0,181.0,2.0,50.00012499809265,794.375,0.025000018662,263376.0,276.18130004882806,60.00311199188232,685.0
18,21,7,2018,62.0,75.33333333333333,84.0,93.0,0.6,9.0,181.0,2.0,50.0,793.5,0.025000018662,263468.0,276.17259979248047,60.00163599395752,685.0
19,21,7,2018,63.0,74.53333333333333,85.0,101.0,0.6,13.0,179.0,2.0,50.0,793.5,0.025000018662,263468.0,276.17259979248047,60.00163599395752,685.0
20,21,7,2018,77.0,73.9,103.0,127.0,0.8,30.0,161.0,2.0,50.0,793.5,0.025000018662,263468.0,276.17259979248047,60.00163599395752,685.0
21,21,7,2018,91.0,73.66666666666667,120.0,152.0,0.9,35.0,138.0,2.0,50.0,790.875,0.025000018662,263664.0,276.15619995117186,60.00336399078369,685.4375
22,21,7,2018,116.0,74.36666666666666,151.0,166.0,1.1,56.0,81.0,2.0,50.0,790.875,0.025000018662,263664.0,276.15619995117186,60.00336399078369,685.4375
23,21,7,2018,67.0,73.76666666666667,90.0,97.0,0.9,49.0,54.0,2.0,50.0,790.875,0.025000018662,263664.0,276.15619995117186,60.00336399078369,685.4375
0,22,7,2018,52.0,72.96666666666667,71.0,70.0,0.8,41.0,64.0,2.0,50.0,792.75,0.025000018662,263908.0,276.1555999755859,60.00545199584961,754.875
1,22,7,2018,49.0,72.1,68.0,74.0,0.8,37.0,66.0,2.0,50.0,792.75,0.025000018662,263908.0,276.1555999755859,60.00545199584961,754.875
2,22,7,2018,53.0,71.56666666666666,73.0,70.0,0.8,44.0,47.0,2.0,50.0,792.75,0.025000018662,263908.0,276.1555999755859,60.00545199584961,754.875
3,22,7,2018,56.0,70.76666666666667,76.0,73.0,0.8,44.0,33.0,2.0,50.00041218996048,795.7468749999999,0.025000018662,263764.0,276.1717999267578,60.00306799316406,787.25
4,22,7,2018,53.0,70.13333333333334,73.0,70.0,0.8,47.0,29.0,2.0,50.00041218996048,795.7468749999999,0.025000018662,263764.0,276.1717999267578,60.00306799316406,787.25
5,22,7,2018,66.0,70.76666666666667,89.0,77.0,0.8,42.0,28.0,2.0,50.00041218996048,795.7468749999999,0.025000018662,263764.0,276.1717999267578,60.00306799316406,787.25
6,22,7,2018,88.0,72.2,116.0,88.0,0.8,37.0,27.0,2.0,50.00001250267029,795.7468749999999,0.0250000174250006,263728.0,276.1931750640869,60.002415992736815,794.1875
7,22,7,2018,98.0,73.6,129.0,100.0,0.9,46.0,18.0,2.0,50.00001250267029,795.7468749999999,0.0250000174250006,263728.0,276.1931750640869,60.002415992736815,794.1875
8,22,7,2018,99.0,75.23333333333333,130.0,99.0,0.9,28.0,34.0,2.0,50.00001250267029,795.7468749999999,0.0250000174250006,263728.0,276.1931750640869,60.002415992736815,794.1875
9,22,7,2018,116.0,77.23333333333333,151.0,90.33333333333331,1.3,26.0,35.0,2.0,50.00040625572205,795.7468749999999,0.0250000159990005,263516.0,276.188099975586,60.00324799346924,728.5
10,22,7,2018,122.0,79.2,160.0,81.66666666666667,1.8,35.0,28.0,2.0,50.00040625572205,795.7468749999999,0.0250000159990005,263516.0,276.188099975586,60.00324799346924,728.5
11,22,7,2018,69.0,79.03333333333333,93.0,73.0,0.9,17.0,83.0,2.0,50.00040625572205,795.7468749999999,0.0250000159990005,263516.0,276.188099975586,60.00324799346924,728.5
12,22,7,2018,10.0,76.7,31.0,56.75,0.5,7.0,99.0,2.0,50.0,795.7468749999999,0.0250000158100016,263688.0,276.1764999389648,60.001815994262685,685.25
13,22,7,2018,3.0,73.96666666666667,30.0,40.5,0.4,4.0,95.0,2.0,50.0,795.7468749999999,0.0250000158100016,263688.0,276.1764999389648,60.001815994262685,685.25
14,22,7,2018,11.0,71.1,33.0,24.25,0.4,6.0,105.0,2.0,50.0,795.7468749999999,0.0250000158100016,263688.0,276.1764999389648,60.001815994262685,685.25
15,22,7,2018,6.0,68.4,27.0,8.0,0.4,12.0,86.0,2.0,50.0,795.125,0.0250000173429995,263724.0,276.1667999267578,60.0020359954834,685.0
16,22,7,2018,4.0,66.16666666666667,25.0,9.0,0.4,15.0,81.0,2.0,50.0,795.125,0.0250000173429995,263724.0,276.1667999267578,60.0020359954834,685.0
17,22,7,2018,10.0,64.0,23.0,21.0,0.5,18.0,75.0,2.0,50.0,795.125,0.0250000173429995,263724.0,276.1667999267578,60.0020359954834,685.0
18,22,7,2018,10.0,61.53333333333333,27.0,27.0,0.5,22.0,68.0,2.0,50.00027500152588,794.125,0.025000018662,263756.0,276.1557000732421,60.00357599639893,685.0
19,22,7,2018,12.0,58.9,33.0,33.0,0.6,29.0,71.0,2.0,50.00027500152588,794.125,0.025000018662,263756.0,276.1557000732421,60.00357599639893,685.0
20,22,7,2018,21.0,56.6,54.0,57.0,0.7,54.0,51.0,2.0,50.00027500152588,794.125,0.025000018662,263756.0,276.1557000732421,60.00357599639893,685.0
21,22,7,2018,23.0,54.66666666666666,57.0,64.0,0.7,60.0,22.0,2.0,50.00020000457764,791.375,0.0250000167570002,263828.0,276.142200012207,60.00374799346924,685.4375
22,22,7,2018,22.0,53.0,54.0,58.0,0.7,54.0,20.0,2.0,50.00020000457764,791.375,0.0250000167570002,263828.0,276.142200012207,60.00374799346924,685.4375
23,22,7,2018,21.0,51.66666666666666,42.0,42.0,0.5,44.0,29.0,2.0,50.00020000457764,791.375,0.0250000167570002,263828.0,276.142200012207,60.00374799346924,685.4375
0,23,7,2018,20.0,50.266666666666666,41.0,41.0,0.5,46.0,28.0,2.0,50.00025625228882,789.625,0.0250000178280007,263860.0,276.1519998168945,60.00358799743653,769.9375
1,23,7,2018,24.0,48.96666666666667,48.0,48.0,0.5,45.0,30.0,2.333333333333333,50.00025625228882,789.625,0.0250000178280007,263860.0,276.1519998168945,60.00358799743653,769.9375
2,23,7,2018,29.0,47.36666666666667,51.0,51.0,0.5333333333333333,46.0,17.0,2.6666666666666665,50.00025625228882,789.625,0.0250000178280007,263860.0,276.1519998168945,60.00358799743653,769.9375
3,23,7,2018,25.0,45.16666666666666,52.0,53.0,0.5666666666666667,54.0,12.333333333333332,3.0,50.00026249885559,795.3125,0.0250000180220007,263628.0,276.1931750640869,60.0042199935913,852.9375
4,23,7,2018,27.0,42.2,53.0,55.0,0.6,54.33333333333334,7.666666666666666,2.0,50.00026249885559,795.3125,0.0250000180220007,263628.0,276.1931750640869,60.0042199935913,852.9375
5,23,7,2018,22.0,40.7,54.0,58.0,0.6,54.66666666666666,3.0,2.0,50.00026249885559,795.3125,0.0250000180220007,263628.0,276.1931750640869,60.0042199935913,852.9375
6,23,7,2018,32.0,40.03333333333333,55.0,59.0,0.6,55.0,6.0,2.0,50.00025625228882,795.7468749999999,0.0250000178520008,263428.0,276.1931750640869,60.00423599243164,847.0
7,23,7,2018,60.0,40.4,81.0,76.0,0.8,53.0,22.0,2.0,50.00025625228882,795.7468749999999,0.0250000178520008,263428.0,276.1931750640869,60.00423599243164,847.0
8,23,7,2018,77.0,41.2,103.0,93.0,1.2,39.0,21.0,2.0,50.00025625228882,795.7468749999999,0.0250000178520008,263428.0,276.1931750640869,60.00423599243164,847.0
9,23,7,2018,83.0,42.1,110.0,117.0,1.7,36.0,28.0,2.0,50.0000625038147,795.7468749999999,0.025000018662,263136.0,276.1931750640869,60.00465999603272,734.375
10,23,7,2018,72.0,42.73333333333333,96.0,90.0,1.4,37.0,39.0,3.0,50.0000625038147,795.7468749999999,0.025000018662,263136.0,276.1931750640869,60.00465999603272,734.375
11,23,7,2018,71.0,42.9,95.0,85.0,1.4,37.0,53.0,5.0,50.0000625038147,795.7468749999999,0.025000018662,263136.0,276.1931750640869,60.00465999603272,734.375
12,23,7,2018,74.0,42.43333333333333,99.0,88.0,1.2,36.0,90.0,6.0,50.00022500038147,794.625,0.0250000182450004,263300.0,276.1814999389648,60.00349999237061,685.25
19,23,7,2018,45.0,40.66666666666666,64.0,78.0,0.4,18.0,115.0,2.0,50.00022500038147,794.625,0.0250000182450004,263300.0,276.1814999389648,60.00349999237061,685.25
20,23,7,2018,37.0,38.6,57.0,63.0,0.3,15.0,85.0,2.0,50.00022500038147,794.625,0.0250000182450004,263300.0,276.1814999389648,60.00349999237061,685.25
21,23,7,2018,19.0,35.36666666666667,51.0,52.0,0.3,14.0,54.0,2.0,50.00041218996048,787.4375,0.0250000182109996,262352.0,276.12970001220697,60.003563995361326,685.375
22,23,7,2018,11.0,31.666666666666668,46.0,46.0,0.3,22.0,39.0,2.0,50.00041218996048,787.4375,0.0250000182109996,262352.0,276.12970001220697,60.003563995361326,685.375
23,23,7,2018,16.0,29.9,48.0,48.0,0.3,22.0,34.0,2.0,50.00041218996048,787.4375,0.0250000182109996,262352.0,276.12970001220697,60.003563995361326,685.375
0,24,7,2018,18.0,30.166666666666668,38.0,38.0,0.3,12.0,37.0,2.0,50.00041218996048,790.25,0.0250000183669999,262340.0,276.1297998046875,60.0078999938965,737.4375
1,24,7,2018,16.0,30.6,31.0,31.0,0.4,17.0,25.0,2.0,50.00041218996048,790.25,0.0250000183669999,262340.0,276.1297998046875,60.0078999938965,737.4375
2,24,7,2018,16.0,30.766666666666666,23.0,22.0,0.5,18.0,19.0,2.0,50.00041218996048,790.25,0.0250000183669999,262340.0,276.1297998046875,60.0078999938965,737.4375
3,24,7,2018,15.0,31.066666666666663,21.0,17.5,0.5,16.0,19.0,2.0,50.00041218996048,791.75,0.0250000183669999,262044.0,276.1413000488281,60.00442399597168,791.5
4,24,7,2018,13.0,31.366666666666667,19.0,13.0,0.5,13.0,21.0,2.0,50.00041218996048,791.75,0.0250000183669999,262044.0,276.1413000488281,60.00442399597168,791.5
5,24,7,2018,13.0,31.466666666666665,19.0,15.0,0.5,11.0,22.0,2.0,50.00041218996048,791.75,0.0250000183669999,262044.0,276.1413000488281,60.00442399597168,791.5
6,24,7,2018,13.0,31.566666666666663,19.0,17.0,0.5,13.0,20.0,2.0,50.00041218996048,794.8125,0.025000018662,261876.0,276.1613000488281,60.00499999237061,791.3125
7,24,7,2018,12.0,31.566666666666663,17.0,14.0,0.5,13.0,20.0,2.0,50.00041218996048,794.8125,0.025000018662,261876.0,276.1613000488281,60.00499999237061,791.3125
8,24,7,2018,10.0,31.2,15.0,15.0,0.5,15.0,18.0,2.0,50.00041218996048,794.8125,0.025000018662,261876.0,276.1613000488281,60.00499999237061,791.3125
9,24,7,2018,13.0,30.866666666666667,20.0,20.0,0.5,18.0,16.0,2.0,50.0,795.7468749999999,0.025000018662,261800.0,276.1931750640869,60.00308799743652,768.9375
10,24,7,2018,10.0,30.466666666666665,21.0,21.0,0.5,19.0,17.0,2.0,50.0,795.7468749999999,0.025000018662,261800.0,276.1931750640869,60.00308799743652,768.9375
11,24,7,2018,5.0,29.933333333333334,11.0,11.0,0.4,12.0,25.0,2.0,50.0,795.7468749999999,0.025000018662,261800.0,276.1931750640869,60.00308799743652,768.9375
12,24,7,2018,8.0,29.53333333333333,12.0,12.0,0.4,16.0,21.0,2.0,50.0,795.7468749999999,0.025000018662,262020.0,276.1785998535156,60.00390399169922,685.25
13,24,7,2018,5.0,28.9,12.0,12.0,0.5,16.0,21.0,2.0,50.0,795.7468749999999,0.025000018662,262020.0,276.1785998535156,60.00390399169922,685.25
14,24,7,2018,11.0,28.3,21.0,21.0,0.4,13.0,42.0,2.0,50.0,795.7468749999999,0.025000018662,262020.0,276.1785998535156,60.00390399169922,685.25
15,24,7,2018,14.0,27.933333333333334,21.0,20.0,0.4,8.0,68.0,2.0,50.00041218996048,794.4375,0.0250000183749999,262452.0,276.164400024414,60.0017679977417,685.0
16,24,7,2018,9.0,27.33333333333333,30.0,30.0,0.4,7.0,87.0,2.0,50.00041218996048,794.4375,0.0250000183749999,262452.0,276.164400024414,60.0017679977417,685.0
17,24,7,2018,13.0,27.03333333333333,36.0,36.0,0.4,7.0,98.0,2.0,50.00041218996048,794.4375,0.0250000183749999,262452.0,276.164400024414,60.0017679977417,685.0
18,24,7,2018,24.0,26.766666666666666,53.0,56.0,0.5,9.0,117.0,2.0,50.00041218996048,788.625,0.0250000174519997,262684.0,276.125599975586,60.0042799911499,685.0
19,24,7,2018,30.0,25.766666666666666,57.0,64.0,0.5,11.0,111.0,2.0,50.00041218996048,788.625,0.0250000174519997,262684.0,276.125599975586,60.0042799911499,685.0
20,24,7,2018,31.0,24.23333333333333,61.0,71.0,0.5,21.0,76.0,2.0,50.00041218996048,788.625,0.0250000174519997,262684.0,276.125599975586,60.0042799911499,685.0
21,24,7,2018,24.0,22.266666666666666,60.0,69.0,0.5,19.0,63.0,2.0,50.0,788.3125,0.0250000171950012,262768.0,276.1241000366211,60.00359599304199,685.375
22,24,7,2018,24.0,20.666666666666668,34.0,34.0,0.5,17.0,59.0,2.0,50.0,788.3125,0.0250000171950012,262768.0,276.1241000366211,60.00359599304199,685.375
23,24,7,2018,30.0,19.3,44.0,44.0,0.6,22.0,59.0,2.0,50.0,788.3125,0.0250000171950012,262768.0,276.1241000366211,60.00359599304199,685.375
0,25,7,2018,31.0,17.866666666666667,44.0,35.0,0.5,13.0,81.0,2.0,50.0,787.5,0.025000013704,262844.0,276.15869995117185,60.00451999664307,772.4375
1,25,7,2018,26.0,17.233333333333334,37.0,34.0,0.5,14.0,68.0,2.0,50.0,787.5,0.025000013704,262844.0,276.15869995117185,60.00451999664307,772.4375
2,25,7,2018,11.0,16.366666666666667,23.0,23.0,0.5,17.0,48.0,2.0,50.0,787.5,0.025000013704,262844.0,276.15869995117185,60.00451999664307,772.4375
3,25,7,2018,20.0,16.4,29.0,19.0,0.5,17.0,46.33333333333334,2.0,50.00041218996048,794.3125,0.0250000154370004,262836.0,276.1931750640869,60.00541999816897,848.625
4,25,7,2018,11.0,16.4,16.0,15.0,0.5,20.666666666666668,44.66666666666666,2.0,50.00041218996048,794.3125,0.0250000154370004,262836.0,276.1931750640869,60.00541999816897,848.625
5,25,7,2018,11.0,16.233333333333334,16.0,13.5,0.4,24.33333333333333,43.0,2.0,50.00041218996048,794.3125,0.0250000154370004,262836.0,276.1931750640869,60.00541999816897,848.625
6,25,7,2018,9.0,15.933333333333334,14.0,12.0,0.5,28.0,39.0,2.0,50.00041218996048,795.6875,0.0250000154260005,262724.0,276.1931750640869,60.0052919921875,847.5
7,25,7,2018,10.0,15.733333333333333,20.0,20.0,0.5,30.0,36.0,2.0,50.00041218996048,795.6875,0.0250000154260005,262724.0,276.1931750640869,60.0052919921875,847.5
8,25,7,2018,9.0,15.5,26.0,26.0,0.5,30.0,44.0,2.0,50.00041218996048,795.6875,0.0250000154260005,262724.0,276.1931750640869,60.0052919921875,847.5
9,25,7,2018,8.0,15.266666666666667,34.0,34.0,0.5,26.0,50.0,2.0,50.0,795.7468749999999,0.0250000141830006,262608.0,276.1931750640869,60.00595999145508,761.8125
10,25,7,2018,5.0,15.0,20.0,20.0,0.4,18.0,62.0,2.0,50.0,795.7468749999999,0.0250000141830006,262608.0,276.1931750640869,60.00595999145508,761.8125
11,25,7,2018,6.0,14.766666666666667,24.0,16.0,0.4,11.0,78.0,2.0,50.0,795.7468749999999,0.0250000141830006,262608.0,276.1931750640869,60.00595999145508,761.8125
12,25,7,2018,11.0,14.7,27.0,12.0,0.3,8.0,85.0,2.0,50.0,794.375,0.0250000172660015,262972.0,276.18739990234366,60.00361599731446,685.25
13,25,7,2018,8.0,14.566666666666666,27.0,19.0,0.2,8.0,85.0,2.0,50.0,794.375,0.0250000172660015,262972.0,276.18739990234366,60.00361599731446,685.25
14,25,7,2018,8.0,14.5,25.0,20.33333333333333,0.2,9.0,81.0,2.0,50.0,794.375,0.0250000172660015,262972.0,276.18739990234366,60.00361599731446,685.25
15,25,7,2018,5.0,14.233333333333333,27.0,21.66666666666667,0.2,10.0,85.0,2.0,50.00008749961853,790.875,0.0250000178110003,262996.0,276.15989990234374,60.00264399719238,685.0
16,25,7,2018,9.0,14.2,27.0,23.0,0.2,12.0,87.0,2.0,50.00008749961853,790.875,0.0250000178110003,262996.0,276.15989990234374,60.00264399719238,685.0
17,25,7,2018,6.0,14.233333333333333,29.0,11.0,0.2,11.0,92.0,2.0,50.00008749961853,790.875,0.0250000178110003,262996.0,276.15989990234374,60.00264399719238,685.0
18,25,7,2018,9.0,14.266666666666667,27.0,14.0,0.2,17.0,85.0,2.0,50.00012499809265,786.875,0.025000017659001,263312.0,276.1308999633789,60.00235999298096,685.0
19,25,7,2018,13.0,14.533333333333331,26.0,26.0,0.2,27.0,75.0,2.0,50.00012499809265,786.875,0.025000017659001,263312.0,276.1308999633789,60.00235999298096,685.0
20,25,7,2018,18.0,14.766666666666667,46.0,46.0,0.3,41.0,60.0,2.0,50.00012499809265,786.875,0.025000017659001,263312.0,276.1308999633789,60.00235999298096,685.0
21,25,7,2018,15.0,14.8,61.0,72.0,0.4,65.0,27.0,2.0,50.0,785.0,0.0250000154450004,263500.0,276.12739990234365,60.00175199127197,685.4375
22,25,7,2018,3.0,14.6,57.0,64.0,0.4,37.0,35.0,2.0,50.0,785.0,0.0250000154450004,263500.0,276.12739990234365,60.00175199127197,685.4375
23,25,7,2018,16.0,14.7,53.0,55.0,0.4,47.0,20.0,2.0,50.0,785.0,0.0250000154450004,263500.0,276.12739990234365,60.00175199127197,685.4375
0,26,7,2018,9.0,14.2,38.0,38.0,0.4,33.0,30.0,2.0,50.0,795.7468749999999,0.0250000146680008,263740.0,276.16619995117185,60.00519999694824,728.8125
1,26,7,2018,7.0,13.433333333333334,27.0,27.0,0.3,22.0,34.0,2.0,50.0,795.7468749999999,0.0250000146680008,263740.0,276.16619995117185,60.00519999694824,728.8125
2,26,7,2018,5.0,12.566666666666666,26.0,26.0,0.4,29.0,26.0,2.0,50.0,795.7468749999999,0.0250000146680008,263740.0,276.16619995117185,60.00519999694824,728.8125
3,26,7,2018,8.0,12.033333333333331,22.0,22.0,0.4,31.0,29.0,2.0,50.0,789.375,0.0250000143790002,263596.0,276.1931750640869,60.00378399658203,856.6124999999997
4,26,7,2018,9.0,11.533333333333331,26.0,26.0,0.4,27.0,32.0,2.0,50.0,789.375,0.0250000143790002,263596.0,276.1931750640869,60.00378399658203,856.6124999999997
5,26,7,2018,8.0,10.8,39.0,39.0,0.4,47.0,7.0,2.0,50.0,789.375,0.0250000143790002,263596.0,276.1931750640869,60.00378399658203,856.6124999999997
6,26,7,2018,9.0,10.066666666666666,44.0,44.0,0.4,50.0,5.0,2.0,50.00003749847412,793.0625,0.0250000150160007,263528.0,276.1931750640869,60.00242399597168,856.6124999999997
7,26,7,2018,7.0,9.433333333333334,42.0,42.0,0.4,35.0,20.0,2.0,50.00003749847412,793.0625,0.0250000150160007,263528.0,276.1931750640869,60.00242399597168,856.6124999999997
8,26,7,2018,16.0,9.6,58.0,66.0,0.5,36.0,23.0,2.0,50.00003749847412,793.0625,0.0250000150160007,263528.0,276.1931750640869,60.00242399597168,856.6124999999997
9,26,7,2018,7.0,9.166666666666666,34.0,34.0,0.4,29.0,43.0,2.0,50.0,793.5,0.0250000154090002,263356.0,276.1931750640869,60.0043039932251,782.0625
10,26,7,2018,6.0,9.0,19.0,17.0,0.3,22.0,61.0,2.0,50.0,793.5,0.0250000154090002,263356.0,276.1931750640869,60.0043039932251,782.0625
11,26,7,2018,7.0,8.866666666666667,25.0,18.0,0.3,20.0,80.0,2.0,50.0,793.5,0.0250000154090002,263356.0,276.1931750640869,60.0043039932251,782.0625
12,26,7,2018,11.0,8.933333333333334,34.0,19.0,0.2,17.0,110.0,2.0,50.0,794.125,0.025000018031001,263532.0,276.19209991455074,60.002743995666506,685.25
13,26,7,2018,16.0,9.133333333333333,42.0,17.0,0.2,14.0,135.0,2.0,50.0,794.125,0.025000018031001,263532.0,276.19209991455074,60.002743995666506,685.25
14,26,7,2018,14.0,9.3,48.0,21.0,0.2,15.0,154.0,2.0,50.0,794.125,0.025000018031001,263532.0,276.19209991455074,60.002743995666506,685.25
15,26,7,2018,9.0,9.333333333333334,51.0,26.0,0.2,15.0,161.0,2.0,50.0,792.1875,0.025000018662,263772.0,276.1735998535156,60.00347999572754,685.0
16,26,7,2018,13.0,9.6,50.0,37.0,0.2,15.0,160.0,2.0,50.0,792.1875,0.025000018662,263772.0,276.1735998535156,60.00347999572754,685.0
17,26,7,2018,13.0,9.833333333333334,51.0,34.0,0.1,14.0,161.0,2.0,50.0,792.1875,0.025000018662,263772.0,276.1735998535156,60.00347999572754,685.0
18,26,7,2018,17.0,10.033333333333331,79.0,55.0,0.2,18.0,181.0,2.0,50.0,789.625,0.025000018662,263976.0,276.15169982910146,60.004031997680656,685.0
19,26,7,2018,20.0,10.433333333333334,70.0,52.0,0.2,18.0,176.0,2.0,50.0,789.625,0.025000018662,263976.0,276.15169982910146,60.004031997680656,685.0
20,26,7,2018,20.0,10.833333333333334,54.0,58.0,0.3,21.0,149.0,2.0,50.0,789.625,0.025000018662,263976.0,276.15169982910146,60.004031997680656,685.0
21,26,7,2018,23.0,11.433333333333334,72.0,94.0,0.4,30.0,111.0,2.0,50.0,787.3125,0.0250000182220004,264088.0,276.14070007324216,60.00310799407959,685.375
22,26,7,2018,3.0,11.233333333333333,63.0,76.0,0.4,26.0,104.0,2.0,50.0,787.3125,0.0250000182220004,264088.0,276.14070007324216,60.00310799407959,685.375
23,26,7,2018,23.0,11.8,68.0,85.0,0.6,28.0,90.0,2.0,50.0,787.3125,0.0250000182220004,264088.0,276.14070007324216,60.00310799407959,685.375
0,27,7,2018,58.0,13.433333333333334,82.0,114.0,1.0,25.0,86.0,2.0,50.0,793.4375,0.0250000182790011,264348.0,276.1542999267578,60.00349599456787,742.25
1,27,7,2018,89.0,15.966666666666669,118.0,121.0,1.3,16.0,81.0,2.0,50.0,793.4375,0.0250000182790011,264348.0,276.1542999267578,60.00349599456787,742.25
2,27,7,2018,90.0,18.366666666666667,119.0,103.0,1.1666666666666667,11.0,75.0,2.0,50.0,793.4375,0.0250000182790011,264348.0,276.1542999267578,60.00349599456787,742.25
3,27,7,2018,77.0,20.433333333333334,103.0,96.85714285714286,1.0333333333333334,9.0,74.66666666666667,2.0,50.0,795.7468749999999,0.0250000179099999,264108.0,276.17529998779287,60.00467599487305,798.3125
4,27,7,2018,69.0,22.633333333333333,93.0,90.71428571428572,0.9,10.0,74.33333333333333,2.0,50.0,795.7468749999999,0.0250000179099999,264108.0,276.17529998779287,60.00467599487305,798.3125
5,27,7,2018,69.0,24.4,93.0,84.57142857142857,1.0,11.0,74.0,2.0,50.0,795.7468749999999,0.0250000179099999,264108.0,276.17529998779287,60.00467599487305,798.3125
6,27,7,2018,68.0,26.366666666666667,91.0,78.42857142857143,1.0,12.0,66.0,2.0,50.0,795.7468749999999,0.0250000166740007,264064.0,276.1931750640869,60.0040359954834,805.5
7,27,7,2018,71.0,28.5,95.0,72.28571428571428,1.0,17.0,58.0,2.0,50.0,795.7468749999999,0.0250000166740007,264064.0,276.1931750640869,60.0040359954834,805.5
8,27,7,2018,74.0,30.8,99.0,66.14285714285714,0.9,20.0,52.0,2.0,50.0,795.7468749999999,0.0250000166740007,264064.0,276.1931750640869,60.0040359954834,805.5
9,27,7,2018,40.0,31.866666666666667,56.0,60.0,0.8,18.0,67.0,2.0,50.0,795.7468749999999,0.0250000171210002,263756.0,276.1931750640869,60.00365599822998,743.4375
10,27,7,2018,34.0,32.7,49.0,48.0,0.9,27.0,50.0,2.0,50.0,795.7468749999999,0.0250000171210002,263756.0,276.1931750640869,60.00365599822998,743.4375
11,27,7,2018,29.0,33.4,41.0,50.0,0.8,23.0,52.0,2.0,50.0,795.7468749999999,0.0250000171210002,263756.0,276.1931750640869,60.00365599822998,743.4375
12,27,7,2018,37.0,34.333333333333336,53.0,52.0,1.0,17.0,63.0,2.0,50.0,795.7468749999999,0.0250000185449998,263968.0,276.1766000366211,60.00168399810791,685.25
13,27,7,2018,49.0,35.733333333333334,68.0,54.0,1.1,18.0,71.0,2.0,50.0,795.7468749999999,0.0250000185449998,263968.0,276.1766000366211,60.00168399810791,685.25
14,27,7,2018,56.0,37.06666666666667,76.0,56.0,1.2,18.0,80.0,2.0,50.0,795.7468749999999,0.0250000185449998,263968.0,276.1766000366211,60.00168399810791,685.25
15,27,7,2018,55.0,38.66666666666666,75.0,58.0,1.2,17.0,103.0,2.0,50.0,794.375,0.025000018662,264112.0,276.1610998535156,60.00381999206543,685.0
16,27,7,2018,59.0,40.43333333333333,80.0,60.0,1.2,16.0,120.0,2.0,50.0,794.375,0.025000018662,264112.0,276.1610998535156,60.00381999206543,685.0
17,27,7,2018,55.0,42.03333333333333,75.0,67.0,1.2,18.0,140.0,2.0,50.0,794.375,0.025000018662,264112.0,276.1610998535156,60.00381999206543,685.0
18,27,7,2018,59.0,43.63333333333333,80.0,78.0,1.1,19.0,159.0,2.0,50.0,793.0,0.025000018662,264072.0,276.15019989013666,60.00198799133301,685.0
19,27,7,2018,64.0,45.23333333333333,86.0,80.0,1.1,25.0,152.0,2.0,50.0,793.0,0.025000018662,264072.0,276.15019989013666,60.00198799133301,685.0
20,27,7,2018,63.0,46.86666666666667,85.0,87.0,1.1,32.0,134.0,2.0,50.0,793.0,0.025000018662,264072.0,276.15019989013666,60.00198799133301,685.0
21,27,7,2018,61.0,48.6,83.0,101.0,1.3,37.0,106.0,2.0,50.0,790.375,0.025000018073,264136.0,276.135,60.00241999816895,685.375
22,27,7,2018,65.0,50.333333333333336,88.0,88.0,1.3,38.0,72.0,2.0,50.0,790.375,0.025000018073,264136.0,276.135,60.00241999816895,685.375
23,27,7,2018,62.0,51.96666666666667,84.0,80.0,1.2,28.0,80.0,2.0,50.0,790.375,0.025000018073,264136.0,276.135,60.00241999816895,685.375
0,28,7,2018,73.0,53.833333333333336,98.0,92.0,1.1,17.0,98.0,2.0,50.0,789.625,0.0250000182409994,264236.0,276.1616998291016,60.00336399078369,781.1875
1,28,7,2018,74.0,55.63333333333333,99.0,87.0,1.2,16.0,90.0,2.0,50.0,789.625,0.0250000182409994,264236.0,276.1616998291016,60.00336399078369,781.1875
2,28,7,2018,80.0,57.63333333333333,106.0,88.0,1.1,27.0,69.0,2.0,50.0,789.625,0.0250000182409994,264236.0,276.1616998291016,60.00336399078369,781.1875
3,28,7,2018,58.0,58.8,79.0,83.0,1.0,11.0,82.0,2.0,50.0,793.5,0.0250000180560015,263988.0,276.1892999267577,60.002251991271976,856.6124999999997
4,28,7,2018,52.0,60.43333333333333,71.0,78.0,0.8,7.0,84.0,2.0,50.0,793.5,0.0250000180560015,263988.0,276.1892999267577,60.002251991271976,856.6124999999997
5,28,7,2018,56.0,61.53333333333333,76.0,73.0,0.9,29.0,48.0,2.0,50.0,793.5,0.0250000180560015,263988.0,276.1892999267577,60.002251991271976,856.6124999999997
6,28,7,2018,51.0,61.3,70.0,68.0,0.9,28.0,34.0,2.0,50.00005000114441,795.1875,0.025000017016001,263724.0,276.1931750640869,60.00367599487305,856.6124999999997
7,28,7,2018,58.0,60.266666666666666,79.0,63.0,1.0,43.0,15.0,2.0,50.00005000114441,795.1875,0.025000017016001,263724.0,276.1931750640869,60.00367599487305,856.6124999999997
8,28,7,2018,57.0,59.16666666666666,78.0,76.0,0.9,21.0,46.0,2.0,50.00005000114441,795.1875,0.025000017016001,263724.0,276.1931750640869,60.00367599487305,856.6124999999997
9,28,7,2018,47.0,58.16666666666666,65.0,64.0,0.8,15.0,78.0,2.0,50.0,795.7468749999999,0.0250000171230007,263528.0,276.1931750640869,60.00288399505615,753.0
10,28,7,2018,30.0,56.86666666666667,43.0,34.0,0.8,14.0,101.0,2.0,50.0,795.7468749999999,0.0250000171230007,263528.0,276.1931750640869,60.00288399505615,753.0
11,28,7,2018,45.0,56.06666666666667,63.0,43.33333333333334,0.8,17.0,133.0,2.0,50.0,795.7468749999999,0.0250000171230007,263528.0,276.1931750640869,60.00288399505615,753.0
12,28,7,2018,58.0,55.73333333333333,79.0,52.66666666666667,0.9,12.0,160.0,2.0,50.00007500648498,793.375,0.025000017837001,263716.0,276.1854998779297,60.0015359954834,685.25
13,28,7,2018,44.0,54.833333333333336,66.0,62.0,0.8,11.0,173.0,2.0,50.00007500648498,793.375,0.025000017837001,263716.0,276.1854998779297,60.0015359954834,685.25
14,28,7,2018,43.0,53.8,60.0,45.0,0.6,8.0,163.0,2.0,50.00007500648498,793.375,0.025000017837001,263716.0,276.1854998779297,60.0015359954834,685.25
15,28,7,2018,37.0,53.7,53.0,40.0,0.6,7.0,153.0,2.0,50.0,791.6875,0.0250000181480012,263816.0,276.1716998291016,60.00273199462891,685.0
16,28,7,2018,40.0,53.9,56.0,56.0,0.5,8.0,155.0,2.0,50.0,791.6875,0.0250000181480012,263816.0,276.1716998291016,60.00273199462891,685.0
17,28,7,2018,45.0,54.43333333333333,63.0,54.0,0.6,9.0,161.0,2.0,50.0,791.6875,0.0250000181480012,263816.0,276.1716998291016,60.00273199462891,685.0
18,28,7,2018,42.0,54.6,60.0,69.0,0.7,10.0,168.0,2.0,50.0,789.125,0.0250000178169999,263652.0,276.1545999145509,60.0023159942627,685.0
19,28,7,2018,58.0,54.9,79.0,83.0,0.9,13.0,172.0,2.0,50.0,789.125,0.0250000178169999,263652.0,276.1545999145509,60.0023159942627,685.0
20,28,7,2018,63.0,55.13333333333333,85.0,104.0,1.1,18.0,167.0,2.0,50.0,789.125,0.0250000178169999,263652.0,276.1545999145509,60.0023159942627,685.0
21,28,7,2018,66.0,55.5,89.0,126.0,1.2,28.0,144.0,2.0,50.0,788.0,0.0250000183540005,263696.0,276.14350006103507,60.00225999450686,685.375
22,28,7,2018,69.0,55.833333333333336,93.0,128.0,1.4,32.0,125.0,2.0,50.0,788.0,0.0250000183540005,263696.0,276.14350006103507,60.00225999450686,685.375
23,28,7,2018,66.0,56.2,89.0,120.0,1.2,47.0,67.0,2.0,50.0,788.0,0.0250000183540005,263696.0,276.14350006103507,60.00225999450686,685.375
0,29,7,2018,47.0,55.8,65.0,70.0,0.9,26.0,71.0,2.0,50.0,789.0,0.0250000178380012,263760.0,276.167200012207,60.00369599151611,789.875
1,29,7,2018,35.0,54.833333333333336,56.0,62.0,0.8,30.0,59.0,2.0,50.0,789.0,0.0250000178380012,263760.0,276.167200012207,60.00369599151611,789.875
2,29,7,2018,31.0,53.766666666666666,61.0,71.0,0.8,32.0,49.0,2.0,50.0,789.0,0.0250000178380012,263760.0,276.167200012207,60.00369599151611,789.875
3,29,7,2018,43.0,53.16666666666666,60.0,52.0,0.8,26.0,46.66666666666666,2.0,50.0,793.8125,0.025000018449001,263576.0,276.1931750640869,60.00561599731445,856.6124999999997
4,29,7,2018,37.0,52.23333333333333,53.0,52.0,0.8,26.66666666666667,44.33333333333334,2.0,50.0,793.8125,0.025000018449001,263576.0,276.1931750640869,60.00561599731445,856.6124999999997
5,29,7,2018,37.0,51.4,53.0,56.0,0.8,27.33333333333333,42.0,2.0,50.0,793.8125,0.025000018449001,263576.0,276.1931750640869,60.00561599731445,856.6124999999997
6,29,7,2018,39.0,50.266666666666666,57.0,63.0,0.8,28.0,45.0,2.0,50.0,795.7468749999999,0.0250000178120005,263340.0,276.1931750640869,60.0040359954834,856.6124999999997
7,29,7,2018,38.0,49.06666666666667,60.0,69.0,0.9,26.0,48.0,2.0,50.0,795.7468749999999,0.0250000178120005,263340.0,276.1931750640869,60.0040359954834,856.6124999999997
8,29,7,2018,67.0,48.63333333333333,90.0,101.0,1.1,38.0,46.0,2.0,50.0,795.7468749999999,0.0250000178120005,263340.0,276.1931750640869,60.0040359954834,856.6124999999997
9,29,7,2018,74.0,49.16666666666666,99.0,122.0,1.1,33.0,66.0,2.0,50.0,795.7468749999999,0.0250000185909997,263200.0,276.1931750640869,60.00449999237061,749.4375
10,29,7,2018,86.0,50.3,114.0,128.0,1.2,33.0,101.0,2.0,50.0,795.7468749999999,0.0250000185909997,263200.0,276.1931750640869,60.00449999237061,749.4375
11,29,7,2018,99.0,51.73333333333333,130.0,111.0,1.2,32.0,144.0,2.0,50.0,795.7468749999999,0.0250000185909997,263200.0,276.1931750640869,60.00449999237061,749.4375
12,29,7,2018,97.0,53.266666666666666,128.0,98.0,1.1,21.0,181.0,2.0,50.0,793.75,0.0250000179060008,263320.0,276.1931750640869,60.00377999114991,685.25
13,29,7,2018,83.0,54.1,110.0,102.0,1.0,12.0,181.0,2.0,50.0,793.75,0.0250000179060008,263320.0,276.1931750640869,60.00377999114991,685.25
14,29,7,2018,72.0,54.6,96.0,85.0,0.9,10.0,181.0,2.0,50.0,793.75,0.0250000179060008,263320.0,276.1931750640869,60.00377999114991,685.25
15,29,7,2018,60.0,55.03333333333333,81.0,87.0,0.8,9.0,171.0,2.0,50.0,792.4375,0.025000018662,263496.0,276.17829986572264,60.00247199249267,685.0
16,29,7,2018,64.0,56.16666666666666,86.0,88.0,0.8,9.0,165.0,2.0,50.0,792.4375,0.025000018662,263496.0,276.17829986572264,60.00247199249267,685.0
17,29,7,2018,65.0,56.833333333333336,88.0,87.0,0.8,10.0,166.0,2.0,50.0,792.4375,0.025000018662,263496.0,276.17829986572264,60.00247199249267,685.0
18,29,7,2018,65.0,57.06666666666667,88.0,98.0,0.9,14.0,159.0,2.0,50.0,791.0,0.025000018662,263476.0,276.1663000488281,60.0020839920044,685.0
19,29,7,2018,67.0,57.833333333333336,90.0,105.0,0.9,14.0,151.0,2.0,50.0,791.0,0.025000018662,263476.0,276.1663000488281,60.0020839920044,685.0
20,29,7,2018,69.0,58.7,93.0,104.0,0.8,16.0,139.0,2.0,50.0,791.0,0.025000018662,263476.0,276.1663000488281,60.0020839920044,685.0
21,29,7,2018,67.0,59.7,90.0,128.0,0.9,25.0,118.0,2.0,50.0,790.3125,0.025000018662,263516.0,276.1533999633789,60.00137199401856,685.3125
22,29,7,2018,89.0,61.333333333333336,118.0,137.0,1.2,30.0,110.0,2.0,50.0,790.3125,0.025000018662,263516.0,276.1533999633789,60.00137199401856,685.3125
23,29,7,2018,88.0,62.766666666666666,116.0,123.0,1.4,35.0,91.0,2.0,50.0,790.3125,0.025000018662,263516.0,276.1533999633789,60.00137199401856,685.3125
0,30,7,2018,73.0,63.8,98.0,111.0,1.1,31.0,68.0,2.0,50.0,795.7468749999999,0.025000018662,263700.0,276.17989990234366,60.00239199066162,757.5625
1,30,7,2018,67.0,64.1,90.0,101.0,1.0,31.0,64.0,2.0,50.0,795.7468749999999,0.025000018662,263700.0,276.17989990234366,60.00239199066162,757.5625
2,30,7,2018,63.0,64.1,85.0,115.0,1.0,36.0,56.0,2.0,50.0,795.7468749999999,0.025000018662,263700.0,276.17989990234366,60.00239199066162,757.5625
3,30,7,2018,71.0,64.26666666666667,95.0,89.0,1.0,38.0,54.0,2.0,50.0,795.7468749999999,0.025000018662,263544.0,276.1931750640869,60.002127990722656,809.4375
4,30,7,2018,64.0,64.1,86.0,88.0,1.0,27.0,57.0,2.0,50.0,795.7468749999999,0.025000018662,263544.0,276.1931750640869,60.002127990722656,809.4375
5,30,7,2018,62.0,63.96666666666667,84.0,85.0,1.0,27.0,59.0,2.0,50.0,795.7468749999999,0.025000018662,263544.0,276.1931750640869,60.002127990722656,809.4375
6,30,7,2018,75.0,64.9,100.0,90.0,1.0,40.0,42.0,2.0,50.0,795.7468749999999,0.025000018662,263408.0,276.1931750640869,60.00350799560547,803.875
7,30,7,2018,78.0,66.33333333333333,104.0,105.0,1.1,41.0,40.0,2.0,50.0,795.7468749999999,0.025000018662,263408.0,276.1931750640869,60.00350799560547,803.875
8,30,7,2018,76.0,67.83333333333333,101.0,113.0,1.1,30.0,59.0,2.0,50.0,795.7468749999999,0.025000018662,263408.0,276.1931750640869,60.00350799560547,803.875
9,30,7,2018,88.0,69.33333333333333,116.0,128.0,1.3,24.0,85.0,2.0,50.0,795.7468749999999,0.025000018662,263188.0,276.1931750640869,60.00418399810791,740.5
10,30,7,2018,98.0,71.36666666666666,129.0,170.0,1.3,28.0,114.0,2.0,50.0,795.7468749999999,0.025000018662,263188.0,276.1931750640869,60.00418399810791,740.5
11,30,7,2018,89.0,73.1,118.0,154.0,1.1,22.0,144.0,2.0,50.0,795.7468749999999,0.025000018662,263188.0,276.1931750640869,60.00418399810791,740.5
12,30,7,2018,80.0,74.46666666666667,106.0,138.0,0.9,26.0,181.0,2.0,50.0,795.7468749999999,0.025000018662,263340.0,276.1931750640869,60.00149599456787,685.25
13,30,7,2018,98.0,76.46666666666667,129.0,122.0,1.0,22.0,181.0,2.0,50.0,795.7468749999999,0.025000018662,263340.0,276.1931750640869,60.00149599456787,685.25
14,30,7,2018,92.0,77.3,121.0,91.0,0.8,13.0,181.0,2.0,50.0,795.7468749999999,0.025000018662,263340.0,276.1931750640869,60.00149599456787,685.25
15,30,7,2018,58.0,76.76666666666667,79.0,60.0,0.6,8.0,180.0,2.0,50.0,795.7468749999999,0.025000018662,263592.0,276.18509979248046,60.00247999572754,685.0
16,30,7,2018,42.0,75.3,61.0,59.0,0.5,8.0,169.0,2.0,50.0,795.7468749999999,0.025000018662,263592.0,276.18509979248046,60.00247999572754,685.0
17,30,7,2018,44.0,73.46666666666667,61.0,66.0,0.5,9.0,165.0,2.0,50.0,795.7468749999999,0.025000018662,263592.0,276.18509979248046,60.00247999572754,685.0
18,30,7,2018,47.0,71.8,65.0,79.0,0.7,11.0,163.0,2.0,50.0,794.8125,0.025000018662,263556.0,276.1639999389648,60.00195999145508,685.0
19,30,7,2018,48.0,70.63333333333334,69.0,88.0,0.7,18.0,162.0,2.0,50.0,794.8125,0.025000018662,263556.0,276.1639999389648,60.00195999145508,685.0
20,30,7,2018,46.0,69.76666666666667,75.0,100.0,0.7,21.0,141.0,2.0,50.0,794.8125,0.025000018662,263556.0,276.1639999389648,60.00195999145508,685.0
21,30,7,2018,49.0,69.4,78.0,105.0,0.7,25.0,128.0,2.0,50.0,792.875,0.025000018662,263676.0,276.1488998413085,60.00231999206543,685.3125
22,30,7,2018,40.0,68.6,79.0,107.0,0.8,28.0,117.0,2.0,50.0,792.875,0.025000018662,263676.0,276.1488998413085,60.00231999206543,685.3125
23,30,7,2018,68.0,68.7,91.0,96.0,1.0,66.0,52.0,2.0,50.0,792.875,0.025000018662,263676.0,276.1488998413085,60.00231999206543,685.3125
0,31,7,2018,57.0,68.43333333333334,78.0,99.0,0.9,52.0,33.0,2.0,50.0,792.8125,0.025000018662,263804.0,276.18470001220703,60.00314399719238,788.5625
1,31,7,2018,57.0,68.1,78.0,94.0,0.9,66.0,20.0,2.0,50.0,792.8125,0.025000018662,263804.0,276.18470001220703,60.00314399719238,788.5625
2,31,7,2018,48.0,67.4,81.0,112.0,0.8666666666666667,66.0,18.0,2.0,50.0,792.8125,0.025000018662,263804.0,276.18470001220703,60.00314399719238,788.5625
3,31,7,2018,54.0,66.96666666666667,74.0,77.0,0.8333333333333334,46.0,23.0,2.0,50.0,795.7468749999999,0.025000018662,263636.0,276.1931750640869,60.0022439956665,856.6124999999997
4,31,7,2018,51.0,65.7,70.0,71.0,0.8,45.33333333333334,28.0,2.0,50.0,795.7468749999999,0.025000018662,263636.0,276.1931750640869,60.0022439956665,856.6124999999997
5,31,7,2018,57.0,64.66666666666667,78.0,68.0,0.8,44.66666666666666,33.0,2.0,50.0,795.7468749999999,0.025000018662,263636.0,276.1931750640869,60.0022439956665,856.6124999999997
6,31,7,2018,56.0,64.1,76.0,57.0,0.8,44.0,23.0,2.0,50.0,795.7468749999999,0.0250000178350005,263460.0,276.1931750640869,60.00311199188232,856.6124999999997
7,31,7,2018,68.0,64.13333333333334,91.0,92.0,0.9,50.0,15.0,2.0,50.0,795.7468749999999,0.0250000178350005,263460.0,276.1931750640869,60.00311199188232,856.6124999999997
8,31,7,2018,75.0,64.53333333333333,100.0,105.0,0.9,41.0,40.0,2.0,50.0,795.7468749999999,0.0250000178350005,263460.0,276.1931750640869,60.00311199188232,856.6124999999997
9,31,7,2018,81.0,64.86666666666666,108.0,79.0,1.1,28.0,84.0,2.0,50.0,795.7468749999999,0.025000018662,263268.0,276.1931750640869,60.00388399505615,766.5
10,31,7,2018,90.0,65.73333333333333,119.0,53.0,1.1,22.0,133.0,2.0,50.0,795.7468749999999,0.025000018662,263268.0,276.1931750640869,60.00388399505615,766.5
11,31,7,2018,76.33333333333333,66.21111111111111,65.0,27.0,1.0,25.0,172.0,2.0,50.0,795.7468749999999,0.025000018662,263268.0,276.1931750640869,60.00388399505615,766.5
12,31,7,2018,62.66666666666667,65.8,104.0,6.0,1.0,23.0,181.0,3.0,50.0,795.7468749999999,0.025000018662,263368.0,276.1931750640869,60.00327199554443,685.1875
13,31,7,2018,49.0,64.83333333333333,107.0,88.0,0.8,14.0,181.0,3.0,50.0,795.7468749999999,0.025000018662,263368.0,276.1931750640869,60.00327199554443,685.1875
14,31,7,2018,59.0,64.26666666666667,103.0,86.0,1.0,10.0,181.0,4.0,50.0,795.7468749999999,0.025000018662,263368.0,276.1931750640869,60.00327199554443,685.1875
15,31,7,2018,65.0,63.5,108.0,92.0,1.0,12.0,181.0,4.0,50.0,794.3125,0.025000018662,263544.0,276.18209991455075,60.00220399475098,685.0
16,31,7,2018,55.0,62.06666666666667,86.0,70.0,0.8,12.0,181.0,4.0,50.0,794.3125,0.025000018662,263544.0,276.18209991455075,60.00220399475098,685.0
17,31,7,2018,55.0,60.93333333333333,93.0,59.0,0.8,16.0,181.0,4.0,50.0,794.3125,0.025000018662,263544.0,276.18209991455075,60.00220399475098,685.0
18,31,7,2018,49.0,59.9,76.0,63.0,0.8,16.0,181.0,4.0,50.0,792.0625,0.025000018662,263656.0,276.16449981689453,60.00314799499512,685.0
19,31,7,2018,52.0,58.36666666666667,71.0,91.0,0.8,17.0,170.0,4.0,50.0,792.0625,0.025000018662,263656.0,276.16449981689453,60.00314799499512,685.0
20,31,7,2018,53.0,57.06666666666667,77.0,103.0,0.7,22.0,132.0,3.0,50.0,792.0625,0.025000018662,263656.0,276.16449981689453,60.00314799499512,685.0
21,31,7,2018,60.0,57.13333333333333,82.0,113.0,0.7,28.0,109.0,4.0,50.0,792.0625,0.025000018662,263676.0,276.16,60.00254399108887,685.3125
22,31,7,2018,57.0,57.63333333333333,92.0,134.0,0.7,34.0,92.0,3.0,50.0,792.0625,0.025000018662,263676.0,276.16,60.00254399108887,685.3125
23,31,7,2018,39.0,57.46666666666667,87.0,123.0,0.9,56.0,57.0,3.0,50.0,792.0625,0.025000018662,263676.0,276.16,60.00254399108887,685.3125
0,1,8,2018,43.0,57.333333333333336,73.0,95.0,0.8,50.0,33.0,3.0,50.0,793.75,0.025000018662,263728.0,276.1910998535156,60.00357599639893,788.4375
1,1,8,2018,49.0,57.36666666666667,68.0,76.0,0.8,46.0,36.0,3.0,50.0,793.75,0.025000018662,263728.0,276.1910998535156,60.00357599639893,788.4375
2,1,8,2018,42.0,57.23333333333333,64.0,78.0,0.7,32.0,43.0,3.0,50.0,793.75,0.025000018662,263728.0,276.1910998535156,60.00357599639893,788.4375
3,1,8,2018,44.0,57.06666666666667,61.0,71.0,0.8,51.0,23.0,3.0,50.0,795.7468749999999,0.0250000177350007,263608.0,276.1931750640869,60.00193999481201,856.6124999999997
4,1,8,2018,46.0,57.266666666666666,67.0,84.0,0.8,50.0,25.0,3.0,50.0,795.7468749999999,0.0250000177350007,263608.0,276.1931750640869,60.00193999481201,856.6124999999997
5,1,8,2018,36.0,56.2,65.0,79.0,0.7,33.0,37.0,3.0,50.0,795.7468749999999,0.0250000177350007,263608.0,276.1931750640869,60.00193999481201,856.6124999999997
6,1,8,2018,52.0,56.03333333333333,71.0,76.0,0.8,42.0,27.0,3.0,50.0,795.7468749999999,0.025000018662,263516.0,276.1931750640869,60.00231999206543,856.0
7,1,8,2018,45.0,55.63333333333333,67.0,83.0,0.8,37.0,33.0,3.0,50.0,795.7468749999999,0.025000018662,263516.0,276.1931750640869,60.00231999206543,856.0
8,1,8,2018,42.0,55.43333333333333,64.0,77.0,0.8,24.0,56.0,3.0,50.0,795.7468749999999,0.025000018662,263516.0,276.1931750640869,60.00231999206543,856.0
9,1,8,2018,50.0,55.3,71.0,91.0,0.9,23.0,93.0,3.0,50.0,795.7468749999999,0.0250000184039995,263320.0,276.1931750640869,60.00364799499512,768.5
10,1,8,2018,54.0,55.4,88.0,126.0,1.0,22.0,143.0,3.0,50.0,795.7468749999999,0.0250000184039995,263320.0,276.1931750640869,60.00364799499512,768.5
11,1,8,2018,60.0,55.5,81.0,81.0,0.8,32.0,166.0,3.0,50.0,795.7468749999999,0.0250000184039995,263320.0,276.1931750640869,60.00364799499512,768.5
12,1,8,2018,47.0,55.2,65.0,74.5,0.6,15.0,172.0,4.0,50.0,795.7468749999999,0.025000018662,263448.0,276.1931750640869,60.00271199798584,685.1875
13,1,8,2018,48.0,54.53333333333333,95.0,68.0,0.6,12.0,181.0,4.0,50.0,795.7468749999999,0.025000018662,263448.0,276.1931750640869,60.00271199798584,685.1875
14,1,8,2018,40.0,53.36666666666667,74.0,51.0,0.5,10.0,179.0,4.0,50.0,795.7468749999999,0.025000018662,263448.0,276.1931750640869,60.00271199798584,685.1875
15,1,8,2018,36.0,51.86666666666667,51.0,43.0,0.3,7.0,143.0,4.0,50.0,794.5,0.025000018662,263640.0,276.1875,60.00419599151611,685.0
16,1,8,2018,35.0,50.03333333333333,68.0,55.0,0.4,9.0,174.0,3.0,50.0,794.5,0.025000018662,263640.0,276.1875,60.00419599151611,685.0
17,1,8,2018,43.0,48.922222222222224,75.0,85.0,0.5,12.0,180.0,3.0,50.0,794.5,0.025000018662,263640.0,276.1875,60.00419599151611,685.0
18,1,8,2018,47.0,48.4,65.0,75.0,0.5,17.0,171.0,3.0,50.0,793.375,0.025000018662,263756.0,276.17549987792967,60.00185199737549,685.0
19,1,8,2018,41.0,48.13333333333333,64.0,66.0,0.5,13.0,171.0,3.0,50.0,793.375,0.025000018662,263756.0,276.17549987792967,60.00185199737549,685.0
20,1,8,2018,43.0,47.6,69.0,88.0,0.5,19.0,167.0,3.0,50.0,793.375,0.025000018662,263756.0,276.17549987792967,60.00185199737549,685.0
21,1,8,2018,55.0,47.266666666666666,87.0,123.0,0.6,27.0,132.0,3.0,50.0,790.9375,0.025000018662,263768.0,276.166900024414,60.0020239944458,685.375
23,1,8,2018,62.0,47.5,87.0,123.0,0.7,34.0,103.0,3.0,50.0,790.9375,0.025000018662,263768.0,276.166900024414,60.0020239944458,685.375
1,2,8,2018,81.0,48.36666666666667,108.0,113.0,1.1,39.0,84.0,2.6666666666666665,50.0,790.9375,0.025000018662,263768.0,276.166900024414,60.0020239944458,685.375
2,2,8,2018,39.0,48.03333333333333,63.0,76.0,0.9333333333333332,35.0,42.0,2.333333333333333,50.0,790.9375,0.025000018662,263768.0,276.166900024414,60.0020239944458,685.375
3,2,8,2018,33.0,47.4,47.0,47.0,0.7666666666666666,34.0,41.0,2.0,50.0,795.7468749999999,0.025000018662,263736.0,276.1931750640869,60.00213199615479,856.6124999999997
4,2,8,2018,33.0,46.73333333333333,47.0,44.0,0.6,31.66666666666667,40.0,2.0,50.0,795.7468749999999,0.025000018662,263736.0,276.1931750640869,60.00213199615479,856.6124999999997
5,2,8,2018,36.0,45.93333333333333,51.0,47.0,0.6,29.33333333333333,39.0,2.0,50.0,795.7468749999999,0.025000018662,263736.0,276.1931750640869,60.00213199615479,856.6124999999997
6,2,8,2018,45.0,45.53333333333333,63.0,58.0,0.6,27.0,38.0,2.0,50.0,795.7468749999999,0.025000018662,263584.0,276.1931750640869,60.00493599700928,852.0
7,2,8,2018,38.0,45.5,58.0,66.0,0.7,38.0,29.0,2.0,50.0,795.7468749999999,0.025000018662,263584.0,276.1931750640869,60.00493599700928,852.0
8,2,8,2018,44.0,45.53333333333333,77.0,104.0,1.0,40.0,33.0,2.0,50.0,795.7468749999999,0.025000018662,263584.0,276.1931750640869,60.00493599700928,852.0
9,2,8,2018,99.0,47.2,130.0,147.0,1.8,29.0,81.0,2.0,50.0,795.7468749999999,0.025000018662,263292.0,276.1931750640869,60.00590799713135,759.625
10,2,8,2018,128.0,50.06666666666667,169.0,197.0,1.8,26.0,126.0,2.0,50.0,795.7468749999999,0.025000018662,263292.0,276.1931750640869,60.00590799713135,759.625
11,2,8,2018,130.0,52.93333333333333,171.0,170.0,1.8,27.0,176.0,2.0,50.0,795.7468749999999,0.025000018662,263292.0,276.1931750640869,60.00590799713135,759.625
12,2,8,2018,126.0,55.6,166.0,130.0,1.7,16.0,181.0,2.0,50.0,795.7468749999999,0.025000018662,263392.0,276.1931750640869,60.00236399078369,685.1875
13,2,8,2018,108.0,58.0,141.0,114.33333333333331,1.7,10.0,181.0,2.0,50.0,795.7468749999999,0.025000018662,263392.0,276.1931750640869,60.00236399078369,685.1875
14,2,8,2018,103.0,59.7,135.0,98.66666666666669,1.4,7.0,181.0,2.0,50.0,795.7468749999999,0.025000018662,263392.0,276.1931750640869,60.00236399078369,685.1875
15,2,8,2018,78.0,60.8,104.0,83.0,1.1,7.0,176.0,2.0,50.0,795.7468749999999,0.025000018662,263540.0,276.19169982910154,60.00298799133301,685.0
16,2,8,2018,71.0,61.766666666666666,95.0,88.0,1.0,7.0,171.0,2.0,50.0,795.7468749999999,0.025000018662,263540.0,276.19169982910154,60.00298799133301,685.0
17,2,8,2018,48.0,61.7,66.0,66.0,0.8,7.0,146.0,2.0,50.0,795.7468749999999,0.025000018662,263540.0,276.19169982910154,60.00298799133301,685.0
18,2,8,2018,42.0,61.3,66.0,82.0,0.8,9.0,148.0,2.0,50.0,794.25,0.025000018662,263528.0,276.1739999389648,60.00174799346924,685.0
19,2,8,2018,51.0,61.0,70.0,86.0,0.9,12.0,156.0,2.0,50.0,794.25,0.025000018662,263528.0,276.1739999389648,60.00174799346924,685.0
20,2,8,2018,53.0,61.2,76.0,101.0,0.9,19.0,153.0,2.0,50.0,794.25,0.025000018662,263528.0,276.1739999389648,60.00174799346924,685.0
21,2,8,2018,53.0,61.36666666666667,77.0,103.0,0.9,25.0,132.0,2.0,50.0,792.25,0.025000018662,263592.0,276.1588000488281,60.00214799499512,685.3125
22,2,8,2018,59.0,62.0,80.0,109.0,0.9,33.0,109.0,2.0,50.0,792.25,0.025000018662,263592.0,276.1588000488281,60.00214799499512,685.3125
23,2,8,2018,66.0,63.0,94.0,137.0,1.0,56.0,50.0,2.0,50.0,792.25,0.025000018662,263592.0,276.1588000488281,60.00214799499512,685.3125
0,3,8,2018,65.0,64.0,88.0,119.0,0.9,49.0,55.0,2.0,50.0,793.9375,0.025000018662,263680.0,276.1889999389648,60.001783996582034,786.8125
1,3,8,2018,53.0,64.33333333333333,86.0,122.0,1.0,58.0,34.0,2.0,50.0,793.9375,0.025000018662,263680.0,276.1889999389648,60.001783996582034,786.8125
2,3,8,2018,70.0,65.1,94.0,103.0,1.1,64.0,20.0,2.0,50.0,793.9375,0.025000018662,263680.0,276.1889999389648,60.001783996582034,786.8125
3,3,8,2018,59.0,65.7,80.0,102.0,1.1,64.0,13.0,2.0,50.0,795.7468749999999,0.025000018662,263504.0,276.1931750640869,60.00395199584961,856.6124999999997
4,3,8,2018,65.0,66.43333333333334,88.0,86.0,1.0,50.0,20.0,2.0,50.0,795.7468749999999,0.025000018662,263504.0,276.1931750640869,60.00395199584961,856.6124999999997
5,3,8,2018,61.0,66.63333333333334,83.0,79.0,1.0,43.0,26.0,2.0,50.0,795.7468749999999,0.025000018662,263504.0,276.1931750640869,60.00395199584961,856.6124999999997
6,3,8,2018,64.0,66.7,86.0,83.0,1.0,44.0,26.0,2.0,50.0,795.7468749999999,0.025000017918,263324.0,276.1931750640869,60.00471599578857,842.875
7,3,8,2018,64.0,66.13333333333334,86.0,91.0,1.0,38.0,33.0,2.0,50.0,795.7468749999999,0.025000017918,263324.0,276.1931750640869,60.00471599578857,842.875
8,3,8,2018,62.0,66.9,85.0,120.0,1.0,38.0,40.0,2.0,50.0,795.7468749999999,0.025000017918,263324.0,276.1931750640869,60.00471599578857,842.875
9,3,8,2018,66.0,68.0,89.0,103.0,1.0,28.0,81.0,2.0,50.0,795.7468749999999,0.0250000184860006,263108.0,276.1931750640869,60.00559999084473,773.375
10,3,8,2018,62.0,68.96666666666667,99.0,147.0,1.0,26.0,116.0,2.0,50.0,795.7468749999999,0.0250000184860006,263108.0,276.1931750640869,60.00559999084473,773.375
11,3,8,2018,59.0,69.73333333333333,80.0,115.5,0.8,14.0,147.0,2.0,50.0,795.7468749999999,0.0250000184860006,263108.0,276.1931750640869,60.00559999084473,773.375
12,3,8,2018,48.0,69.83333333333333,67.0,84.0,0.7,24.0,165.0,2.0,50.0,795.7468749999999,0.025000018662,263196.0,276.1931750640869,60.00231999206543,685.1875
13,3,8,2018,54.0,70.36666666666666,74.0,66.0,0.6,10.0,163.0,2.0,50.0,795.7468749999999,0.025000018662,263196.0,276.1931750640869,60.00231999206543,685.1875
14,3,8,2018,44.0,70.36666666666666,69.0,72.0,0.6,7.0,175.0,2.0,50.0,795.7468749999999,0.025000018662,263196.0,276.1931750640869,60.00231999206543,685.1875
15,3,8,2018,52.0,68.8,75.0,79.0,0.6,9.0,180.0,2.0,50.0,795.3125,0.025000018662,263432.0,276.1894000244141,60.00309999084472,685.0
16,3,8,2018,58.0,66.46666666666667,79.0,95.0,0.7,9.0,178.0,2.0,50.0,795.3125,0.025000018662,263432.0,276.1894000244141,60.00309999084472,685.0
17,3,8,2018,51.0,63.833333333333336,70.0,85.0,0.7,9.0,167.0,2.0,50.0,795.3125,0.025000018662,263432.0,276.1894000244141,60.00309999084472,685.0
18,3,8,2018,54.0,61.43333333333333,74.0,82.0,0.6,10.0,159.0,2.0,50.0,793.1875,0.025000018662,263416.0,276.1717999267578,60.00370399475098,685.0
19,3,8,2018,44.0,59.3,63.0,75.0,0.6,13.0,144.0,2.0,50.0,793.1875,0.025000018662,263416.0,276.1717999267578,60.00370399475098,685.0
20,3,8,2018,45.0,57.36666666666667,63.0,75.0,0.6,15.0,124.0,2.0,50.0,793.1875,0.025000018662,263416.0,276.1717999267578,60.00370399475098,685.0
21,3,8,2018,42.0,56.16666666666666,67.0,83.0,0.5,22.0,111.0,2.0,50.0,789.625,0.025000018662,263500.0,276.15399993896483,60.00181199645996,685.3125
22,3,8,2018,42.0,55.2,69.0,88.0,0.5,30.0,100.0,2.0,50.0,789.625,0.025000018662,263500.0,276.15399993896483,60.00181199645996,685.3125
23,3,8,2018,51.0,55.3,85.0,120.0,0.7,43.0,71.0,2.0,50.0,789.625,0.025000018662,263500.0,276.15399993896483,60.00181199645996,685.3125
0,4,8,2018,51.0,55.6,83.0,116.0,0.7,40.0,71.0,2.0,50.0,792.625,0.025000018662,263536.0,276.1827999877929,60.00321599578857,786.375
1,4,8,2018,31.0,54.93333333333333,80.0,110.0,0.7,36.0,73.0,2.0,50.0,792.625,0.025000018662,263536.0,276.1827999877929,60.00321599578857,786.375
2,4,8,2018,49.0,54.8,75.0,99.0,0.8,42.0,55.0,2.0,50.0,792.625,0.025000018662,263536.0,276.1827999877929,60.00321599578857,786.375
3,4,8,2018,48.0,54.63333333333333,73.0,95.0,0.8,34.0,64.0,2.0,50.0,795.7468749999999,0.025000018662,263328.0,276.1931750640869,60.00357999420166,856.6124999999997
4,4,8,2018,51.0,54.36666666666667,82.0,113.0,0.8,64.0,40.5,2.0,50.0,795.7468749999999,0.025000018662,263328.0,276.1931750640869,60.00357999420166,856.6124999999997
5,4,8,2018,51.0,53.86666666666667,73.0,95.0,0.7,45.0,17.0,2.0,50.0,795.7468749999999,0.025000018662,263328.0,276.1931750640869,60.00357999420166,856.6124999999997
6,4,8,2018,44.0,53.16666666666666,64.0,78.0,0.7,41.0,25.0,2.0,50.0,795.7468749999999,0.025000018662,263140.0,276.1931750640869,60.00569999694825,856.6124999999997
7,4,8,2018,61.0,53.43333333333333,83.0,82.0,0.8,43.0,27.0,2.0,50.0,795.7468749999999,0.025000018662,263140.0,276.1931750640869,60.00569999694825,856.6124999999997
8,4,8,2018,60.0,53.1,83.0,116.0,0.8,41.0,44.0,2.0,50.0,795.7468749999999,0.025000018662,263140.0,276.1931750640869,60.00569999694825,856.6124999999997
9,4,8,2018,71.0,53.5,95.0,131.0,1.0,41.0,67.0,2.0,50.0,795.7468749999999,0.025000018662,262868.0,276.1931750640869,60.00289999389648,749.9375
10,4,8,2018,84.0,54.13333333333333,111.0,163.0,1.0,25.0,127.0,2.0,50.0,795.7468749999999,0.025000018662,262868.0,276.1931750640869,60.00289999389648,749.9375
11,4,8,2018,69.0,54.4,93.0,105.0,0.9,25.0,170.0,2.0,50.0,795.7468749999999,0.025000018662,262868.0,276.1931750640869,60.00289999389648,749.9375
12,4,8,2018,69.0,54.56666666666667,104.0,97.0,0.8,18.0,181.0,2.0,50.00003749847412,795.7468749999999,0.025000018662,263052.0,276.1931750640869,60.00109999084473,685.1875
13,4,8,2018,67.0,54.66666666666666,103.0,74.0,0.8,11.0,181.0,2.0,50.00003749847412,795.7468749999999,0.025000018662,263052.0,276.1931750640869,60.00109999084473,685.1875
14,4,8,2018,59.0,54.56666666666667,103.0,96.0,0.8,9.0,181.0,2.0,50.00003749847412,795.7468749999999,0.025000018662,263052.0,276.1931750640869,60.00109999084473,685.1875
15,4,8,2018,71.0,54.73333333333333,107.0,98.0,0.9,10.0,181.0,2.0,50.0,795.7468749999999,0.025000018662,263336.0,276.19259979248045,60.00351999664306,685.0
16,4,8,2018,55.0,54.5,108.0,107.0,0.9,10.0,181.0,2.0,50.0,795.7468749999999,0.025000018662,263336.0,276.19259979248045,60.00351999664306,685.0
17,4,8,2018,67.0,54.766666666666666,102.0,99.0,1.0,10.0,181.0,2.0,50.0,795.7468749999999,0.025000018662,263336.0,276.19259979248045,60.00351999664306,685.0
18,4,8,2018,72.0,55.56666666666667,99.0,103.0,1.1,11.0,181.0,2.0,50.000337505340575,793.3125,0.025000018662,263528.0,276.1755999755859,60.00416399383545,685.0
19,4,8,2018,66.0,55.96666666666667,89.0,96.0,1.0,13.0,181.0,2.0,50.000337505340575,793.3125,0.025000018662,263528.0,276.1755999755859,60.00416399383545,685.0
20,4,8,2018,65.0,56.66666666666666,88.0,107.0,1.0,19.0,158.0,2.0,50.000337505340575,793.3125,0.025000018662,263528.0,276.1755999755859,60.00416399383545,685.0
21,4,8,2018,68.0,57.2,91.0,124.0,1.0,21.0,164.0,2.0,50.00039999961853,792.9375,0.025000018662,263736.0,276.17509979248047,60.003643997192384,685.3125
22,4,8,2018,70.0,57.6,94.0,132.0,1.1,29.0,141.0,2.0,50.00039999961853,792.9375,0.025000018662,263736.0,276.17509979248047,60.003643997192384,685.3125
23,4,8,2018,77.0,58.46666666666667,103.0,136.0,1.1,47.0,107.0,2.0,50.00039999961853,792.9375,0.025000018662,263736.0,276.17509979248047,60.003643997192384,685.3125
0,5,8,2018,78.0,59.266666666666666,104.0,149.0,1.0,60.0,73.0,2.0,50.000368757247934,795.7468749999999,0.025000018662,263888.0,276.1869000244141,60.0039999923706,767.0
1,5,8,2018,75.0,60.3,100.0,136.0,0.8,42.0,57.0,2.0,50.000368757247934,795.7468749999999,0.025000018662,263888.0,276.1869000244141,60.0039999923706,767.0
2,5,8,2018,56.0,60.66666666666666,76.0,96.0,0.8,46.0,39.0,2.0,50.000368757247934,795.7468749999999,0.025000018662,263888.0,276.1869000244141,60.0039999923706,767.0
3,5,8,2018,46.0,60.8,68.0,86.0,0.8,28.0,46.0,2.0,50.00037500381471,795.7468749999999,0.025000018662,263636.0,276.1931750640869,60.00611199188232,820.625
4,5,8,2018,41.0,60.766666666666666,65.0,79.0,0.9,42.0,26.0,2.0,50.00037500381471,795.7468749999999,0.025000018662,263636.0,276.1931750640869,60.00611199188232,820.625
5,5,8,2018,56.0,60.93333333333333,77.0,104.0,0.9,63.0,3.0,2.0,50.00037500381471,795.7468749999999,0.025000018662,263636.0,276.1931750640869,60.00611199188232,820.625
6,5,8,2018,46.0,60.766666666666666,80.0,110.0,0.7,50.0,8.0,2.0,50.00028124809265,795.7468749999999,0.025000018662,263532.0,276.1931750640869,60.00640799713135,767.9375
7,5,8,2018,35.0,60.9,62.0,73.0,0.7,48.0,10.0,2.0,50.00028124809265,795.7468749999999,0.025000018662,263532.0,276.1931750640869,60.00640799713135,767.9375
8,5,8,2018,40.0,60.6,66.0,82.0,1.0,47.0,15.0,2.0,50.00028124809265,795.7468749999999,0.025000018662,263532.0,276.1931750640869,60.00640799713135,767.9375
9,5,8,2018,46.0,60.53333333333333,77.0,103.0,1.2,48.0,22.0,2.0,50.00041218996048,795.7468749999999,0.025000018662,263476.0,276.1813998413086,60.00529599761962,740.375
10,5,8,2018,52.0,60.56666666666667,79.0,107.0,1.1,38.0,49.0,2.0,50.00041218996048,795.7468749999999,0.025000018662,263476.0,276.1813998413086,60.00529599761962,740.375
11,5,8,2018,45.0,60.36666666666667,83.0,115.0,1.0,30.0,82.0,2.0,50.00041218996048,795.7468749999999,0.025000018662,263476.0,276.1813998413086,60.00529599761962,740.375
12,5,8,2018,37.0,60.13333333333333,53.0,102.5,0.7,23.0,121.0,2.0,50.00041218996048,795.7468749999999,0.025000018662,263744.0,276.1735000610352,60.00433599090576,685.1875
13,5,8,2018,28.0,59.03333333333333,42.0,90.0,0.4,20.0,134.0,2.0,50.00041218996048,795.7468749999999,0.025000018662,263744.0,276.1735000610352,60.00433599090576,685.1875
14,5,8,2018,36.0,58.23333333333333,51.0,77.5,0.5,8.0,145.0,2.0,50.00041218996048,795.7468749999999,0.025000018662,263744.0,276.1735000610352,60.00433599090576,685.1875
15,5,8,2018,38.0,57.13333333333333,58.0,65.0,0.6,8.0,146.0,2.0,50.0,794.125,0.025000018592,263856.0,276.1626998901367,60.00625199127197,685.0
16,5,8,2018,35.0,55.5,76.0,102.0,0.6,11.0,122.0,2.0,50.0,794.125,0.025000018592,263856.0,276.1626998901367,60.00625199127197,685.0
17,5,8,2018,35.0,54.36666666666667,54.0,57.0,0.5,15.0,108.0,2.0,50.0,794.125,0.025000018592,263856.0,276.1626998901367,60.00625199127197,685.0
18,5,8,2018,32.0,53.13333333333333,46.0,40.0,0.5,20.0,98.0,2.0,50.00041218996048,793.375,0.025000018662,263912.0,276.1552999877929,60.00299999237061,685.0
19,5,8,2018,32.61363636363637,51.98712121212121,45.47619047619048,40.54166666666666,0.5142857142857142,20.30952380952381,97.5,2.0,50.00041218996048,793.375,0.025000018662,263912.0,276.1552999877929,60.00299999237061,685.0
20,5,8,2018,33.22727272727273,51.1280303030303,44.95238095238096,41.083333333333336,0.5285714285714286,20.61904761904762,97.0,2.0,50.00041218996048,793.375,0.025000018662,263912.0,276.1552999877929,60.00299999237061,685.0
21,5,8,2018,33.84090909090909,49.88939393939393,44.42857142857143,41.625,0.5428571428571428,20.928571428571427,96.5,2.0,50.00041218996048,791.125,0.025000018662,263940.0,276.13919982910147,60.001067993164064,685.3125
22,5,8,2018,34.45454545454545,49.20454545454545,43.90476190476191,42.16666666666666,0.5571428571428572,21.23809523809524,96.0,2.0,50.00041218996048,791.125,0.025000018662,263940.0,276.13919982910147,60.001067993164064,685.3125
23,5,8,2018,35.06818181818182,48.14015151515151,43.38095238095239,42.708333333333336,0.5714285714285714,21.547619047619047,95.5,2.0,50.00041218996048,791.125,0.025000018662,263940.0,276.13919982910147,60.001067993164064,685.3125
0,6,8,2018,35.68181818181818,46.92954545454545,42.85714285714285,43.25,0.5857142857142857,21.85714285714285,95.0,2.0,50.0,790.1875,0.0250000172649994,263980.0,276.1194000244141,60.00432399749756,721.5625
1,6,8,2018,36.29545454545455,45.93939393939393,42.333333333333336,43.79166666666666,0.6,22.16666666666667,94.5,2.0,50.0,790.1875,0.0250000172649994,263980.0,276.1194000244141,60.00432399749756,721.5625
2,6,8,2018,36.90909090909091,45.0030303030303,41.80952380952381,44.33333333333334,0.6142857142857143,22.47619047619048,94.0,2.0,50.0,790.1875,0.0250000172649994,263980.0,276.1194000244141,60.00432399749756,721.5625
3,6,8,2018,37.52272727272727,43.98712121212121,41.285714285714285,44.875,0.6285714285714286,22.785714285714285,93.5,2.0,50.0,793.25,0.0250000162310004,263784.0,276.1408999633789,60.00446799468994,758.0625
4,6,8,2018,38.13636363636364,42.925,40.76190476190476,45.41666666666666,0.6428571428571429,23.095238095238088,93.0,2.0,50.0,793.25,0.0250000162310004,263784.0,276.1408999633789,60.00446799468994,758.0625
5,6,8,2018,38.75,41.650000000000006,40.23809523809524,45.95833333333334,0.6571428571428571,23.404761904761905,92.5,2.0,50.0,793.25,0.0250000162310004,263784.0,276.1408999633789,60.00446799468994,758.0625
6,6,8,2018,39.36363636363636,40.36212121212122,39.71428571428572,46.5,0.6714285714285715,23.714285714285715,92.0,2.0,50.00041218996048,795.7468749999999,0.0250000170480012,263596.0,276.1588998413086,60.0027199935913,750.5625
7,6,8,2018,39.97727272727273,39.19469696969697,39.19047619047619,47.04166666666666,0.6857142857142857,24.023809523809533,91.5,2.0,50.00041218996048,795.7468749999999,0.0250000170480012,263596.0,276.1588998413086,60.0027199935913,750.5625
8,6,8,2018,40.59090909090909,38.6810606060606,38.66666666666666,47.58333333333334,0.7,24.333333333333336,91.0,2.0,50.00041218996048,795.7468749999999,0.0250000170480012,263596.0,276.1588998413086,60.0027199935913,750.5625
9,6,8,2018,41.20454545454545,38.52121212121212,38.14285714285714,48.125,0.7142857142857143,24.642857142857142,90.5,2.0,50.0,793.75,0.0250000178100001,263356.0,276.15869995117185,60.00446799468994,733.6875
10,6,8,2018,41.81818181818182,38.54848484848484,37.61904761904762,48.66666666666666,0.7285714285714286,24.952380952380956,90.0,2.0,50.0,793.75,0.0250000178100001,263356.0,276.15869995117185,60.00446799468994,733.6875
11,6,8,2018,42.43181818181818,38.096212121212126,37.095238095238095,49.20833333333333,0.7428571428571429,25.261904761904763,89.5,2.0,50.0,793.75,0.0250000178100001,263356.0,276.15869995117185,60.00446799468994,733.6875
12,6,8,2018,43.04545454545455,37.99772727272728,36.57142857142857,49.75,0.7571428571428571,25.57142857142857,89.0,2.0,50.00013750076294,795.7468749999999,0.025000018662,263428.0,276.1563998413086,60.0017319946289,685.1875
13,6,8,2018,43.65909090909091,38.28636363636364,36.04761904761904,50.29166666666666,0.7714285714285715,25.880952380952376,88.5,2.0,50.00013750076294,795.7468749999999,0.025000018662,263428.0,276.1563998413086,60.0017319946289,685.1875
14,6,8,2018,44.27272727272727,38.42878787878788,35.52380952380953,50.83333333333333,0.7857142857142858,26.190476190476197,88.0,2.0,50.00013750076294,795.7468749999999,0.025000018662,263428.0,276.1563998413086,60.0017319946289,685.1875
15,6,8,2018,44.88636363636364,38.391666666666666,35.0,51.375,0.8,26.5,87.5,2.0,50.00041218996048,795.5,0.0250000184790007,263588.0,276.15350006103506,60.00213999176025,685.0
16,6,8,2018,45.5,38.175,34.476190476190474,51.91666666666666,0.8142857142857143,26.809523809523807,87.0,2.0,50.00041218996048,795.5,0.0250000184790007,263588.0,276.15350006103506,60.00213999176025,685.0
17,6,8,2018,46.11363636363636,38.21212121212121,33.95238095238095,52.45833333333333,0.8285714285714286,27.119047619047624,86.5,2.0,50.00041218996048,795.5,0.0250000184790007,263588.0,276.15350006103506,60.00213999176025,685.0
18,6,8,2018,46.72727272727273,38.53636363636363,33.42857142857143,53.0,0.8428571428571429,27.42857142857143,86.0,2.0,50.00041218996048,794.6875,0.025000018662,263504.0,276.1472998046874,60.00315199279786,685.0
19,6,8,2018,47.34090909090909,39.1810606060606,32.904761904761905,53.54166666666666,0.8571428571428572,27.73809523809524,85.5,2.0,50.00041218996048,794.6875,0.025000018662,263504.0,276.1472998046874,60.00315199279786,685.0
20,6,8,2018,47.95454545454545,39.57954545454545,32.38095238095238,54.08333333333333,0.8714285714285714,28.04761904761905,85.0,2.0,50.00041218996048,794.6875,0.025000018662,263504.0,276.1472998046874,60.00315199279786,685.0
21,6,8,2018,48.56818181818182,39.93181818181817,31.85714285714285,54.625,0.8857142857142857,28.35714285714285,84.5,2.0,50.00041218996048,794.5625,0.025000018662,263452.0,276.1448999023437,60.001983993530274,685.3125
22,6,8,2018,49.18181818181819,40.404545454545456,31.33333333333333,55.16666666666666,0.9,28.66666666666667,84.0,2.0,50.00041218996048,794.5625,0.025000018662,263452.0,276.1448999023437,60.001983993530274,685.3125
23,6,8,2018,49.79545454545455,40.89772727272727,30.809523809523807,55.70833333333333,0.9142857142857144,28.97619047619048,83.5,2.0,50.00041218996048,794.5625,0.025000018662,263452.0,276.1448999023437,60.001983993530274,685.3125
0,7,8,2018,50.40909090909091,41.51136363636364,30.285714285714285,56.25,0.9285714285714286,29.285714285714285,83.0,2.0,50.00041218996048,795.0,0.025000018662,263528.0,276.1488000488281,60.00289999389648,723.5625
1,7,8,2018,51.02272727272727,42.12500000000001,29.761904761904763,56.79166666666666,0.9428571428571428,29.595238095238088,82.5,2.0,50.00041218996048,795.0,0.025000018662,263528.0,276.1488000488281,60.00289999389648,723.5625
2,7,8,2018,51.63636363636364,42.73863636363637,29.23809523809524,57.33333333333333,0.9571428571428572,29.904761904761905,82.0,2.0,50.00041218996048,795.0,0.025000018662,263528.0,276.1488000488281,60.00289999389648,723.5625
3,7,8,2018,52.25,43.352272727272734,28.71428571428571,57.875,0.9714285714285716,30.214285714285715,81.5,2.0,50.00041218996048,795.7468749999999,0.0250000176880005,263308.0,276.1653997802734,60.004827995300296,772.5
4,7,8,2018,52.86363636363636,43.9659090909091,28.190476190476197,58.41666666666666,0.9857142857142858,30.523809523809533,81.0,2.0,50.00041218996048,795.7468749999999,0.0250000176880005,263308.0,276.1653997802734,60.004827995300296,772.5
5,7,8,2018,53.47727272727273,44.57954545454546,27.666666666666664,58.95833333333333,1.0,30.833333333333336,80.5,2.0,50.00041218996048,795.7468749999999,0.0250000176880005,263308.0,276.1653997802734,60.004827995300296,772.5
6,7,8,2018,54.09090909090909,45.19318181818183,27.142857142857142,59.5,1.0142857142857142,31.142857142857142,80.0,2.0,50.00016875267029,795.7468749999999,0.025000018662,263188.0,276.1830999755859,60.0045239944458,758.4375
7,7,8,2018,54.70454545454545,45.80681818181818,26.619047619047613,60.04166666666666,1.0285714285714285,31.452380952380956,79.5,2.0,50.00016875267029,795.7468749999999,0.025000018662,263188.0,276.1830999755859,60.0045239944458,758.4375
8,7,8,2018,55.31818181818182,46.42045454545454,26.095238095238088,60.58333333333333,1.042857142857143,31.761904761904763,79.0,2.0,50.00016875267029,795.7468749999999,0.025000018662,263188.0,276.1830999755859,60.0045239944458,758.4375
9,7,8,2018,55.93181818181819,47.03409090909091,25.57142857142857,61.125,1.0571428571428572,32.07142857142857,78.5,2.0,50.00003749847412,795.7468749999999,0.025000018662,263076.0,276.1931750640869,60.0040359954834,722.25
10,7,8,2018,56.54545454545455,47.64772727272727,25.04761904761905,61.66666666666666,1.0714285714285716,32.38095238095238,78.0,2.0,50.00003749847412,795.7468749999999,0.025000018662,263076.0,276.1931750640869,60.0040359954834,722.25
11,7,8,2018,57.15909090909091,48.26136363636363,24.52380952380952,62.20833333333333,1.085714285714286,32.6904761904762,77.5,2.0,50.00003749847412,795.7468749999999,0.025000018662,263076.0,276.1931750640869,60.0040359954834,722.25
12,7,8,2018,57.77272727272727,48.875,24.0,62.75,1.1,33.0,77.0,2.0,50.00041218996048,795.7468749999999,0.025000018662,263424.0,276.17589996337887,60.002519996643066,685.1875
13,7,8,2018,58.38636363636364,49.48863636363637,37.0,63.29166666666666,1.2,24.0,118.0,2.0,50.00041218996048,795.7468749999999,0.025000018662,263424.0,276.17589996337887,60.002519996643066,685.1875
14,7,8,2018,59.0,50.102272727272734,80.0,63.83333333333333,1.2,23.0,141.0,2.0,50.00041218996048,795.7468749999999,0.025000018662,263424.0,276.17589996337887,60.002519996643066,685.1875
15,7,8,2018,73.0,51.162121212121214,98.0,64.375,1.2,23.0,151.0,2.0,50.0000625038147,795.7468749999999,0.025000018662,263496.0,276.16869995117185,60.00267599487304,685.0
16,7,8,2018,61.0,51.801515151515154,83.0,64.91666666666666,1.2,22.0,163.0,2.0,50.0000625038147,795.7468749999999,0.025000018662,263496.0,276.16869995117185,60.00267599487304,685.0
17,7,8,2018,67.0,52.62045454545456,90.0,65.45833333333333,1.1,21.0,173.0,2.0,50.0000625038147,795.7468749999999,0.025000018662,263496.0,276.16869995117185,60.00267599487304,685.0
18,7,8,2018,65.0,53.352272727272734,88.0,66.0,1.1,35.0,159.0,2.0,50.00011250495911,795.7468749999999,0.025000018662,263504.0,276.1591998291016,60.00187999725342,685.0
19,7,8,2018,69.0,54.19696969696971,93.0,74.0,1.1,34.0,164.0,2.0,50.00011250495911,795.7468749999999,0.025000018662,263504.0,276.1591998291016,60.00187999725342,685.0
20,7,8,2018,64.0,54.854545454545466,86.0,83.0,1.0,29.0,144.0,2.0,50.00011250495911,795.7468749999999,0.025000018662,263504.0,276.1591998291016,60.00187999725342,685.0
21,7,8,2018,70.0,55.69166666666668,94.0,79.36842105263158,0.9,21.0,106.0,2.0,50.0,792.8125,0.0250000177859999,263532.0,276.13889984130856,60.00344399261475,685.3125
22,7,8,2018,66.0,56.37500000000001,89.0,75.73684210526315,1.0,24.0,89.0,2.0,50.0,792.8125,0.0250000177859999,263532.0,276.13889984130856,60.00344399261475,685.3125
23,7,8,2018,62.0,56.904545454545456,84.0,72.10526315789474,1.1,24.0,76.0,2.0,50.0,792.8125,0.0250000177859999,263532.0,276.13889984130856,60.00344399261475,685.3125
0,8,8,2018,76.0,57.88030303030303,101.0,68.47368421052633,1.3,28.0,65.0,2.0,50.0,792.1875,0.025000018662,263720.0,276.1333999633789,60.00523999786377,723.0625
1,8,8,2018,54.0,58.10227272727273,74.0,64.84210526315789,1.2,30.0,54.0,2.0,50.0,792.1875,0.025000018662,263720.0,276.1333999633789,60.00523999786377,723.0625
2,8,8,2018,54.0,58.30378787878788,74.0,61.21052631578947,1.1,28.0,49.0,17.0,50.0,792.1875,0.025000018662,263720.0,276.1333999633789,60.00523999786377,723.0625
3,8,8,2018,29.0,57.65151515151515,41.0,57.57894736842106,0.9,38.0,29.0,2.0,50.00041218996048,791.5,0.0250000177950002,263784.0,276.1266000366211,60.00373999786377,755.9375
4,8,8,2018,32.0,57.07878787878788,46.0,53.94736842105264,0.9,31.0,26.5,2.0,50.00041218996048,791.5,0.0250000177950002,263784.0,276.1266000366211,60.00373999786377,755.9375
5,8,8,2018,48.0,57.01893939393939,66.0,50.31578947368421,1.0,34.0,24.0,2.0,50.00041218996048,791.5,0.0250000177950002,263784.0,276.1266000366211,60.00373999786377,755.9375
6,8,8,2018,52.0,57.0719696969697,71.0,46.68421052631579,1.0,40.0,20.0,2.0,50.0,794.875,0.0250000178570002,263880.0,276.1413000488281,60.007075996398925,737.875
7,8,8,2018,24.0,56.17121212121212,34.0,43.05263157894736,0.8,32.0,59.0,2.0,50.0,794.875,0.0250000178570002,263880.0,276.1413000488281,60.007075996398925,737.875
8,8,8,2018,17.0,55.016666666666666,24.0,39.42105263157895,0.9,36.0,51.0,2.0,50.0,794.875,0.0250000178570002,263880.0,276.1413000488281,60.007075996398925,737.875
9,8,8,2018,16.0,53.80833333333333,23.0,35.78947368421053,0.8,20.0,53.0,2.0,50.00013750076294,794.375,0.0250000179709997,263876.0,276.1566998291015,60.003095993042,727.75
10,8,8,2018,3.0,52.14621212121212,20.0,32.1578947368421,0.7,21.0,64.0,2.0,50.00013750076294,794.375,0.0250000179709997,263876.0,276.1566998291015,60.003095993042,727.75
11,8,8,2018,3.0,50.46363636363637,23.0,28.52631578947368,0.6,16.0,73.0,2.0,50.00013750076294,794.375,0.0250000179709997,263876.0,276.1566998291015,60.003095993042,727.75
12,8,8,2018,3.0,48.76060606060606,26.0,24.89473684210526,0.6,14.0,83.0,2.0,50.0,794.1875,0.0250000178810004,264056.0,276.14440002441404,60.00217599487305,685.125
13,8,8,2018,4.0,47.07045454545455,24.0,21.263157894736835,0.7,16.0,77.0,2.0,50.0,794.1875,0.0250000178810004,264056.0,276.14440002441404,60.00217599487305,685.125
14,8,8,2018,5.0,45.393181818181816,22.0,17.63157894736841,0.8,14.0,69.0,2.0,50.0,794.1875,0.0250000178810004,264056.0,276.14440002441404,60.00217599487305,685.125
15,8,8,2018,9.0,43.828787878787885,21.0,14.0,0.9,22.0,68.0,2.0,50.000143756866464,792.875,0.025000018662,264112.0,276.13350006103514,60.00188399505616,685.0
16,8,8,2018,16.0,42.47727272727273,27.0,13.5,1.1,18.0,85.0,2.0,50.000143756866464,792.875,0.025000018662,264112.0,276.13350006103514,60.00188399505616,685.0
17,8,8,2018,16.0,41.10530303030304,29.0,13.0,1.4,15.0,94.0,2.0,50.000143756866464,792.875,0.025000018662,264112.0,276.13350006103514,60.00188399505616,685.0
18,8,8,2018,4.0,39.31287878787878,30.0,12.5,1.5,17.0,96.0,2.0,50.00013750076294,791.375,0.0250000183129999,264064.0,276.1235998535156,60.00183599090576,685.0
19,8,8,2018,9.0,37.66666666666666,28.0,12.0,1.4,21.0,91.0,2.0,50.00013750076294,791.375,0.0250000183129999,264064.0,276.1235998535156,60.00183599090576,685.0
20,8,8,2018,13.0,36.13333333333333,27.0,19.0,1.4,23.0,85.0,2.0,50.00013750076294,791.375,0.0250000183129999,264064.0,276.1235998535156,60.00183599090576,685.0
21,8,8,2018,22.0,34.43333333333333,31.0,26.0,1.4,28.0,68.0,2.0,50.00010000228882,790.5625,0.0250000177839994,264104.0,276.1191000366211,60.00215999603272,685.25
22,8,8,2018,18.0,33.0,31.0,31.0,1.5,51.0,40.0,2.0,50.00010000228882,790.5625,0.0250000177839994,264104.0,276.1191000366211,60.00215999603272,685.25
23,8,8,2018,27.0,31.666666666666668,43.0,43.0,1.5,71.0,18.0,2.0,50.00010000228882,790.5625,0.0250000177839994,264104.0,276.1191000366211,60.00215999603272,685.25
0,9,8,2018,39.0,30.8,55.0,49.0,1.5,76.0,4.0,2.0,50.0000625038147,787.4375,0.0250000181499999,264172.0,276.15169982910146,60.00336399078369,781.0
1,9,8,2018,25.0,29.33333333333333,36.0,36.0,1.5,63.0,9.0,2.0,50.0000625038147,787.4375,0.0250000181499999,264172.0,276.15169982910146,60.00336399078369,781.0
2,9,8,2018,32.0,28.266666666666666,46.0,34.0,1.4,66.0,5.0,2.0,50.0000625038147,787.4375,0.0250000181499999,264172.0,276.15169982910146,60.00336399078369,781.0
3,9,8,2018,30.0,26.933333333333334,43.0,33.0,1.3,56.0,2.0,2.0,50.0,794.1875,0.025000018662,263944.0,276.1747998046875,60.00347999572754,840.3125
4,9,8,2018,18.0,25.33333333333333,26.0,19.0,1.2,39.0,7.0,2.0,50.0,794.1875,0.025000018662,263944.0,276.1747998046875,60.00347999572754,840.3125
5,9,8,2018,33.0,24.366666666666667,47.0,38.0,1.3,52.0,2.0,2.0,50.0,794.1875,0.025000018662,263944.0,276.1747998046875,60.00347999572754,840.3125
6,9,8,2018,44.0,23.3,61.0,45.0,1.4,51.0,2.0,2.0,50.0,795.7468749999999,0.025000018662,263960.0,276.18600006103514,60.00440399169922,812.6875
7,9,8,2018,28.0,22.433333333333334,49.0,49.0,1.3,38.0,6.0,2.0,50.0,795.7468749999999,0.025000018662,263960.0,276.18600006103514,60.00440399169922,812.6875
8,9,8,2018,28.0,21.566666666666663,42.0,42.0,1.2,34.0,20.0,2.0,50.0,795.7468749999999,0.025000018662,263960.0,276.18600006103514,60.00440399169922,812.6875
9,9,8,2018,38.0,21.866666666666667,54.0,44.0,1.2,33.0,39.0,2.0,50.00005000114441,795.125,0.025000018662,263592.0,276.191900024414,60.00469199371338,760.0
10,9,8,2018,42.0,22.2,59.0,34.5,1.1,34.0,62.0,2.0,50.00005000114441,795.125,0.025000018662,263592.0,276.191900024414,60.00469199371338,760.0
11,9,8,2018,20.0,21.266666666666666,34.0,25.0,1.0,22.0,110.0,2.0,50.00005000114441,795.125,0.025000018662,263592.0,276.191900024414,60.00469199371338,760.0
12,9,8,2018,10.0,19.866666666666667,42.0,19.0,1.0,14.0,135.0,2.0,50.00003749847412,792.1875,0.025000018662,263684.0,276.16100006103505,60.00381999206543,685.125
13,9,8,2018,22.0,19.8,41.0,24.66666666666667,0.9,11.0,131.0,2.0,50.00003749847412,792.1875,0.025000018662,263684.0,276.16100006103505,60.00381999206543,685.125
14,9,8,2018,19.0,19.866666666666667,36.0,30.333333333333336,0.9,10.0,116.0,2.0,50.00003749847412,792.1875,0.025000018662,263684.0,276.16100006103505,60.00381999206543,685.125
16,9,8,2018,20.0,20.0,45.0,36.0,0.9,15.0,144.0,2.0,50.00003749847412,792.1875,0.025000018662,263684.0,276.16100006103505,60.00381999206543,685.125
17,9,8,2018,27.0,20.8,43.0,35.0,0.8,14.0,136.0,2.0,50.00003749847412,792.1875,0.025000018662,263684.0,276.16100006103505,60.00381999206543,685.125
18,9,8,2018,18.0,21.3,38.0,25.0,0.7,13.0,121.0,2.0,50.0,788.25,0.025000018662,263860.0,276.1335998535156,60.00232799530029,685.0
19,9,8,2018,23.0,21.966666666666665,38.0,38.0,0.7,17.0,113.0,2.0,50.0,788.25,0.025000018662,263860.0,276.1335998535156,60.00232799530029,685.0
20,9,8,2018,38.0,23.1,54.0,52.0,0.8,22.0,89.0,2.0,50.0,788.25,0.025000018662,263860.0,276.1335998535156,60.00232799530029,685.0
21,9,8,2018,26.0,23.8,51.0,51.0,0.9,27.0,72.0,2.0,50.0,786.875,0.0250000185599997,263940.0,276.1269998168945,60.00221999359131,685.25
22,9,8,2018,28.0,24.433333333333334,54.0,58.0,1.0,30.0,58.0,2.0,50.0,786.875,0.0250000185599997,263940.0,276.1269998168945,60.00221999359131,685.25
23,9,8,2018,22.0,24.633333333333333,51.0,52.0,1.0,27.0,56.0,2.0,50.0,786.875,0.0250000185599997,263940.0,276.1269998168945,60.00221999359131,685.25
0,10,8,2018,36.0,25.3,51.0,51.0,1.1,46.0,30.0,2.0,50.0,795.7468749999999,0.025000018662,263992.0,276.1592999267578,60.0035839920044,729.875
1,10,8,2018,51.0,26.866666666666667,70.0,63.0,1.1,53.0,13.0,2.0,50.0,795.7468749999999,0.025000018662,263992.0,276.1592999267578,60.0035839920044,729.875
2,10,8,2018,46.0,28.1,64.0,58.0,1.1,45.0,23.0,16.0,50.0,795.7468749999999,0.025000018662,263992.0,276.1592999267578,60.0035839920044,729.875
3,10,8,2018,46.0,29.2,64.0,58.0,1.1,67.0,2.0,2.0,50.0,795.25,0.0250000173250008,263876.0,276.1931750640869,60.00165199279785,843.625
4,10,8,2018,45.0,29.966666666666665,63.0,64.0,1.1,64.0,2.0,2.0,50.0,795.25,0.0250000173250008,263876.0,276.1931750640869,60.00165199279785,843.625
5,10,8,2018,57.0,31.266666666666666,78.0,66.0,1.1,61.0,2.0,2.0,50.0,795.25,0.0250000173250008,263876.0,276.1931750640869,60.00165199279785,843.625
6,10,8,2018,46.0,31.9,64.0,62.0,1.2,58.0,2.0,2.0,50.0,794.5625,0.0250000165450014,263724.0,276.1931750640869,60.00162399291992,856.6124999999997
7,10,8,2018,38.0,31.866666666666667,54.0,58.0,1.0,35.0,4.0,2.0,50.0,794.5625,0.0250000165450014,263724.0,276.1931750640869,60.00162399291992,856.6124999999997
8,10,8,2018,43.0,32.46666666666667,60.0,67.0,1.0,38.0,21.0,2.0,50.0,794.5625,0.0250000165450014,263724.0,276.1931750640869,60.00162399291992,856.6124999999997
9,10,8,2018,60.0,33.4,81.0,86.0,1.1,32.0,61.0,2.0,50.0,793.875,0.0250000172060001,263436.0,276.1931750640869,60.00469999694824,772.125
11,10,8,2018,47.0,33.96666666666667,65.0,74.0,0.9,36.0,133.0,2.0,50.0,793.875,0.0250000172060001,263436.0,276.1931750640869,60.00469999694824,772.125
12,10,8,2018,40.0,34.7,70.0,62.0,0.9,25.0,176.0,2.0,50.0,795.0,0.025000018662,263528.0,276.18350006103515,60.00289199066162,685.125
13,10,8,2018,46.0,35.13333333333333,105.0,50.0,0.9,23.0,181.0,2.0,50.0,795.0,0.025000018662,263528.0,276.18350006103515,60.00289199066162,685.125
14,10,8,2018,34.0,34.8,104.0,38.0,0.7,14.0,181.0,2.0,50.0,795.0,0.025000018662,263528.0,276.18350006103515,60.00289199066162,685.125
15,10,8,2018,20.0,34.53333333333333,66.0,33.0,0.5,9.0,173.0,2.0,50.00003749847412,793.25,0.025000018662,263596.0,276.16699981689453,60.00231199645996,685.0
16,10,8,2018,21.0,34.3,53.0,28.0,0.5,8.0,162.0,2.0,50.00003749847412,793.25,0.025000018662,263596.0,276.16699981689453,60.00231199645996,685.0
17,10,8,2018,33.0,34.13333333333333,66.0,44.0,0.6,10.0,173.0,2.0,50.00003749847412,793.25,0.025000018662,263596.0,276.16699981689453,60.00231199645996,685.0
18,10,8,2018,27.0,33.63333333333333,47.0,32.0,0.6,11.0,150.0,2.0,50.000056257247934,793.0,0.025000018662,263472.0,276.16239990234374,60.00222799682617,685.0
19,10,8,2018,30.0,33.96666666666667,52.0,54.0,0.7,14.0,145.0,2.0,50.000056257247934,793.0,0.025000018662,263472.0,276.16239990234374,60.00222799682617,685.0
20,10,8,2018,31.0,34.666666666666664,53.0,56.0,0.7,19.0,143.0,2.0,50.000056257247934,793.0,0.025000018662,263472.0,276.16239990234374,60.00222799682617,685.0
21,10,8,2018,33.0,35.03333333333333,57.0,64.0,0.7,23.0,134.0,2.0,50.0,788.8125,0.0250000182770006,263448.0,276.14690002441404,60.00326399230957,685.25
22,10,8,2018,34.0,35.53333333333333,53.0,56.0,0.7,26.0,118.0,2.0,50.0,788.8125,0.0250000182770006,263448.0,276.14690002441404,60.00326399230957,685.25
23,10,8,2018,30.0,35.86666666666667,57.0,63.0,0.8,28.0,99.0,2.0,50.0,788.8125,0.0250000182770006,263448.0,276.14690002441404,60.00326399230957,685.25
0,11,8,2018,38.0,36.23333333333333,58.0,66.0,0.9,42.0,73.0,2.0,50.00041218996048,795.5,0.0250000162729993,263396.0,276.14899993896483,60.00155199432373,713.5
1,11,8,2018,39.0,36.93333333333333,57.0,64.0,1.0,64.0,34.0,2.0,50.00041218996048,795.5,0.0250000162729993,263396.0,276.14899993896483,60.00155199432373,713.5
2,11,8,2018,45.0,37.66666666666666,63.0,76.0,0.9,42.0,49.0,2.0,50.00041218996048,795.5,0.0250000162729993,263396.0,276.14899993896483,60.00155199432373,713.5
3,11,8,2018,63.0,38.5,85.0,92.0,1.2,28.0,80.0,2.0,50.00041218996048,795.7468749999999,0.0250000181440003,263108.0,276.1726998901367,60.0035239944458,757.0
4,11,8,2018,84.0,40.43333333333333,111.0,90.0,1.3,23.0,81.0,2.0,50.00041218996048,795.7468749999999,0.0250000181440003,263108.0,276.1726998901367,60.0035239944458,757.0
5,11,8,2018,61.0,41.53333333333333,83.0,62.66666666666667,1.0,21.0,83.0,2.0,50.00041218996048,795.7468749999999,0.0250000181440003,263108.0,276.1726998901367,60.0035239944458,757.0
6,11,8,2018,11.0,41.16666666666666,33.0,35.333333333333336,0.7,8.0,105.0,2.0,50.00041218996048,795.7468749999999,0.0250000181610006,262904.0,276.1885998535156,60.00317599487305,767.375
7,11,8,2018,8.0,40.23333333333333,24.0,8.0,0.7,47.0,60.0,2.0,50.00041218996048,795.7468749999999,0.0250000181610006,262904.0,276.1885998535156,60.00317599487305,767.375
8,11,8,2018,12.0,38.93333333333333,22.0,13.0,0.8,44.0,53.0,2.0,50.00041218996048,795.7468749999999,0.0250000181610006,262904.0,276.1885998535156,60.00317599487305,767.375
9,11,8,2018,13.0,37.833333333333336,19.0,18.0,0.8,33.0,60.0,2.0,50.00041218996048,795.7468749999999,0.025000018662,262660.0,276.1529998779297,60.00308799743652,705.3125
10,11,8,2018,35.0,37.46666666666667,50.0,22.5,0.8,34.0,63.0,2.0,50.00041218996048,795.7468749999999,0.025000018662,262660.0,276.1529998779297,60.00308799743652,705.3125
11,11,8,2018,21.0,36.66666666666666,30.0,27.0,0.8,23.0,87.0,2.0,50.00041218996048,795.7468749999999,0.025000018662,262660.0,276.1529998779297,60.00308799743652,705.3125
12,11,8,2018,24.0,35.56666666666667,36.0,27.0,0.8,16.0,114.0,2.0,50.00041218996048,794.9375,0.0250000186379998,262896.0,276.14690002441404,60.0015119934082,685.125
13,11,8,2018,29.0,35.0,42.0,33.0,0.8,11.0,135.0,2.0,50.00041218996048,794.9375,0.0250000186379998,262896.0,276.14690002441404,60.0015119934082,685.125
14,11,8,2018,30.0,34.733333333333334,45.0,40.5,0.9,10.0,145.0,2.0,50.00041218996048,794.9375,0.0250000186379998,262896.0,276.14690002441404,60.0015119934082,685.125
15,11,8,2018,46.0,34.833333333333336,64.0,48.0,0.9,10.0,152.0,2.0,50.00039375305176,793.625,0.025000018662,263020.0,276.1366998291016,60.00383199310303,685.0
16,11,8,2018,46.0,34.36666666666667,64.0,56.0,1.0,28.0,111.0,2.0,50.00039375305176,793.625,0.025000018662,263020.0,276.1366998291016,60.00383199310303,685.0
17,11,8,2018,42.0,34.2,59.0,57.5,1.0,27.0,122.0,2.0,50.00039375305176,793.625,0.025000018662,263020.0,276.1366998291016,60.00383199310303,685.0
19,11,8,2018,53.0,34.63333333333333,73.0,59.0,1.1,25.0,104.0,2.0,50.00039375305176,793.625,0.025000018662,263020.0,276.1366998291016,60.00383199310303,685.0
20,11,8,2018,65.0,35.266666666666666,88.0,55.0,1.3,25.0,111.0,2.0,50.00039375305176,793.625,0.025000018662,263020.0,276.1366998291016,60.00383199310303,685.0
21,11,8,2018,58.0,36.06666666666667,79.0,51.0,1.3,28.0,88.0,2.0,50.0,791.875,0.025000018662,262952.0,276.1254998779297,60.00335599517823,685.25
22,11,8,2018,48.0,37.0,66.0,47.0,1.3,29.0,78.0,2.0,50.0,791.875,0.025000018662,262952.0,276.1254998779297,60.00335599517823,685.25
23,11,8,2018,47.0,37.86666666666667,65.0,43.0,1.2,33.0,69.0,2.0,50.0,791.875,0.025000018662,262952.0,276.1254998779297,60.00335599517823,685.25
0,12,8,2018,36.0,37.96666666666667,51.0,39.0,1.4,31.0,54.0,2.0,50.00013125419618,788.4375,0.0250000182550009,263132.0,276.1219998168945,60.00343199157715,734.1875
1,12,8,2018,59.0,39.03333333333333,80.0,39.4,1.2,29.0,65.0,2.0,50.00013125419618,788.4375,0.0250000182550009,263132.0,276.1219998168945,60.00343199157715,734.1875
2,12,8,2018,69.0,40.333333333333336,93.0,39.8,1.3,34.0,38.0,17.0,50.00013125419618,788.4375,0.0250000182550009,263132.0,276.1219998168945,60.00343199157715,734.1875
3,12,8,2018,51.0,41.0,70.0,40.2,1.1,31.0,46.0,2.0,50.0,795.7468749999999,0.0250000182760004,262968.0,276.1664999389648,60.00181199645996,776.75
4,12,8,2018,26.0,40.766666666666666,37.0,40.6,1.1,17.0,62.5,2.0,50.0,795.7468749999999,0.0250000182760004,262968.0,276.1664999389648,60.00181199645996,776.75
5,12,8,2018,30.0,40.63333333333333,43.0,41.0,1.0,15.0,79.0,2.0,50.0,795.7468749999999,0.0250000182760004,262968.0,276.1664999389648,60.00181199645996,776.75
6,12,8,2018,39.0,40.93333333333333,55.0,41.4,0.9,13.0,78.0,2.0,50.0,795.7468749999999,0.0250000182780008,262952.0,276.17699981689447,60.00421199798584,766.5
7,12,8,2018,59.0,41.63333333333333,80.0,41.8,0.9,13.0,68.0,2.0,50.0,795.7468749999999,0.0250000182780008,262952.0,276.17699981689447,60.00421199798584,766.5
8,12,8,2018,35.0,41.5,50.0,42.2,0.9,14.0,73.0,2.0,50.0,795.7468749999999,0.0250000182780008,262952.0,276.17699981689447,60.00421199798584,766.5
9,12,8,2018,41.0,41.36666666666667,58.0,42.6,0.9,13.0,79.0,2.0,50.00041218996048,795.7468749999999,0.025000018662,262864.0,276.185,60.0032799911499,711.75
10,12,8,2018,41.0,40.63333333333333,58.0,43.0,1.0,16.0,74.0,2.0,50.00041218996048,795.7468749999999,0.025000018662,262864.0,276.185,60.0032799911499,711.75
11,12,8,2018,87.0,40.73333333333333,115.0,44.0,1.5,22.0,46.0,2.0,50.00041218996048,795.7468749999999,0.025000018662,262864.0,276.185,60.0032799911499,711.75
12,12,8,2018,58.0,40.63333333333333,79.0,45.0,1.2,13.0,101.0,2.0,50.00041218996048,792.625,0.0250000184439998,263180.0,276.1388000488281,60.00146799468994,685.125
13,12,8,2018,45.0,41.766666666666666,63.0,46.0,1.0,10.0,124.0,2.0,50.00041218996048,792.625,0.0250000184439998,263180.0,276.1388000488281,60.00146799468994,685.125
14,12,8,2018,31.0,42.53333333333333,44.0,47.0,0.8,7.0,132.0,2.0,50.00041218996048,792.625,0.0250000184439998,263180.0,276.1388000488281,60.00146799468994,685.125
15,12,8,2018,37.0,43.36666666666667,53.0,48.0,0.9,8.0,136.0,2.0,50.0,791.125,0.025000018662,263252.0,276.12759979248045,60.00175199127197,685.0
16,12,8,2018,34.0,44.06666666666667,49.0,49.0,0.9,8.0,138.0,2.0,50.0,791.125,0.025000018662,263252.0,276.12759979248045,60.00175199127197,685.0
17,12,8,2018,49.0,44.53333333333333,68.0,50.0,1.1,24.0,109.0,2.0,50.0,791.125,0.025000018662,263252.0,276.12759979248045,60.00175199127197,685.0
18,12,8,2018,76.0,46.36666666666667,101.0,81.0,1.5,39.0,91.0,2.0,50.0,790.5,0.0250000185260009,263448.0,276.12350006103514,60.00185999298096,685.0
19,12,8,2018,77.0,48.13333333333333,103.0,84.0,1.7,44.0,83.0,2.0,50.0,790.5,0.0250000185260009,263448.0,276.12350006103514,60.00185999298096,685.0
20,12,8,2018,74.0,49.63333333333333,99.0,77.0,1.6,49.0,58.0,2.0,50.0,790.5,0.0250000185260009,263448.0,276.12350006103514,60.00185999298096,685.0
21,12,8,2018,68.0,50.9,91.0,70.85714285714286,1.4,33.0,67.0,2.0,50.0,790.0625,0.0250000181640014,263484.0,276.1214999389648,60.00208799743653,685.25
22,12,8,2018,77.0,51.93333333333333,103.0,64.71428571428571,1.5,46.0,40.0,2.0,50.0,790.0625,0.0250000181640014,263484.0,276.1214999389648,60.00208799743653,685.25
23,12,8,2018,58.0,52.333333333333336,79.0,58.57142857142857,1.0,25.0,68.0,2.0,50.0,790.0625,0.0250000181640014,263484.0,276.1214999389648,60.00208799743653,685.25
0,13,8,2018,28.0,51.86666666666667,40.0,52.42857142857143,0.8,20.0,81.0,2.0,50.0,791.125,0.025000018662,263648.0,276.1292999267577,60.00311199188232,724.375
1,13,8,2018,24.0,50.9,34.0,46.28571428571429,0.8,19.0,74.0,2.0,50.0,791.125,0.025000018662,263648.0,276.1292999267577,60.00311199188232,724.375
2,13,8,2018,26.0,49.6,37.0,40.14285714285714,0.8,13.0,92.0,2.0,50.0,791.125,0.025000018662,263648.0,276.1292999267577,60.00311199188232,724.375
3,13,8,2018,34.0,48.8,49.0,34.0,0.8,21.0,73.0,2.0,50.00041218996048,795.7468749999999,0.025000018662,263448.0,276.1663000488281,60.00410799407959,772.5625
4,13,8,2018,36.0,48.4,51.0,35.93333333333333,0.8,22.0,65.0,2.0,50.00041218996048,795.7468749999999,0.025000018662,263448.0,276.1663000488281,60.00410799407959,772.5625
5,13,8,2018,30.0,47.833333333333336,43.0,37.86666666666667,0.8,20.0,64.0,2.0,50.00041218996048,795.7468749999999,0.025000018662,263448.0,276.1663000488281,60.00410799407959,772.5625
6,13,8,2018,41.0,48.0,58.0,39.8,0.8,25.0,50.0,2.0,50.0,795.7468749999999,0.025000018662,263448.0,276.18009979248046,60.00381999206543,757.5
7,13,8,2018,48.0,47.63333333333333,66.0,41.73333333333333,0.8,39.0,42.0,2.0,50.0,795.7468749999999,0.025000018662,263448.0,276.18009979248046,60.00381999206543,757.5
8,13,8,2018,54.0,47.13333333333333,74.0,43.66666666666666,0.9,38.0,45.0,2.0,50.0,795.7468749999999,0.025000018662,263448.0,276.18009979248046,60.00381999206543,757.5
9,13,8,2018,55.0,47.266666666666666,75.0,45.6,0.9,33.0,46.0,2.0,50.0,795.7468749999999,0.025000018662,263316.0,276.18470001220703,60.0027559967041,728.0625
10,13,8,2018,55.0,48.23333333333333,75.0,47.53333333333333,1.0,34.0,44.0,2.0,50.0,795.7468749999999,0.025000018662,263316.0,276.18470001220703,60.0027559967041,728.0625
11,13,8,2018,56.0,49.1,76.0,49.46666666666667,1.0,33.0,40.0,2.0,50.0,795.7468749999999,0.025000018662,263316.0,276.18470001220703,60.0027559967041,728.0625
12,13,8,2018,48.0,49.4,66.0,51.4,1.0,20.0,63.0,2.0,50.0,795.7468749999999,0.025000018662,263668.0,276.1691998291016,60.00372799682617,685.125
13,13,8,2018,59.0,49.4,80.0,53.33333333333333,1.1,25.0,81.0,2.0,50.0,795.7468749999999,0.025000018662,263668.0,276.1691998291016,60.00372799682617,685.125
14,13,8,2018,58.0,50.16666666666666,79.0,55.26666666666666,1.1,19.0,127.0,2.0,50.0,795.7468749999999,0.025000018662,263668.0,276.1691998291016,60.00372799682617,685.125
15,13,8,2018,50.0,50.46666666666667,69.0,57.2,1.05,15.0,141.5,2.0,50.0,794.9375,0.0250000179539993,263652.0,276.1557000732421,60.0043039932251,685.0
16,13,8,2018,42.0,50.5,59.0,59.13333333333333,1.0,11.0,156.0,2.0,50.0,794.9375,0.0250000179539993,263652.0,276.1557000732421,60.0043039932251,685.0
17,13,8,2018,47.0,49.16666666666666,68.0,61.06666666666666,1.1,14.0,174.0,2.0,50.0,794.9375,0.0250000179539993,263652.0,276.1557000732421,60.0043039932251,685.0
18,13,8,2018,61.0,49.266666666666666,83.0,63.0,1.2,22.0,181.0,2.0,50.0,792.6875,0.0250000167400017,263652.0,276.14320007324216,60.00259999084473,685.0
19,13,8,2018,78.0,50.36666666666667,104.0,90.0,1.4,29.0,163.0,2.0,50.0,792.6875,0.0250000167400017,263652.0,276.14320007324216,60.00259999084473,685.0
20,13,8,2018,72.0,51.73333333333333,96.0,97.0,1.4,37.0,113.0,2.0,50.0,792.6875,0.0250000167400017,263652.0,276.14320007324216,60.00259999084473,685.0
21,13,8,2018,71.0,52.86666666666667,95.0,72.0,1.5,44.0,83.0,2.0,50.00041218996048,792.625,0.0250000175780002,263648.0,276.14019989013667,60.00293599700928,685.25
22,13,8,2018,73.0,54.16666666666666,98.0,63.8,1.3,49.0,55.0,2.0,50.00041218996048,792.625,0.0250000175780002,263648.0,276.14019989013667,60.00293599700928,685.25
23,13,8,2018,34.0,53.66666666666666,49.0,55.6,1.0,17.0,109.0,2.0,50.00041218996048,792.625,0.0250000175780002,263648.0,276.14019989013667,60.00293599700928,685.25
0,14,8,2018,27.0,52.03333333333333,39.0,47.40000000000001,0.9,14.0,108.0,2.0,50.00041218996048,793.8125,0.025000018662,263728.0,276.1413000488281,60.00493599700928,721.3125
2,14,8,2018,25.0,50.3,36.0,39.2,0.9,27.0,63.0,17.0,50.00041218996048,793.8125,0.025000018662,263728.0,276.1413000488281,60.00493599700928,721.3125
3,14,8,2018,26.0,48.7,37.0,31.0,0.9,32.0,51.0,2.0,50.00041218996048,795.7468749999999,0.025000018662,263636.0,276.1625997924804,60.00449999237061,755.625
4,14,8,2018,23.0,47.2,33.0,30.33333333333333,0.9,40.0,47.0,2.0,50.00041218996048,795.7468749999999,0.025000018662,263636.0,276.1625997924804,60.00449999237061,755.625
5,14,8,2018,24.0,45.43333333333333,34.0,29.66666666666667,0.8,22.0,43.0,2.0,50.00041218996048,795.7468749999999,0.025000018662,263636.0,276.1625997924804,60.00449999237061,755.625
6,14,8,2018,20.0,44.16666666666666,29.0,29.0,0.8,28.0,27.0,2.0,50.00041218996048,795.7468749999999,0.0250000163570009,263440.0,276.1755999755859,60.00840799713135,731.375
7,14,8,2018,25.0,44.06666666666667,36.0,29.0,0.8,26.0,33.0,2.0,50.00041218996048,795.7468749999999,0.0250000163570009,263440.0,276.1755999755859,60.00840799713135,731.375
8,14,8,2018,38.0,44.53333333333333,54.0,44.0,0.9,33.0,37.0,2.0,50.00041218996048,795.7468749999999,0.0250000163570009,263440.0,276.1755999755859,60.00840799713135,731.375
9,14,8,2018,36.0,44.86666666666667,51.0,49.0,1.0,33.0,45.0,2.0,50.00041218996048,795.7468749999999,0.0250000166260004,263428.0,276.1610998535156,60.00860399627685,705.0
10,14,8,2018,40.0,45.06666666666667,56.0,45.0,0.9,29.0,52.0,2.0,50.00041218996048,795.7468749999999,0.0250000166260004,263428.0,276.1610998535156,60.00860399627685,705.0
11,14,8,2018,32.0,44.93333333333333,50.0,50.0,0.9,33.0,46.0,2.0,50.00041218996048,795.7468749999999,0.0250000166260004,263428.0,276.1610998535156,60.00860399627685,705.0
12,14,8,2018,35.0,45.1,50.0,50.0,0.9,25.0,76.0,2.0,50.00041218996048,794.4375,0.025000017101001,263600.0,276.142200012207,60.00492399597168,685.125
13,14,8,2018,35.0,44.9,50.0,50.0,0.8,14.0,104.0,2.0,50.00041218996048,794.4375,0.025000017101001,263600.0,276.142200012207,60.00492399597168,685.125
14,14,8,2018,38.0,44.56666666666667,54.0,50.0,0.8,12.0,100.0,2.0,50.00041218996048,794.4375,0.025000017101001,263600.0,276.142200012207,60.00492399597168,685.125
15,14,8,2018,14.0,43.23333333333333,23.0,31.5,0.5,7.0,75.0,2.0,50.00041218996048,794.5625,0.0250000182170011,263800.0,276.14070007324216,60.00267599487304,685.0
16,14,8,2018,8.0,41.66666666666666,21.0,13.0,0.5,8.0,67.0,2.0,50.00041218996048,794.5625,0.0250000182170011,263800.0,276.14070007324216,60.00267599487304,685.0
17,14,8,2018,15.0,40.333333333333336,21.0,16.0,0.6,9.0,51.0,2.0,50.00041218996048,794.5625,0.0250000182170011,263800.0,276.14070007324216,60.00267599487304,685.0
18,14,8,2018,5.0,38.63333333333333,15.0,15.0,0.6,8.0,49.0,2.0,50.0,793.3125,0.0250000177640002,263916.0,276.1328997802734,60.00416399383545,685.0
19,14,8,2018,9.0,37.333333333333336,14.0,14.0,0.7,12.0,45.0,2.0,50.0,793.3125,0.0250000177640002,263916.0,276.1328997802734,60.00416399383545,685.0
20,14,8,2018,10.0,35.7,19.5,19.5,0.75,23.5,30.0,2.0,50.0,793.3125,0.0250000177640002,263916.0,276.1328997802734,60.00416399383545,685.0
22,14,8,2018,11.0,34.13333333333333,25.0,25.0,0.8,35.0,15.0,2.0,50.0,793.3125,0.0250000177640002,263916.0,276.1328997802734,60.00416399383545,685.0
23,14,8,2018,11.0,32.833333333333336,31.0,31.0,0.9,52.0,5.0,2.0,50.0,793.3125,0.0250000177640002,263916.0,276.1328997802734,60.00416399383545,685.0
1,15,8,2018,13.0,31.866666666666667,38.0,38.0,0.9,50.0,2.0,2.0,50.0,793.3125,0.0250000177640002,263916.0,276.1328997802734,60.00416399383545,685.0
2,15,8,2018,23.0,31.066666666666663,40.0,40.0,0.8,42.0,2.0,2.0,50.0,793.3125,0.0250000177640002,263916.0,276.1328997802734,60.00416399383545,685.0
3,15,8,2018,16.0,29.566666666666663,39.0,39.0,0.8,36.0,2.0,2.0,50.00011250495911,795.0,0.0250000146250007,264296.0,276.1894000244141,60.00674799346924,814.4375
5,15,8,2018,20.0,27.633333333333333,37.0,37.0,0.8,37.0,2.0,2.0,50.00011250495911,795.0,0.0250000146250007,264296.0,276.1894000244141,60.00674799346924,814.4375
6,15,8,2018,10.0,25.566666666666663,27.0,27.0,0.7,36.0,3.0,2.0,50.00010624885559,795.7468749999999,0.0250000141810001,264292.0,276.1931750640869,60.00869599151611,791.5625
7,15,8,2018,13.0,23.633333333333333,37.0,37.0,0.7,36.0,12.0,2.0,50.00010624885559,795.7468749999999,0.0250000141810001,264292.0,276.1931750640869,60.00869599151611,791.5625
8,15,8,2018,19.0,21.83333333333333,44.0,44.0,0.7,28.0,33.0,2.0,50.00010624885559,795.7468749999999,0.0250000141810001,264292.0,276.1931750640869,60.00869599151611,791.5625
9,15,8,2018,14.0,21.166666666666668,29.0,29.0,0.6,15.0,59.0,2.0,50.000056257247934,795.7468749999999,0.0250000158820003,264404.0,276.1931750640869,60.0030719909668,731.1875
10,15,8,2018,10.0,20.6,27.0,27.0,0.5,8.0,80.0,2.0,50.000056257247934,795.7468749999999,0.0250000158820003,264404.0,276.1931750640869,60.0030719909668,731.1875
11,15,8,2018,13.0,20.2,28.0,25.0,0.5,8.0,90.0,2.0,50.000056257247934,795.7468749999999,0.0250000158820003,264404.0,276.1931750640869,60.0030719909668,731.1875
12,15,8,2018,12.0,19.73333333333333,30.0,26.0,0.4,9.0,95.0,2.0,50.000056257247934,792.9375,0.0250000157219991,264728.0,276.1663998413086,60.0035719909668,685.125
13,15,8,2018,13.0,19.4,31.0,29.0,0.4,8.0,99.0,2.0,50.000056257247934,792.9375,0.0250000157219991,264728.0,276.1663998413086,60.0035719909668,685.125
15,15,8,2018,13.0,19.03333333333333,35.0,28.0,0.4,11.0,112.0,2.0,50.00007500648498,790.75,0.0250000149500006,264732.0,276.154100036621,60.00174799346924,685.0
16,15,8,2018,13.5,18.816666666666663,40.0,27.0,0.4,8.0,129.0,2.0,50.00007500648498,790.75,0.0250000149500006,264732.0,276.154100036621,60.00174799346924,685.0
17,15,8,2018,14.0,18.45,37.0,26.0,0.3,13.0,118.0,2.0,50.00007500648498,790.75,0.0250000149500006,264732.0,276.154100036621,60.00174799346924,685.0
18,15,8,2018,20.0,17.85,34.0,25.0,0.4,20.0,108.0,2.0,50.0,789.9375,0.0250000133990002,265116.0,276.154700012207,60.004903991699216,685.0
19,15,8,2018,20.0,17.316666666666666,32.0,24.0,0.4,19.0,103.0,2.0,50.0,789.9375,0.0250000133990002,265116.0,276.154700012207,60.004903991699216,685.0
20,15,8,2018,23.0,16.75,33.0,23.0,0.5,27.0,88.0,2.0,50.0,789.9375,0.0250000133990002,265116.0,276.154700012207,60.004903991699216,685.0
21,15,8,2018,22.0,16.416666666666668,31.0,22.0,0.7,33.0,67.0,2.0,50.0,787.8125,0.0250000130890002,265160.0,276.14059997558587,60.00560399627685,685.25
22,15,8,2018,16.0,15.783333333333331,23.0,21.0,0.7,32.0,53.0,2.0,50.0,787.8125,0.0250000130890002,265160.0,276.14059997558587,60.00560399627685,685.25
23,15,8,2018,18.0,15.216666666666669,26.0,20.0,0.7,28.0,47.0,2.0,50.0,787.8125,0.0250000130890002,265160.0,276.14059997558587,60.00560399627685,685.25
0,16,8,2018,21.0,14.65,30.0,19.0,0.7,38.0,32.0,2.0,50.0,787.5625,0.025000013584,265368.0,276.1438000488281,60.00441999816896,751.125
1,16,8,2018,25.0,15.016666666666667,36.0,18.0,0.8,50.0,11.0,2.0,50.0,787.5625,0.025000013584,265368.0,276.1438000488281,60.00441999816896,751.125
2,16,8,2018,20.0,15.416666666666666,29.0,17.0,0.7,39.0,22.0,2.0,50.0,787.5625,0.025000013584,265368.0,276.1438000488281,60.00441999816896,751.125
3,16,8,2018,10.0,15.25,18.0,16.0,0.6,35.0,29.0,2.0,50.0,792.875,0.0250000123470006,265384.0,276.17459991455075,60.00391199493408,799.0625
4,16,8,2018,19.0,15.716666666666669,27.0,15.0,0.5,36.0,30.5,2.0,50.0,792.875,0.0250000123470006,265384.0,276.17459991455075,60.00391199493408,799.0625
5,16,8,2018,12.0,15.816666666666666,17.0,14.0,0.5,29.0,32.0,2.0,50.0,792.875,0.0250000123470006,265384.0,276.17459991455075,60.00391199493408,799.0625
6,16,8,2018,9.0,15.783333333333331,16.0,13.0,0.5,32.0,37.0,2.0,50.0,788.6875,0.0250000121720004,265204.0,276.1931750640869,60.00381999206543,856.6124999999997
7,16,8,2018,12.0,15.816666666666666,17.0,12.0,0.4,27.0,47.0,2.0,50.0,788.6875,0.0250000121720004,265204.0,276.1931750640869,60.00381999206543,856.6124999999997
8,16,8,2018,7.0,15.683333333333334,16.0,11.0,0.5,26.0,50.0,2.0,50.0,788.6875,0.0250000121720004,265204.0,276.1931750640869,60.00381999206543,856.6124999999997
9,16,8,2018,20.0,15.916666666666666,29.0,10.0,0.5,16.0,65.0,2.0,50.0,790.1875,0.0250000126140005,264980.0,276.1926998901367,60.00327599334717,756.6875
10,16,8,2018,13.0,15.583333333333334,24.0,9.0,0.5,14.0,78.0,2.0,50.0,790.1875,0.0250000126140005,264980.0,276.1926998901367,60.00327599334717,756.6875
11,16,8,2018,7.0,15.283333333333331,28.0,8.0,0.6,14.0,88.0,2.0,50.0,790.1875,0.0250000126140005,264980.0,276.1926998901367,60.00327599334717,756.6875
12,16,8,2018,18.0,15.216666666666669,36.0,7.0,0.5,12.0,116.0,2.0,50.0,790.0,0.0250000153370006,265148.0,276.1608999633789,60.00123999786377,685.125
13,16,8,2018,15.0,15.383333333333333,42.0,6.0,0.5,11.0,133.0,2.0,50.0,790.0,0.0250000153370006,265148.0,276.1608999633789,60.00123999786377,685.125
14,16,8,2018,12.0,15.35,48.0,14.333333333333336,0.4,11.0,154.0,4.0,50.0,790.0,0.0250000153370006,265148.0,276.1608999633789,60.00123999786377,685.125
15,16,8,2018,25.0,15.55,51.0,22.66666666666667,0.4,11.0,161.0,4.0,50.0,788.6875,0.025000017306,265224.0,276.1417999267578,60.00240399169922,685.0
16,16,8,2018,16.0,15.616666666666667,60.0,31.0,0.4,14.0,168.0,4.0,50.0,788.6875,0.025000017306,265224.0,276.1417999267578,60.00240399169922,685.0
17,16,8,2018,24.0,16.083333333333332,60.0,39.333333333333336,0.3,18.0,168.0,4.0,50.0,788.6875,0.025000017306,265224.0,276.1417999267578,60.00240399169922,685.0
18,16,8,2018,13.0,16.083333333333332,50.0,47.66666666666667,0.3,19.0,159.0,4.0,50.00015000343323,785.375,0.0250000168200004,265036.0,276.11919982910155,60.00355199432373,685.0
21,16,8,2018,15.0,16.183333333333334,53.0,56.0,0.6,49.0,90.0,3.0,50.0,783.3125,0.0250000147830005,265048.0,276.11350006103515,60.00385199737549,685.25
22,16,8,2018,24.0,16.55,41.0,41.0,0.6,49.0,82.0,3.0,50.0,783.3125,0.0250000147830005,265048.0,276.11350006103515,60.00385199737549,685.25
23,16,8,2018,19.0,16.75,30.0,30.0,0.6,46.0,77.0,4.0,50.0,783.3125,0.0250000147830005,265048.0,276.11350006103515,60.00385199737549,685.25
0,17,8,2018,29.0,17.266666666666666,41.0,41.0,0.6,47.0,46.0,3.0,50.0,782.25,0.0250000147320004,265240.0,276.135599975586,60.00334399414061,780.5625
1,17,8,2018,16.0,17.333333333333332,23.0,16.0,0.6,45.0,44.0,3.0,50.0,782.25,0.0250000147320004,265240.0,276.135599975586,60.00334399414061,780.5625
2,17,8,2018,14.0,17.133333333333333,20.0,14.0,0.5,39.0,47.0,3.0,50.0,782.25,0.0250000147320004,265240.0,276.135599975586,60.00334399414061,780.5625
3,17,8,2018,12.0,16.866666666666667,25.0,16.0,0.6,49.0,34.0,3.0,50.0,787.8125,0.0250000148320002,264904.0,276.1638998413086,60.0055359954834,856.6124999999997
4,17,8,2018,18.0,16.7,27.0,24.0,0.5,53.0,26.0,3.0,50.0,787.8125,0.0250000148320002,264904.0,276.1638998413086,60.0055359954834,856.6124999999997
5,17,8,2018,23.0,16.733333333333334,48.0,48.0,0.6,70.0,8.0,3.0,50.0,787.8125,0.0250000148320002,264904.0,276.1638998413086,60.0055359954834,856.6124999999997
6,17,8,2018,15.0,16.7,31.0,31.0,0.6,53.0,21.0,4.0,50.0,789.6875,0.0250000152950007,264540.0,276.1816000366211,60.0020119934082,856.6124999999997
7,17,8,2018,18.0,16.7,40.0,40.0,0.6,56.0,15.0,4.0,50.0,789.6875,0.0250000152950007,264540.0,276.1816000366211,60.0020119934082,856.6124999999997
8,17,8,2018,24.0,16.8,39.0,39.0,0.7,46.0,29.0,4.0,50.0,789.6875,0.0250000152950007,264540.0,276.1816000366211,60.0020119934082,856.6124999999997
9,17,8,2018,27.0,16.866666666666667,50.0,50.0,0.8,34.0,74.0,6.0,50.0,791.9375,0.0250000153980003,264256.0,276.1931750640869,60.00385599517822,759.4375
10,17,8,2018,29.0,17.166666666666668,41.0,39.0,0.7,19.0,118.0,6.0,50.0,791.9375,0.0250000153980003,264256.0,276.1931750640869,60.00385599517822,759.4375
11,17,8,2018,51.0,18.53333333333333,70.0,56.0,0.7,17.0,152.0,7.0,50.0,791.9375,0.0250000153980003,264256.0,276.1931750640869,60.00385599517822,759.4375
12,17,8,2018,46.0,19.433333333333334,64.0,52.0,0.6,13.0,169.0,7.0,50.0,788.375,0.0250000166629999,264508.0,276.1605999755859,60.00383199310303,685.125
13,17,8,2018,33.0,20.133333333333333,80.0,48.0,0.6,12.0,181.0,6.0,50.0,788.375,0.0250000166629999,264508.0,276.1605999755859,60.00383199310303,685.125
14,17,8,2018,35.0,21.0,96.0,55.0,0.6,11.0,181.0,5.0,50.0,788.375,0.0250000166629999,264508.0,276.1605999755859,60.00383199310303,685.125
15,17,8,2018,38.0,21.866666666666667,102.0,41.0,0.7,11.0,181.0,5.0,50.0,786.3125,0.0250000161910001,264532.0,276.1480999755859,60.00204399108887,685.0
16,17,8,2018,44.0,23.1,106.0,65.0,0.7,13.0,181.0,5.0,50.0,786.3125,0.0250000161910001,264532.0,276.1480999755859,60.00204399108887,685.0
17,17,8,2018,29.0,23.4,106.0,60.0,0.6,15.0,181.0,5.0,50.0,786.3125,0.0250000161910001,264532.0,276.1480999755859,60.00204399108887,685.0
18,17,8,2018,36.0,24.166666666666668,102.0,56.0,0.6,14.0,181.0,4.0,50.00004375457764,783.0625,0.0250000157020017,264460.0,276.1257000732422,60.00149199676514,685.0
19,17,8,2018,34.0,25.066666666666663,78.0,47.0,0.6,13.0,181.0,4.0,50.00004375457764,783.0625,0.0250000157020017,264460.0,276.1257000732422,60.00149199676514,685.0
20,17,8,2018,19.0,25.1,54.0,58.0,0.6,18.0,163.0,4.0,50.00004375457764,783.0625,0.0250000157020017,264460.0,276.1257000732422,60.00149199676514,685.0
21,17,8,2018,41.0,25.966666666666665,63.0,75.0,0.8,27.0,136.0,3.0,50.0,782.25,0.0250000160869993,264640.0,276.11709991455075,60.00767599487305,685.25
22,17,8,2018,38.0,26.83333333333333,57.0,64.0,0.9,23.0,129.0,5.0,50.0,782.25,0.0250000160869993,264640.0,276.11709991455075,60.00767599487305,685.25
23,17,8,2018,39.0,27.3,55.0,60.0,0.9,25.0,115.0,5.0,50.0,782.25,0.0250000160869993,264640.0,276.11709991455075,60.00767599487305,685.25
0,18,8,2018,39.0,28.066666666666663,60.0,70.0,1.0,28.0,98.0,4.0,50.0,784.5625,0.0250000131300008,264836.0,276.1214999389648,60.00662799835205,748.5625
1,18,8,2018,36.0,28.466666666666665,59.0,67.0,1.0,29.0,86.0,3.0,50.0,784.5625,0.0250000131300008,264836.0,276.1214999389648,60.00662799835205,748.5625
2,18,8,2018,59.0,30.0,80.0,61.0,1.2,26.0,83.0,3.0,50.0,784.5625,0.0250000131300008,264836.0,276.1214999389648,60.00662799835205,748.5625
3,18,8,2018,58.0,31.433333333333334,79.0,52.66666666666666,1.3,23.0,96.0,3.0,50.0,786.6875,0.0250000133140003,264680.0,276.129400024414,60.00582799530029,803.125
4,18,8,2018,46.0,32.166666666666664,64.0,44.33333333333333,1.3,23.0,92.5,4.0,50.0,786.6875,0.0250000133140003,264680.0,276.129400024414,60.00582799530029,803.125
5,18,8,2018,15.0,32.03333333333333,36.0,36.0,0.6,13.0,89.0,2.0,50.0,786.6875,0.0250000133140003,264680.0,276.129400024414,60.00582799530029,803.125
6,18,8,2018,4.0,31.2,27.0,30.0,0.4,11.0,86.0,2.0,50.0,788.25,0.025000013282,264496.0,276.1432998657225,60.00669599151611,803.0
7,18,8,2018,7.0,30.9,23.0,24.0,0.5,16.0,73.0,2.0,50.0,788.25,0.025000013282,264496.0,276.1432998657225,60.00669599151611,803.0
8,18,8,2018,5.0,30.6,23.0,18.0,0.5,15.0,72.0,2.0,50.0,788.25,0.025000013282,264496.0,276.1432998657225,60.00669599151611,803.0
9,18,8,2018,10.0,30.53333333333333,23.0,12.0,0.5,13.0,75.0,2.0,50.0,792.0625,0.0250000132800005,264196.0,276.1589999389648,60.00408799743652,727.5625
10,18,8,2018,3.0,30.03333333333333,20.0,6.0,0.5,19.0,64.0,2.0,50.0,792.0625,0.0250000132800005,264196.0,276.1589999389648,60.00408799743652,727.5625
11,18,8,2018,12.0,29.666666666666668,19.0,6.2,0.6,22.0,62.0,2.0,50.0,792.0625,0.0250000132800005,264196.0,276.1589999389648,60.00408799743652,727.5625
12,18,8,2018,9.0,29.466666666666665,20.0,6.4,0.5,18.0,64.0,2.0,50.00004375457764,788.375,0.0250000130700003,264272.0,276.1428997802734,60.0039999923706,685.125
13,18,8,2018,3.0,28.966666666666665,25.0,6.6,0.4,11.0,81.0,2.0,50.00004375457764,788.375,0.0250000130700003,264272.0,276.1428997802734,60.0039999923706,685.125
14,18,8,2018,3.0,28.266666666666666,27.0,6.8,0.4,10.0,87.0,2.0,50.00004375457764,788.375,0.0250000130700003,264272.0,276.1428997802734,60.0039999923706,685.125
15,18,8,2018,3.0,27.466666666666665,27.0,7.0,0.5,15.0,85.0,2.0,50.00004375457764,786.6875,0.0250000127500006,264360.0,276.1317999267577,60.00272399139404,685.0
16,18,8,2018,3.0,26.6,30.0,9.0,0.5,14.0,95.0,2.0,50.00004375457764,786.6875,0.0250000127500006,264360.0,276.1317999267577,60.00272399139404,685.0
17,18,8,2018,8.0,25.166666666666668,34.0,13.0,0.6,13.0,109.0,2.0,50.00004375457764,786.6875,0.0250000127500006,264360.0,276.1317999267577,60.00272399139404,685.0
18,18,8,2018,18.0,24.23333333333333,34.0,23.0,0.7,21.0,110.0,2.0,50.0,785.9375,0.0250000131120001,264296.0,276.1244998168945,60.003707992553714,685.0
19,18,8,2018,15.0,23.633333333333333,29.0,18.0,0.7,29.0,92.0,2.0,50.0,785.9375,0.0250000131120001,264296.0,276.1244998168945,60.003707992553714,685.0
20,18,8,2018,21.0,23.166666666666668,30.0,24.5,0.6,31.0,89.0,2.0,50.0,785.9375,0.0250000131120001,264296.0,276.1244998168945,60.003707992553714,685.0
21,18,8,2018,31.0,22.933333333333334,44.0,31.0,0.8,43.0,64.0,2.0,50.000056257247934,785.8125,0.0250000150060001,264244.0,276.1157000732422,60.00354399108887,685.1875
22,18,8,2018,20.0,22.133333333333333,40.0,40.0,0.6,48.0,35.0,2.0,50.000056257247934,785.8125,0.0250000150060001,264244.0,276.1157000732422,60.00354399108887,685.1875
23,18,8,2018,9.0,21.466666666666665,35.0,35.0,0.5,43.0,26.0,2.0,50.000056257247934,785.8125,0.0250000150060001,264244.0,276.1157000732422,60.00354399108887,685.1875
0,19,8,2018,7.0,20.5,31.0,31.0,0.6,39.0,27.0,2.0,50.00003749847412,788.8125,0.0250000136740002,264352.0,276.1301998901367,60.00383599090576,731.9375
1,19,8,2018,13.0,19.8,23.0,22.0,0.6,46.0,21.0,2.0,50.00003749847412,788.8125,0.0250000136740002,264352.0,276.1301998901367,60.00383599090576,731.9375
3,19,8,2018,12.0,19.566666666666663,33.0,33.0,0.6,54.0,9.0,2.0,50.0,794.75,0.0250000150920003,264080.0,276.1567999267578,60.004667991638186,761.875
4,19,8,2018,12.0,18.6,28.0,28.0,0.6,45.0,12.0,2.0,50.0,794.75,0.0250000150920003,264080.0,276.1567999267578,60.004667991638186,761.875
5,19,8,2018,9.0,17.633333333333333,20.0,20.0,0.5,40.0,14.0,2.0,50.0,794.75,0.0250000150920003,264080.0,276.1567999267578,60.004667991638186,761.875
6,19,8,2018,14.0,16.8,21.0,21.0,0.5,39.0,14.0,2.0,50.0,795.7468749999999,0.0250000160269998,263968.0,276.1544998168945,60.00650399780272,743.125
7,19,8,2018,10.0,15.833333333333334,25.0,25.0,0.6,37.0,16.0,2.0,50.0,795.7468749999999,0.0250000160269998,263968.0,276.1544998168945,60.00650399780272,743.125
8,19,8,2018,8.0,14.9,32.0,32.0,0.6,34.0,20.0,2.0,50.0,795.7468749999999,0.0250000160269998,263968.0,276.1544998168945,60.00650399780272,743.125
9,19,8,2018,16.0,13.466666666666669,33.0,33.0,0.8,31.0,29.0,2.0,50.00041218996048,794.75,0.025000016206,263868.0,276.1375,60.00483999633789,702.5625
10,19,8,2018,20.0,12.2,37.0,37.0,0.8,29.0,40.0,2.0,50.00041218996048,794.75,0.025000016206,263868.0,276.1375,60.00483999633789,702.5625
11,19,8,2018,23.0,11.433333333333334,37.0,37.0,0.9,32.0,43.0,2.0,50.00041218996048,794.75,0.025000016206,263868.0,276.1375,60.00483999633789,702.5625
12,19,8,2018,20.0,11.6,35.0,35.0,1.0,38.0,36.0,2.0,50.00008125305176,791.25,0.0250000174059998,263888.0,276.1235998535156,60.0050119934082,685.0625
13,19,8,2018,36.0,12.666666666666666,51.0,39.0,1.0,36.0,48.0,2.0,50.00008125305176,791.25,0.0250000174059998,263888.0,276.1235998535156,60.0050119934082,685.0625
14,19,8,2018,37.0,13.666666666666666,53.0,44.0,1.1,37.0,51.0,2.0,50.00008125305176,791.25,0.0250000174059998,263888.0,276.1235998535156,60.0050119934082,685.0625
15,19,8,2018,40.0,14.833333333333334,56.0,44.5,1.1,37.0,58.0,2.0,50.0,789.875,0.0250000162460003,263912.0,276.11619995117184,60.00385599517822,685.0
16,19,8,2018,42.0,15.9,59.0,45.0,1.2,33.0,76.0,2.0,50.0,789.875,0.0250000162460003,263912.0,276.11619995117184,60.00385599517822,685.0
17,19,8,2018,21.0,16.5,38.0,38.0,0.9,20.0,70.0,2.0,50.0,789.875,0.0250000162460003,263912.0,276.11619995117184,60.00385599517822,685.0
18,19,8,2018,11.0,16.466666666666665,20.0,20.0,0.7,16.0,49.0,2.0,50.0,789.25,0.0250000160109996,263696.0,276.11209991455075,60.00513999176025,685.0
19,19,8,2018,9.0,16.466666666666665,17.0,12.0,0.8,33.0,29.0,2.0,50.0,789.25,0.0250000160109996,263696.0,276.11209991455075,60.00513999176025,685.0
20,19,8,2018,13.0,16.8,23.0,23.0,0.7,38.0,21.0,2.0,50.0,789.25,0.0250000160109996,263696.0,276.11209991455075,60.00513999176025,685.0
21,19,8,2018,19.0,17.333333333333332,29.0,29.0,0.7,33.0,24.0,2.0,50.00010624885559,787.75,0.0250000152529999,263332.0,276.1028997802734,60.00147199249268,685.1875
22,19,8,2018,13.0,17.666666666666668,19.0,29.5,0.6,18.0,38.0,2.0,50.00010624885559,787.75,0.0250000152529999,263332.0,276.1028997802734,60.00147199249268,685.1875
23,19,8,2018,13.0,18.0,19.0,30.0,0.7,23.0,27.0,2.0,50.00010624885559,787.75,0.0250000152529999,263332.0,276.1028997802734,60.00147199249268,685.1875
0,20,8,2018,17.0,18.3,24.0,30.5,0.7,26.0,23.0,2.0,50.00011250495911,783.0,0.0250000153160002,263264.0,276.13239990234365,60.00274799346924,773.6875
1,20,8,2018,19.0,18.33333333333333,27.0,31.0,0.8,17.0,32.0,2.0,50.00011250495911,783.0,0.0250000153160002,263264.0,276.13239990234365,60.00274799346924,773.6875
2,20,8,2018,24.0,18.633333333333333,34.0,31.5,0.9,28.0,15.0,2.0,50.00011250495911,783.0,0.0250000153160002,263264.0,276.13239990234365,60.00274799346924,773.6875
3,20,8,2018,20.0,18.6,29.0,32.0,0.8,37.0,3.0,2.0,50.00004375457764,788.625,0.0250000156340003,262960.0,276.1720999145508,60.00442399597168,856.6124999999997
4,20,8,2018,24.0,18.366666666666667,34.0,32.5,0.8,36.0,3.0,2.0,50.00004375457764,788.625,0.0250000156340003,262960.0,276.1720999145508,60.00442399597168,856.6124999999997
5,20,8,2018,25.0,18.53333333333333,36.0,33.0,0.9,40.0,3.0,2.0,50.00004375457764,788.625,0.0250000156340003,262960.0,276.1720999145508,60.00442399597168,856.6124999999997
6,20,8,2018,27.0,19.133333333333333,39.0,33.5,0.9,39.0,2.0,2.0,50.0,792.25,0.025000016621001,262552.0,276.1922998046875,60.00610799407959,856.6124999999997
7,20,8,2018,29.0,19.866666666666667,41.0,34.0,1.0,36.0,6.0,2.0,50.0,792.25,0.025000016621001,262552.0,276.1922998046875,60.00610799407959,856.6124999999997
8,20,8,2018,33.0,20.53333333333333,47.0,33.125,1.0,29.0,18.0,2.0,50.0,792.25,0.025000016621001,262552.0,276.1922998046875,60.00610799407959,856.6124999999997
9,20,8,2018,20.0,20.8,29.0,32.25,0.9,22.0,31.0,2.0,50.00004375457764,795.7468749999999,0.0250000185209997,262308.0,276.1931750640869,60.00822799682617,741.3125
10,20,8,2018,25.0,21.23333333333333,36.0,31.375,0.9,21.0,40.0,2.0,50.00004375457764,795.7468749999999,0.0250000185209997,262308.0,276.1931750640869,60.00822799682617,741.3125
11,20,8,2018,24.0,21.73333333333333,35.5,30.5,0.8500000000000001,17.0,75.5,2.0,50.00004375457764,795.7468749999999,0.0250000185209997,262308.0,276.1931750640869,60.00822799682617,741.3125
12,20,8,2018,23.0,22.03333333333333,35.0,29.625,0.8,13.0,111.0,2.0,50.00004375457764,790.75,0.025000018662,262396.0,276.1660000610351,60.00315999603272,685.0625
13,20,8,2018,26.0,22.566666666666663,37.0,28.75,0.8,11.0,111.0,2.0,50.00004375457764,790.75,0.025000018662,262396.0,276.1660000610351,60.00315999603272,685.0625
14,20,8,2018,19.0,22.933333333333334,35.0,27.875,0.8,10.0,112.0,2.0,50.00004375457764,790.75,0.025000018662,262396.0,276.1660000610351,60.00315999603272,685.0625
15,20,8,2018,6.0,22.6,37.0,27.0,0.8,10.0,119.0,2.0,50.0,787.8125,0.0250000183600001,262640.0,276.1460998535156,60.003887992858886,685.0
16,20,8,2018,28.0,22.866666666666667,43.0,43.0,0.7,10.0,119.0,2.0,50.0,787.8125,0.0250000183600001,262640.0,276.1460998535156,60.003887992858886,685.0
17,20,8,2018,21.0,22.8,42.0,39.0,0.7,12.0,133.0,2.0,50.0,787.8125,0.0250000183600001,262640.0,276.1460998535156,60.003887992858886,685.0
18,20,8,2018,34.0,23.266666666666666,49.0,43.0,0.7,14.0,128.0,2.0,50.0,785.125,0.0250000165420006,262976.0,276.13570007324216,60.00539999389648,685.0
19,20,8,2018,35.0,23.23333333333333,50.0,38.0,0.7,23.0,111.0,2.0,50.0,785.125,0.0250000165420006,262976.0,276.13570007324216,60.00539999389648,685.0
20,20,8,2018,36.0,23.2,51.0,47.0,0.8,29.0,93.0,2.0,50.0,785.125,0.0250000165420006,262976.0,276.13570007324216,60.00539999389648,685.0
21,20,8,2018,40.0,23.2,56.0,57.0,0.9,28.0,93.0,2.0,50.0,782.75,0.0250000129520008,263408.0,276.1404998779296,60.0032799911499,685.1875
22,20,8,2018,41.0,23.166666666666668,58.0,62.0,0.9,30.0,78.0,2.0,50.0,782.75,0.0250000129520008,263408.0,276.1404998779296,60.0032799911499,685.1875
23,20,8,2018,38.0,23.73333333333333,54.0,56.0,1.0,33.0,60.0,2.0,50.0,782.75,0.0250000129520008,263408.0,276.1404998779296,60.0032799911499,685.1875
0,21,8,2018,50.0,25.03333333333333,69.0,77.0,1.1,64.0,24.0,2.0,50.0,779.375,0.0250000096440008,263616.0,276.1595999145508,60.00637599182129,782.625
1,21,8,2018,32.0,25.8,53.0,56.0,0.9,57.0,16.0,2.0,50.0,779.375,0.0250000096440008,263616.0,276.1595999145508,60.00637599182129,782.625
2,21,8,2018,11.0,25.73333333333333,17.0,31.0,0.5,26.0,53.0,2.0,50.0,779.375,0.0250000096440008,263616.0,276.1595999145508,60.00637599182129,782.625
3,21,8,2018,4.0,25.23333333333333,16.0,6.0,0.5,28.0,52.0,2.0,50.0,784.0,0.0250000097710006,263632.0,276.18829986572257,60.00637599182129,856.6124999999997
4,21,8,2018,3.0,24.9,18.0,13.0,0.4,23.0,57.0,2.0,50.0,784.0,0.0250000097710006,263632.0,276.18829986572257,60.00637599182129,856.6124999999997
5,21,8,2018,11.0,24.83333333333333,22.0,18.0,0.4,16.0,70.0,2.0,50.0,784.0,0.0250000097710006,263632.0,276.18829986572257,60.00637599182129,856.6124999999997
6,21,8,2018,4.0,24.4,23.0,23.0,0.4,20.0,62.0,2.0,50.0,786.25,0.025000009366,263540.0,276.1931750640869,60.0047919921875,856.6124999999997
7,21,8,2018,8.0,24.03333333333333,33.0,33.0,0.5,33.0,47.0,2.0,50.0,786.25,0.025000009366,263540.0,276.1931750640869,60.0047919921875,856.6124999999997
8,21,8,2018,8.0,23.5,30.0,30.0,0.5,30.0,54.0,2.0,50.0,786.25,0.025000009366,263540.0,276.1931750640869,60.0047919921875,856.6124999999997
9,21,8,2018,13.0,23.266666666666666,25.0,25.0,0.5,21.0,65.0,2.0,50.0,794.8125,0.025000010919,263588.0,276.1916000366211,60.0017799911499,728.625
10,21,8,2018,12.0,22.866666666666667,23.0,19.0,0.5,16.0,74.0,2.0,50.0,794.8125,0.025000010919,263588.0,276.1916000366211,60.0017799911499,728.625
11,21,8,2018,11.0,22.4,25.0,19.0,0.5,16.0,79.0,2.0,50.0,794.8125,0.025000010919,263588.0,276.1916000366211,60.0017799911499,728.625
12,21,8,2018,11.0,21.866666666666667,27.0,17.0,0.4,15.0,86.0,2.0,50.0,786.8125,0.0250000148790003,263804.0,276.1558999633789,60.00365599822998,685.0625
13,21,8,2018,10.0,21.23333333333333,28.0,15.0,0.4,14.0,91.0,2.0,50.0,786.8125,0.0250000148790003,263804.0,276.1558999633789,60.00365599822998,685.0625
14,21,8,2018,6.0,20.33333333333333,33.0,13.0,0.4,14.0,104.0,2.0,50.0,786.8125,0.0250000148790003,263804.0,276.1558999633789,60.00365599822998,685.0625
16,21,8,2018,14.0,20.133333333333333,42.0,42.0,0.4,16.0,127.0,2.0,50.0,786.8125,0.0250000148790003,263804.0,276.1558999633789,60.00365599822998,685.0625
17,21,8,2018,15.0,19.8,40.0,24.0,0.3,18.0,129.0,2.0,50.0,786.8125,0.0250000148790003,263804.0,276.1558999633789,60.00365599822998,685.0625
18,21,8,2018,16.0,19.53333333333333,40.0,29.0,0.3,25.0,129.0,2.0,50.00041218996048,783.125,0.0250000142840007,263960.0,276.1310998535156,60.003891998291024,685.0
19,21,8,2018,13.0,19.2,56.0,61.0,0.4,35.0,114.0,2.0,50.00041218996048,783.125,0.0250000142840007,263960.0,276.1310998535156,60.003891998291024,685.0
20,21,8,2018,7.0,18.566666666666663,57.0,64.0,0.5,53.0,87.0,2.0,50.00041218996048,783.125,0.0250000142840007,263960.0,276.1310998535156,60.003891998291024,685.0
21,21,8,2018,25.0,18.766666666666666,56.0,61.0,0.6,54.0,79.0,2.0,50.0,782.625,0.0250000152770001,264068.0,276.12100006103515,60.0022679977417,685.1875
22,21,8,2018,17.0,19.133333333333333,58.0,66.0,0.7,52.0,69.0,2.0,50.0,782.625,0.0250000152770001,264068.0,276.12100006103515,60.0022679977417,685.1875
23,21,8,2018,28.0,19.133333333333333,58.0,65.0,0.7,71.0,42.0,2.0,50.0,782.625,0.0250000152770001,264068.0,276.12100006103515,60.0022679977417,685.1875
0,22,8,2018,28.0,19.366666666666667,59.0,68.0,0.7,77.0,10.0,2.0,50.0,793.5625,0.0250000145200006,264348.0,276.1375,60.0035359954834,710.9375
1,22,8,2018,16.0,18.766666666666666,32.0,32.0,0.7,49.0,33.0,2.0,50.0,793.5625,0.0250000145200006,264348.0,276.1375,60.0035359954834,710.9375
2,22,8,2018,17.0,18.166666666666668,34.0,34.0,0.6,58.0,23.0,2.0,50.0,793.5625,0.0250000145200006,264348.0,276.1375,60.0035359954834,710.9375
3,22,8,2018,19.0,17.6,46.0,46.0,0.7,65.0,9.0,2.0,50.00041218996048,795.4375,0.025000014223,264336.0,276.1585998535156,60.00142399597168,752.6875
4,22,8,2018,21.0,16.966666666666665,51.0,52.0,0.7,68.0,15.5,2.0,50.00041218996048,795.4375,0.025000014223,264336.0,276.1585998535156,60.00142399597168,752.6875
5,22,8,2018,16.0,16.133333333333333,35.0,35.0,0.6,46.0,22.0,2.0,50.00041218996048,795.4375,0.025000014223,264336.0,276.1585998535156,60.00142399597168,752.6875
6,22,8,2018,16.0,15.4,41.0,41.0,0.6,55.0,12.0,2.0,50.0,795.7468749999999,0.0250000128950001,264248.0,276.1655999755859,60.00295999145508,745.6875
7,22,8,2018,17.0,14.3,53.0,55.0,0.7,59.0,4.0,2.0,50.0,795.7468749999999,0.0250000128950001,264248.0,276.1655999755859,60.00295999145508,745.6875
8,22,8,2018,17.0,13.8,55.0,60.0,0.7,50.0,10.0,2.0,50.0,795.7468749999999,0.0250000128950001,264248.0,276.1655999755859,60.00295999145508,745.6875
9,22,8,2018,16.0,13.966666666666669,56.0,62.0,0.8,46.0,18.0,2.0,50.00041218996048,795.7468749999999,0.025000012391,264016.0,276.1678997802734,60.00236399078369,706.875
10,22,8,2018,19.0,14.466666666666669,52.0,54.0,0.8,42.0,31.0,2.0,50.00041218996048,795.7468749999999,0.025000012391,264016.0,276.1678997802734,60.00236399078369,706.875
11,22,8,2018,19.0,15.0,54.0,58.0,0.8,48.0,35.0,2.0,50.00041218996048,795.7468749999999,0.025000012391,264016.0,276.1678997802734,60.00236399078369,706.875
12,22,8,2018,17.0,15.2,39.0,39.0,0.7,32.0,58.0,2.0,50.00041218996048,791.625,0.0250000138480002,264140.0,276.129400024414,60.00199999237061,685.0625
13,22,8,2018,18.0,15.666666666666666,34.0,34.0,0.7,26.0,73.0,2.0,50.00041218996048,791.625,0.0250000138480002,264140.0,276.129400024414,60.00199999237061,685.0625
14,22,8,2018,16.0,15.933333333333334,24.0,22.0,0.6,18.0,78.0,2.0,50.00041218996048,791.625,0.0250000138480002,264140.0,276.129400024414,60.00199999237061,685.0625
15,22,8,2018,14.0,16.133333333333333,25.0,18.0,0.6,18.0,79.0,2.0,50.0,791.75,0.0250000157890003,264224.0,276.12619995117177,60.00232399749756,685.0
16,22,8,2018,15.0,16.2,32.0,32.0,0.6,18.0,77.0,2.0,50.0,791.75,0.0250000157890003,264224.0,276.12619995117177,60.00232399749756,685.0
17,22,8,2018,18.0,16.4,34.0,24.0,0.7,21.0,108.0,2.0,50.0,791.75,0.0250000157890003,264224.0,276.12619995117177,60.00232399749756,685.0
18,22,8,2018,19.0,16.666666666666668,36.0,36.0,0.8,28.0,108.0,2.0,50.0,788.625,0.025000015513,264180.0,276.104400024414,60.00218399810791,685.0
19,22,8,2018,25.0,17.133333333333333,54.0,58.0,0.8,42.0,94.0,2.0,50.0,788.625,0.025000015513,264180.0,276.104400024414,60.00218399810791,685.0
20,22,8,2018,26.5,17.683333333333334,54.5,59.0,0.9,61.5,56.0,2.0,50.0,788.625,0.025000015513,264180.0,276.104400024414,60.00218399810791,685.0
21,22,8,2018,28.0,18.416666666666668,55.0,60.0,1.0,81.0,18.0,2.0,50.00004375457764,787.3125,0.0250000149460006,264244.0,276.09619995117185,60.00193599700928,685.1875
22,22,8,2018,28.0,18.883333333333333,64.0,77.0,0.9,69.0,15.0,2.0,50.00004375457764,787.3125,0.0250000149460006,264244.0,276.09619995117185,60.00193599700928,685.1875
23,22,8,2018,26.0,19.25,53.0,55.0,0.8,60.0,14.0,2.0,50.00004375457764,787.3125,0.0250000149460006,264244.0,276.09619995117185,60.00193599700928,685.1875
0,23,8,2018,26.0,19.58333333333333,46.0,46.0,0.8,53.0,6.0,2.0,50.00004375457764,779.625,0.0250000121600004,264256.0,276.1289999389648,60.00361199188232,774.5625
1,23,8,2018,30.0,20.15,43.0,36.0,0.8,57.0,5.0,2.0,50.00004375457764,779.625,0.0250000121600004,264256.0,276.1289999389648,60.00361199188232,774.5625
2,23,8,2018,27.0,20.816666666666663,42.0,42.0,0.8,60.0,2.0,2.0,50.00004375457764,779.625,0.0250000121600004,264256.0,276.1289999389648,60.00361199188232,774.5625
3,23,8,2018,21.0,20.683333333333334,34.0,34.0,0.7,47.0,9.0,2.0,50.0,785.125,0.0250000128930006,264044.0,276.1672998046875,60.00566799163818,856.6124999999997
4,23,8,2018,14.0,20.58333333333333,30.0,30.0,0.7,44.0,8.0,2.0,50.0,785.125,0.0250000128930006,264044.0,276.1672998046875,60.00566799163818,856.6124999999997
5,23,8,2018,19.0,20.28333333333333,30.0,30.0,0.7,41.0,13.0,2.0,50.0,785.125,0.0250000128930006,264044.0,276.1672998046875,60.00566799163818,856.6124999999997
6,23,8,2018,16.0,19.883333333333333,23.0,21.0,0.6,35.0,17.0,2.0,50.0,786.5,0.0250000108270002,263788.0,276.1931750640869,60.00523199462891,856.6124999999997
7,23,8,2018,16.0,19.883333333333333,24.0,24.0,0.7,35.0,17.0,2.0,50.0,786.5,0.0250000108270002,263788.0,276.1931750640869,60.00523199462891,856.6124999999997
8,23,8,2018,14.0,19.78333333333333,24.0,24.0,0.7,29.0,28.0,2.0,50.0,786.5,0.0250000108270002,263788.0,276.1931750640869,60.00523199462891,856.6124999999997
9,23,8,2018,16.0,19.683333333333334,39.0,39.0,0.8,31.0,38.0,2.0,50.00007500648498,787.8125,0.0250000124989999,263588.0,276.1819000244141,60.00640799713135,754.25
10,23,8,2018,15.0,19.48333333333333,23.0,33.5,0.7,20.0,74.0,2.0,50.00007500648498,787.8125,0.0250000124989999,263588.0,276.1819000244141,60.00640799713135,754.25
11,23,8,2018,14.0,19.416666666666668,29.0,28.0,0.7,22.0,93.0,2.0,50.00007500648498,787.8125,0.0250000124989999,263588.0,276.1819000244141,60.00640799713135,754.25
12,23,8,2018,17.0,19.45,35.0,31.4,0.6,18.0,111.0,2.0,50.0,783.375,0.0250000128820007,263720.0,276.1507998657226,60.00283999633789,685.0625
13,23,8,2018,12.0,19.28333333333333,38.0,34.8,0.6,13.0,120.0,2.0,50.0,783.375,0.0250000128820007,263720.0,276.1507998657226,60.00283999633789,685.0625
14,23,8,2018,13.0,19.15,36.0,38.2,0.5,12.0,114.0,2.0,50.0,783.375,0.0250000128820007,263720.0,276.1507998657226,60.00283999633789,685.0625
15,23,8,2018,6.0,18.816666666666663,36.0,41.6,0.4,11.0,114.0,2.0,50.0,781.875,0.0250000150510007,263832.0,276.12329986572263,60.00430799102783,685.0
16,23,8,2018,12.0,18.58333333333333,45.0,45.0,0.5,16.0,138.0,2.0,50.0,781.875,0.0250000150510007,263832.0,276.12329986572263,60.00430799102783,685.0
17,23,8,2018,12.0,18.35,48.0,26.0,0.4,19.0,155.0,2.0,50.0,781.875,0.0250000150510007,263832.0,276.12329986572263,60.00430799102783,685.0
18,23,8,2018,25.0,18.616666666666667,56.0,41.0,0.5,27.0,165.0,2.0,50.0,780.1875,0.0250000155510008,263700.0,276.1063000488281,60.00417599487304,685.0
19,23,8,2018,23.0,18.78333333333333,51.0,51.0,0.5,33.0,151.0,2.0,50.0,780.1875,0.0250000155510008,263700.0,276.1063000488281,60.00417599487304,685.0
20,23,8,2018,11.0,18.616666666666667,70.0,90.0,0.7,35.0,110.0,2.0,50.0,780.1875,0.0250000155510008,263700.0,276.1063000488281,60.00417599487304,685.0
21,23,8,2018,30.0,19.15,64.0,77.0,0.8,46.0,76.0,2.0,50.0,779.9375,0.0250000149610005,263868.0,276.1079998779297,60.00421199798584,685.1875
22,23,8,2018,28.0,19.58333333333333,65.0,80.0,0.9,67.0,42.0,2.0,50.0,779.9375,0.0250000149610005,263868.0,276.1079998779297,60.00421199798584,685.1875
23,23,8,2018,23.0,19.75,56.0,62.0,0.7,40.0,52.0,2.0,50.0,779.9375,0.0250000149610005,263868.0,276.1079998779297,60.00421199798584,685.1875
0,24,8,2018,26.0,19.98333333333333,50.0,50.0,0.7,38.0,52.0,2.0,50.00021875381471,780.75,0.0250000123840002,264036.0,276.14070007324216,60.00425999450685,776.9375
1,24,8,2018,20.0,19.816666666666663,43.0,43.0,0.8,42.0,50.0,2.0,50.00021875381471,780.75,0.0250000123840002,264036.0,276.14070007324216,60.00425999450685,776.9375
2,24,8,2018,20.0,19.6,53.0,55.0,0.8,67.0,22.0,2.0,50.00021875381471,780.75,0.0250000123840002,264036.0,276.14070007324216,60.00425999450685,776.9375
3,24,8,2018,21.0,19.366666666666667,39.0,39.0,0.7,44.0,44.0,2.0,50.0,783.6875,0.025000011833,263872.0,276.1655999755859,60.00823599243164,856.6124999999997
4,24,8,2018,25.0,19.266666666666666,49.0,49.0,0.7,68.0,35.5,2.0,50.0,783.6875,0.025000011833,263872.0,276.1655999755859,60.00823599243164,856.6124999999997
5,24,8,2018,25.0,19.23333333333333,40.0,40.0,0.7,47.0,27.0,2.0,50.0,783.6875,0.025000011833,263872.0,276.1655999755859,60.00823599243164,856.6124999999997
6,24,8,2018,17.0,18.933333333333334,36.0,36.0,0.7,48.0,26.0,2.0,50.0,787.8125,0.0250000090629998,263560.0,276.191900024414,60.00344799804687,833.4375
7,24,8,2018,23.0,18.7,52.0,54.0,0.8,57.0,22.0,2.0,50.0,787.8125,0.0250000090629998,263560.0,276.191900024414,60.00344799804687,833.4375
8,24,8,2018,18.0,18.4,48.0,48.0,0.8,38.0,45.0,2.0,50.0,787.8125,0.0250000090629998,263560.0,276.191900024414,60.00344799804687,833.4375
9,24,8,2018,13.0,18.133333333333333,21.0,21.0,0.7,23.0,62.0,2.0,50.0,787.9375,0.0250000101789999,263464.0,276.1931750640869,60.00554399108886,750.4375
10,24,8,2018,10.0,18.0,22.0,11.0,0.6,18.0,70.0,2.0,50.0,787.9375,0.0250000101789999,263464.0,276.1931750640869,60.00554399108886,750.4375
11,24,8,2018,7.0,17.6,25.0,9.0,0.5,17.0,80.0,2.0,50.0,787.9375,0.0250000101789999,263464.0,276.1931750640869,60.00554399108886,750.4375
12,24,8,2018,7.0,17.3,30.0,11.0,0.4,17.0,96.0,2.0,50.0,784.875,0.0250000137510001,263712.0,276.14850006103507,60.00223999786377,685.0625
13,24,8,2018,10.0,17.1,33.0,11.333333333333336,0.4,17.0,107.0,2.0,50.0,784.875,0.0250000137510001,263712.0,276.14850006103507,60.00223999786377,685.0625
14,24,8,2018,11.0,17.0,38.0,11.666666666666664,0.4,14.0,121.0,2.0,50.0,784.875,0.0250000137510001,263712.0,276.14850006103507,60.00223999786377,685.0625
15,24,8,2018,5.0,16.633333333333333,43.0,12.0,0.4,14.0,138.0,2.0,50.0,783.625,0.0250000155520001,263952.0,276.1269998168945,60.002567993164064,685.0
16,24,8,2018,7.0,16.366666666666667,47.0,47.0,0.5,19.0,122.0,2.0,50.0,783.625,0.0250000155520001,263952.0,276.1269998168945,60.002567993164064,685.0
17,24,8,2018,12.0,16.3,37.0,31.0,0.4,20.0,119.0,2.0,50.0,783.625,0.0250000155520001,263952.0,276.1269998168945,60.002567993164064,685.0
18,24,8,2018,9.0,16.033333333333335,36.0,29.0,0.4,23.0,116.0,2.0,50.0,779.8125,0.0250000151340002,263992.0,276.09949981689454,60.00275199127197,685.0
19,24,8,2018,11.0,16.0,38.0,38.0,0.5,29.0,100.0,2.0,50.0,779.8125,0.0250000151340002,263992.0,276.09949981689454,60.00275199127197,685.0
20,24,8,2018,10.0,15.9,46.0,46.0,0.6,39.0,77.0,2.0,50.0,779.8125,0.0250000151340002,263992.0,276.09949981689454,60.00275199127197,685.0
21,24,8,2018,15.0,16.2,43.0,43.0,0.6,56.0,49.0,2.0,50.0,779.4375,0.0250000148840006,264276.0,276.09769989013665,60.00210799407959,685.1875
22,24,8,2018,18.0,16.4,59.0,67.0,0.7,54.0,25.0,2.0,50.0,779.4375,0.0250000148840006,264276.0,276.09769989013665,60.00210799407959,685.1875
23,24,8,2018,22.0,16.733333333333334,37.0,37.0,0.6,43.0,22.0,2.0,50.0,779.4375,0.0250000148840006,264276.0,276.09769989013665,60.00210799407959,685.1875
0,25,8,2018,10.0,16.233333333333334,33.0,33.0,0.7,48.0,16.0,2.0,50.0,781.5,0.025000013708,264416.0,276.1285998535156,60.00143199157715,770.125
1,25,8,2018,14.0,15.933333333333334,37.0,37.0,0.7,61.0,3.0,2.0,50.0,781.5,0.025000013708,264416.0,276.1285998535156,60.00143199157715,770.125
2,25,8,2018,10.0,15.9,48.0,48.0,0.7,57.0,3.0,2.0,50.0,781.5,0.025000013708,264416.0,276.1285998535156,60.00143199157715,770.125
3,25,8,2018,13.0,15.333333333333334,33.0,33.0,0.6,45.0,12.0,2.0,50.0,785.75,0.0250000135420002,264128.0,276.1685000610352,60.00215599060058,856.6124999999997
4,25,8,2018,14.0,14.866666666666667,32.0,32.0,0.6,49.0,8.0,2.0,50.0,785.75,0.0250000135420002,264128.0,276.1685000610352,60.00215599060058,856.6124999999997
5,25,8,2018,15.0,14.6,37.0,37.0,0.6,49.0,2.0,2.0,50.0,785.75,0.0250000135420002,264128.0,276.1685000610352,60.00215599060058,856.6124999999997
6,25,8,2018,13.0,14.166666666666666,43.0,43.0,0.6,50.0,4.0,2.0,50.0,790.6875,0.0250000139900008,263864.0,276.19259979248045,60.0067559967041,850.25
7,25,8,2018,11.0,13.866666666666667,38.0,38.0,0.6,35.0,17.0,2.0,50.0,790.6875,0.0250000139900008,263864.0,276.19259979248045,60.0067559967041,850.25
8,25,8,2018,14.0,13.666666666666666,38.0,38.0,0.7,36.0,21.0,2.0,50.0,790.6875,0.0250000139900008,263864.0,276.19259979248045,60.0067559967041,850.25
9,25,8,2018,16.0,13.5,32.0,32.0,0.7,32.0,37.0,2.0,50.0,790.625,0.0250000147630004,263708.0,276.18509979248046,60.00906799316406,729.3125
10,25,8,2018,19.0,13.3,27.0,26.0,0.7,31.0,59.0,2.0,50.0,790.625,0.0250000147630004,263708.0,276.18509979248046,60.00906799316406,729.3125
11,25,8,2018,20.0,13.133333333333333,44.0,44.0,0.7,30.0,94.0,2.0,50.0,790.625,0.0250000147630004,263708.0,276.18509979248046,60.00906799316406,729.3125
12,25,8,2018,25.0,13.4,49.0,49.0,0.7,17.0,155.0,2.0,50.0,787.375,0.0250000151230003,263956.0,276.15850006103506,60.00283599090576,685.0625
13,25,8,2018,40.0,13.966666666666669,75.0,61.0,0.9,15.0,180.0,4.0,50.0,787.375,0.0250000151230003,263956.0,276.15850006103506,60.00283599090576,685.0625
14,25,8,2018,48.0,14.966666666666669,80.0,68.0,0.9,11.0,181.0,6.0,50.0,787.375,0.0250000151230003,263956.0,276.15850006103506,60.00283599090576,685.0625
15,25,8,2018,46.0,16.066666666666666,81.0,71.0,0.9,10.0,181.0,5.0,50.00004375457764,786.9375,0.0250000174899995,264068.0,276.1413000488281,60.00175999450683,685.0
16,25,8,2018,46.0,17.266666666666666,95.0,75.0,0.9,12.0,181.0,3.0,50.00004375457764,786.9375,0.0250000174899995,264068.0,276.1413000488281,60.00175999450683,685.0
17,25,8,2018,45.0,18.53333333333333,86.0,79.0,0.9,14.0,181.0,3.0,50.00004375457764,786.9375,0.0250000174899995,264068.0,276.1413000488281,60.00175999450683,685.0
18,25,8,2018,61.0,20.33333333333333,83.0,78.0,1.1,15.0,177.0,3.0,50.0,785.0625,0.0250000174010004,264092.0,276.1275,60.00395199584961,685.0
19,25,8,2018,72.0,22.4,96.0,95.0,1.3,22.0,160.0,3.0,50.0,785.0625,0.0250000174010004,264092.0,276.1275,60.00395199584961,685.0
20,25,8,2018,70.0,24.366666666666667,94.0,106.0,1.2,27.0,135.0,2.0,50.0,785.0625,0.0250000174010004,264092.0,276.1275,60.00395199584961,685.0
21,25,8,2018,61.0,26.23333333333333,83.0,98.0,1.2,24.0,118.0,2.0,50.0,783.25,0.0250000167650003,264248.0,276.11709991455075,60.00212399291992,685.1875
22,25,8,2018,67.0,28.23333333333333,90.0,93.0,1.1,30.0,93.0,2.0,50.0,783.25,0.0250000167650003,264248.0,276.11709991455075,60.00212399291992,685.1875
23,25,8,2018,61.0,29.866666666666667,83.0,92.0,1.1,32.0,81.0,2.0,50.0,783.25,0.0250000167650003,264248.0,276.11709991455075,60.00212399291992,685.1875
0,26,8,2018,57.0,31.466666666666665,78.0,85.0,1.0,27.0,79.0,2.0,50.0,788.625,0.025000015575,264320.0,276.13369995117193,60.00147599792482,738.375
1,26,8,2018,57.0,33.0,78.0,74.0,1.1,25.0,76.0,2.0,50.0,788.625,0.025000015575,264320.0,276.13369995117193,60.00147599792482,738.375
2,26,8,2018,55.0,34.5,75.0,61.0,1.0,25.0,73.0,2.0,50.0,788.625,0.025000015575,264320.0,276.13369995117193,60.00147599792482,738.375
3,26,8,2018,52.0,35.733333333333334,71.0,56.0,1.0,26.0,71.0,2.0,50.0,794.5,0.0250000149330003,264248.0,276.17619995117184,60.00334799194336,795.5
4,26,8,2018,61.0,37.16666666666666,83.0,68.0,1.1,29.0,57.5,2.0,50.0,794.5,0.0250000149330003,264248.0,276.17619995117184,60.00334799194336,795.5
5,26,8,2018,66.0,38.63333333333333,89.0,67.0,1.1,35.0,44.0,2.0,50.0,794.5,0.0250000149330003,264248.0,276.17619995117184,60.00334799194336,795.5
6,26,8,2018,72.0,40.7,96.0,83.0,1.1,49.0,21.0,2.0,50.00008125305176,795.7468749999999,0.0250000141780004,264064.0,276.1931750640869,60.0033999938965,790.6875
7,26,8,2018,58.0,42.16666666666666,79.0,75.0,1.1,48.0,23.0,2.0,50.00008125305176,795.7468749999999,0.0250000141780004,264064.0,276.1931750640869,60.0033999938965,790.6875
8,26,8,2018,58.75,43.79166666666666,61.33333333333333,52.0,1.1333333333333333,37.66666666666666,43.33333333333333,2.333333333333333,50.00008125305176,795.7468749999999,0.0250000141780004,264064.0,276.1931750640869,60.0033999938965,790.6875
9,26,8,2018,59.5,45.34166666666667,43.66666666666666,29.0,1.1666666666666667,27.33333333333333,63.66666666666666,2.6666666666666665,50.00017499923706,795.7468749999999,0.0250000152720008,263864.0,276.19239990234365,60.00567599487304,721.3125
10,26,8,2018,60.25,46.88333333333333,26.0,6.0,1.2,17.0,84.0,3.0,50.00017499923706,795.7468749999999,0.0250000152720008,263864.0,276.19239990234365,60.00567599487304,721.3125
11,26,8,2018,61.0,48.41666666666666,83.0,87.0,1.1,20.0,139.0,2.0,50.00017499923706,795.7468749999999,0.0250000152720008,263864.0,276.19239990234365,60.00567599487304,721.3125
12,26,8,2018,41.0,49.35,58.0,51.0,0.9,15.0,160.0,2.0,50.000056257247934,795.375,0.0250000163369998,264172.0,276.17579986572264,60.00096399688721,685.0625
13,26,8,2018,25.0,49.81666666666667,60.0,49.0,0.7,11.0,168.0,2.0,50.000056257247934,795.375,0.0250000163369998,264172.0,276.17579986572264,60.00096399688721,685.0625
14,26,8,2018,27.0,50.25,66.0,47.0,0.7,11.0,173.0,2.0,50.000056257247934,795.375,0.0250000163369998,264172.0,276.17579986572264,60.00096399688721,685.0625
15,26,8,2018,25.0,50.55,85.0,56.0,0.7,13.0,181.0,2.0,50.0,792.5,0.0250000138970008,264368.0,276.1645999145508,60.00335999298096,685.0
16,26,8,2018,42.0,51.31666666666667,91.0,77.0,0.8,14.0,181.0,2.0,50.0,792.5,0.0250000138970008,264368.0,276.1645999145508,60.00335999298096,685.0
17,26,8,2018,54.0,52.45,84.0,101.0,1.1,15.0,181.0,2.0,50.0,792.5,0.0250000138970008,264368.0,276.1645999145508,60.00335999298096,685.0
18,26,8,2018,60.0,53.61666666666667,81.0,99.0,1.0,15.0,175.0,2.0,50.0,790.1875,0.0250000136310001,264420.0,276.14899993896483,60.00357599639893,685.0
19,26,8,2018,54.0,54.083333333333336,74.0,98.0,1.0,18.0,162.0,2.0,50.0,790.1875,0.0250000136310001,264420.0,276.14899993896483,60.00357599639893,685.0
20,26,8,2018,61.0,54.516666666666666,83.0,111.0,1.1,24.0,149.0,2.0,50.0,790.1875,0.0250000136310001,264420.0,276.14899993896483,60.00357599639893,685.0
21,26,8,2018,69.0,55.28333333333333,93.0,118.0,1.2,28.0,140.0,2.0,50.0,789.0,0.0250000161840003,264556.0,276.1303997802734,60.00132399749756,685.1875
22,26,8,2018,73.0,56.18333333333333,98.0,124.0,1.3,33.0,123.0,2.0,50.0,789.0,0.0250000161840003,264556.0,276.1303997802734,60.00132399749756,685.1875
23,26,8,2018,82.0,57.41666666666666,109.0,135.0,1.2,37.0,89.0,2.0,50.0,789.0,0.0250000161840003,264556.0,276.1303997802734,60.00132399749756,685.1875
0,27,8,2018,78.0,57.98333333333333,104.0,118.0,1.2,29.0,89.0,2.0,50.0,786.8125,0.025000014963,264632.0,276.1460998535156,60.00377999114991,757.375
1,27,8,2018,91.0,58.61666666666667,120.0,126.0,1.2,38.0,62.0,2.0,50.0,786.8125,0.025000014963,264632.0,276.1460998535156,60.00377999114991,757.375
2,27,8,2018,105.0,59.78333333333333,138.0,138.0,1.2,38.0,53.0,2.0,50.0,786.8125,0.025000014963,264632.0,276.1460998535156,60.00377999114991,757.375
3,27,8,2018,104.0,61.21666666666667,136.0,120.0,1.2,33.0,49.0,2.0,50.0,792.875,0.0250000150460004,264532.0,276.17999999999995,60.00298799133301,821.0625
4,27,8,2018,91.0,62.016666666666666,120.0,101.0,1.3,29.0,52.0,2.0,50.0,792.875,0.0250000150460004,264532.0,276.17999999999995,60.00298799133301,821.0625
5,27,8,2018,98.0,63.25,129.0,99.0,1.4,31.0,51.0,2.0,50.0,792.875,0.0250000150460004,264532.0,276.17999999999995,60.00298799133301,821.0625
6,27,8,2018,107.0,64.91666666666667,140.0,112.0,1.5,34.0,45.0,2.0,50.0,795.7468749999999,0.0250000158310011,264384.0,276.1904998779296,60.00446399688721,768.9375
7,27,8,2018,109.0,66.65,143.0,109.0,1.6,35.0,45.0,2.0,50.0,795.7468749999999,0.0250000158310011,264384.0,276.1904998779296,60.00446399688721,768.9375
8,27,8,2018,101.0,68.18333333333334,133.0,118.0,1.6,39.0,48.0,2.0,50.0,795.7468749999999,0.0250000158310011,264384.0,276.1904998779296,60.00446399688721,768.9375
9,27,8,2018,106.0,69.98333333333333,139.0,116.0,1.5,37.0,64.0,4.0,50.00012499809265,793.875,0.0250000126120001,264128.0,276.18889984130857,60.00690799713135,732.625
10,27,8,2018,95.0,71.11666666666666,125.0,116.0,1.4,30.0,89.0,7.0,50.00012499809265,793.875,0.0250000126120001,264128.0,276.18889984130857,60.00690799713135,732.625
11,27,8,2018,92.0,71.98333333333333,121.0,110.0,1.4,25.0,126.0,6.0,50.00012499809265,793.875,0.0250000126120001,264128.0,276.18889984130857,60.00690799713135,732.625
12,27,8,2018,85.0,72.41666666666667,113.0,99.0,1.3,18.0,170.0,5.0,50.0,790.875,0.0250000130140008,264336.0,276.1653997802734,60.00388399505615,685.0625
13,27,8,2018,64.0,72.61666666666666,86.0,84.0,1.1,12.0,181.0,5.0,50.0,790.875,0.0250000130140008,264336.0,276.1653997802734,60.00388399505615,685.0625
14,27,8,2018,60.0,72.65833333333333,94.0,72.0,1.0,13.0,181.0,4.0,50.0,790.875,0.0250000130140008,264336.0,276.1653997802734,60.00388399505615,685.0625
15,27,8,2018,63.0,72.775,99.0,70.0,1.0,12.0,181.0,3.0,50.0,789.625,0.0250000157280005,264368.0,276.1438000488281,60.00291999816896,685.0
16,27,8,2018,60.0,72.76666666666667,105.0,68.0,1.0,14.0,181.0,2.0,50.0,789.625,0.0250000157280005,264368.0,276.1438000488281,60.00291999816896,685.0
17,27,8,2018,40.0,72.06666666666666,85.0,66.5,0.7,15.0,181.0,2.0,50.0,789.625,0.0250000157280005,264368.0,276.1438000488281,60.00291999816896,685.0
18,27,8,2018,22.0,71.43333333333334,58.0,65.0,0.7,21.0,165.0,2.0,50.0,787.4375,0.0250000169750005,264256.0,276.12279998779303,60.001315994262704,685.0
19,27,8,2018,16.0,71.13333333333334,67.0,83.0,0.9,27.0,152.0,2.0,50.0,787.4375,0.0250000169750005,264256.0,276.12279998779303,60.001315994262704,685.0
20,27,8,2018,31.0,71.26666666666667,60.0,69.0,0.9,31.0,121.0,2.0,50.0,787.4375,0.0250000169750005,264256.0,276.12279998779303,60.001315994262704,685.0
21,27,8,2018,29.0,71.4,61.0,71.0,0.8,28.0,108.0,2.0,50.00004375457764,786.8125,0.0250000168539993,264168.0,276.1185998535156,60.00161999511719,685.125
22,27,8,2018,33.0,71.1,78.0,105.0,1.0,35.0,88.0,2.0,50.00004375457764,786.8125,0.0250000168539993,264168.0,276.1185998535156,60.00161999511719,685.125
23,27,8,2018,37.0,70.53333333333333,71.0,92.0,1.1,30.0,88.0,2.0,50.00004375457764,786.8125,0.0250000168539993,264168.0,276.1185998535156,60.00161999511719,685.125
0,28,8,2018,40.0,69.86666666666666,67.0,84.0,1.3,37.0,76.0,2.0,50.00006875038147,790.0,0.0250000156479999,264068.0,276.13619995117193,60.00301999664307,731.625
1,28,8,2018,46.0,69.6,66.0,81.0,1.4,29.0,80.0,2.0,50.00006875038147,790.0,0.0250000156479999,264068.0,276.13619995117193,60.00301999664307,731.625
2,28,8,2018,46.0,69.1,67.0,83.0,1.3,33.0,71.0,3.0,50.00006875038147,790.0,0.0250000156479999,264068.0,276.13619995117193,60.00301999664307,731.625
3,28,8,2018,48.0,68.4,66.0,68.0,1.2,28.0,74.0,2.0,50.00026249885559,791.625,0.0250000154940001,263936.0,276.164100036621,60.00290399169922,811.875
4,28,8,2018,44.0,67.43333333333334,61.0,59.0,1.1,23.0,70.5,2.0,50.00026249885559,791.625,0.0250000154940001,263936.0,276.164100036621,60.00290399169922,811.875
5,28,8,2018,59.0,66.66666666666667,80.0,64.0,1.1,23.0,67.0,2.0,50.00026249885559,791.625,0.0250000154940001,263936.0,276.164100036621,60.00290399169922,811.875
6,28,8,2018,63.0,66.16666666666667,85.0,72.0,1.2,28.0,51.0,2.0,50.00026875495911,791.625,0.0250000163029991,263708.0,276.1688000488281,60.00322399139405,819.25
7,28,8,2018,73.0,65.56666666666666,98.0,77.0,1.2,40.0,36.0,2.0,50.00026875495911,791.625,0.0250000163029991,263708.0,276.1688000488281,60.00322399139405,819.25
8,28,8,2018,67.0,64.3,90.0,102.0,1.3,37.0,48.0,2.0,50.00026875495911,791.625,0.0250000163029991,263708.0,276.1688000488281,60.00322399139405,819.25
9,28,8,2018,68.0,63.1,91.0,92.0,1.4,31.0,70.0,2.0,50.0,793.0625,0.0250000149540007,263596.0,276.17699981689447,60.00223199462891,734.5625
11,28,8,2018,73.0,62.5,98.0,78.0,1.2,24.0,126.0,6.0,50.0,793.0625,0.0250000149540007,263596.0,276.17699981689447,60.00223199462891,734.5625
12,28,8,2018,60.0,61.23333333333333,81.0,61.0,1.1,19.0,162.0,5.0,50.0,790.0,0.0250000155240008,263924.0,276.152200012207,60.00215999603272,685.0625
13,28,8,2018,49.0,59.3,76.0,67.0,1.0,15.0,181.0,3.0,50.0,790.0,0.0250000155240008,263924.0,276.152200012207,60.00215999603272,685.0625
14,28,8,2018,44.0,57.13333333333333,91.0,63.0,1.0,14.0,181.0,3.0,50.0,790.0,0.0250000155240008,263924.0,276.152200012207,60.00215999603272,685.0625
15,28,8,2018,75.0,56.266666666666666,100.0,127.0,1.2,33.0,164.0,2.0,50.00003749847412,786.0625,0.0250000159550011,264068.0,276.1210998535156,60.00412399291992,685.0
16,28,8,2018,87.0,55.63333333333333,115.0,120.0,1.2,38.0,173.0,2.0,50.00003749847412,786.0625,0.0250000159550011,264068.0,276.1210998535156,60.00412399291992,685.0
17,28,8,2018,87.0,55.36666666666667,115.0,108.0,1.2,34.0,181.0,2.0,50.00003749847412,786.0625,0.0250000159550011,264068.0,276.1210998535156,60.00412399291992,685.0
18,28,8,2018,77.0,54.86666666666667,103.0,90.0,1.1,29.0,181.0,2.0,50.00003125190735,783.6875,0.0250000102630006,264164.0,276.133099975586,60.00171599578857,685.0
19,28,8,2018,87.0,54.93333333333333,115.0,103.0,1.2,40.0,181.0,2.0,50.00003125190735,783.6875,0.0250000102630006,264164.0,276.133099975586,60.00171599578857,685.0
20,28,8,2018,62.0,54.86666666666667,84.0,112.0,1.3,58.0,138.0,2.0,50.00003125190735,783.6875,0.0250000102630006,264164.0,276.133099975586,60.00171599578857,685.0
21,28,8,2018,64.0,55.0,95.0,139.0,1.3,66.0,88.0,2.0,50.0,784.8125,0.0250000151949999,264260.0,276.11509979248046,60.001203994750966,685.125
22,28,8,2018,65.0,55.06666666666667,88.0,108.0,1.2,50.0,83.0,2.0,50.0,784.8125,0.0250000151949999,264260.0,276.11509979248046,60.001203994750966,685.125
23,28,8,2018,67.0,55.3,90.0,96.0,1.2,47.0,70.0,2.0,50.0,784.8125,0.0250000151949999,264260.0,276.11509979248046,60.001203994750966,685.125
0,29,8,2018,64.0,56.1,86.0,96.0,1.2,54.0,56.0,2.0,50.0,784.9375,0.0250000128380004,264356.0,276.1325,60.00334799194336,747.5625
1,29,8,2018,48.0,56.96666666666667,66.0,52.0,1.0,54.0,45.0,2.0,50.0,784.9375,0.0250000128380004,264356.0,276.1325,60.00334799194336,747.5625
2,29,8,2018,22.0,57.16666666666666,31.0,40.75,0.7,40.0,42.0,2.0,50.0,784.9375,0.0250000128380004,264356.0,276.1325,60.00334799194336,747.5625
3,29,8,2018,12.0,56.53333333333333,19.0,29.5,0.6,37.0,40.0,2.0,50.0,783.9375,0.0250000109130004,264220.0,276.18259979248046,60.00686799621582,856.6124999999997
4,29,8,2018,5.0,55.73333333333333,18.0,18.25,0.6,36.0,46.0,2.0,50.0,783.9375,0.0250000109130004,264220.0,276.18259979248046,60.00686799621582,856.6124999999997
5,29,8,2018,5.0,54.8,17.0,7.0,0.6,29.0,53.0,2.0,50.0,783.9375,0.0250000109130004,264220.0,276.18259979248046,60.00686799621582,856.6124999999997
6,29,8,2018,12.0,53.96666666666667,23.0,23.0,0.6,34.0,45.0,2.0,50.0,785.6875,0.025000010466,263940.0,276.1931750640869,60.00659999084473,856.6124999999997
7,29,8,2018,3.0,52.73333333333333,23.0,23.0,0.7,34.0,47.0,2.0,50.0,785.6875,0.025000010466,263940.0,276.1931750640869,60.00659999084473,856.6124999999997
8,29,8,2018,9.0,51.5,33.0,33.0,0.7,34.0,47.0,2.0,50.0,785.6875,0.025000010466,263940.0,276.1931750640869,60.00659999084473,856.6124999999997
9,29,8,2018,11.0,50.333333333333336,41.0,41.0,0.8,34.0,51.0,2.0,50.0,784.9375,0.0250000099420007,263844.0,276.19169982910154,60.00693999481202,755.25
10,29,8,2018,19.0,49.36666666666667,27.0,26.0,0.7,21.0,71.0,2.0,50.0,784.9375,0.0250000099420007,263844.0,276.19169982910154,60.00693999481202,755.25
11,29,8,2018,10.0,48.23333333333333,26.0,24.0,0.7,21.0,83.0,2.0,50.0,784.9375,0.0250000099420007,263844.0,276.19169982910154,60.00693999481202,755.25
12,29,8,2018,6.5,46.48333333333333,31.0,6.0,0.6,13.0,99.0,2.0,50.0,783.75,0.0250000130010005,264316.0,276.15440002441403,60.00145199584961,685.0625
13,29,8,2018,3.0,44.48333333333333,37.0,6.0,0.4,13.0,118.0,2.0,50.0,783.75,0.0250000130010005,264316.0,276.15440002441403,60.00145199584961,685.0625
14,29,8,2018,15.0,42.55,40.0,8.25,0.4,14.0,128.0,2.0,50.0,783.75,0.0250000130010005,264316.0,276.15440002441403,60.00145199584961,685.0625
15,29,8,2018,12.0,40.71666666666667,41.0,10.5,0.3,18.0,132.0,2.0,50.0,781.8125,0.0250000151360007,264300.0,276.1232000732422,60.00188399505616,685.0
16,29,8,2018,16.0,38.98333333333333,42.0,12.75,0.3,18.0,133.0,2.0,50.0,781.8125,0.0250000151360007,264300.0,276.1232000732422,60.00188399505616,685.0
17,29,8,2018,12.0,36.95,40.0,15.0,0.3,20.0,128.0,2.0,50.0,781.8125,0.0250000151360007,264300.0,276.1232000732422,60.00188399505616,685.0
18,29,8,2018,11.0,35.31666666666667,38.0,32.0,0.3,29.0,122.0,2.0,50.0,779.5625,0.025000013801,264468.0,276.11429992675784,60.00158799743652,685.0
19,29,8,2018,12.0,34.083333333333336,36.0,36.0,0.3,28.0,100.0,2.0,50.0,779.5625,0.025000013801,264468.0,276.11429992675784,60.00158799743652,685.0
20,29,8,2018,14.0,33.083333333333336,50.0,50.0,0.4,31.0,91.0,2.0,50.0,779.5625,0.025000013801,264468.0,276.11429992675784,60.00158799743652,685.0
21,29,8,2018,22.0,31.316666666666663,60.0,69.0,0.5,40.0,74.0,2.0,50.0,780.375,0.025000014533,264520.0,276.11589996337887,60.00270799255371,685.125
22,29,8,2018,12.0,28.816666666666663,62.0,74.0,0.6,72.0,36.0,2.0,50.0,780.375,0.025000014533,264520.0,276.11589996337887,60.00270799255371,685.125
23,29,8,2018,16.0,26.45,65.0,79.0,0.7,84.0,15.0,2.0,50.0,780.375,0.025000014533,264520.0,276.11589996337887,60.00270799255371,685.125
0,30,8,2018,22.0,24.616666666666667,79.0,107.0,0.7,86.0,2.0,2.0,50.00041218996048,788.625,0.0250000153430001,264896.0,276.11299987792967,60.00394799804688,717.0625
1,30,8,2018,20.0,22.383333333333333,65.0,79.0,0.7,77.0,11.0,2.0,50.00041218996048,788.625,0.0250000153430001,264896.0,276.11299987792967,60.00394799804688,717.0625
2,30,8,2018,22.0,21.05,63.0,75.0,0.7,84.0,2.0,2.0,50.00041218996048,788.625,0.0250000153430001,264896.0,276.11299987792967,60.00394799804688,717.0625
3,30,8,2018,23.0,19.683333333333334,60.0,70.0,0.8,73.0,9.0,2.0,50.00041218996048,788.375,0.025000015172,265024.0,276.1089999389648,60.00311199188232,750.25
4,30,8,2018,43.0,18.95,65.0,80.0,1.0,51.0,8.5,2.0,50.00041218996048,788.375,0.025000015172,265024.0,276.1089999389648,60.00311199188232,750.25
5,30,8,2018,22.0,17.45,69.0,88.0,0.8,68.0,8.0,2.0,50.00041218996048,788.375,0.025000015172,265024.0,276.1089999389648,60.00311199188232,750.25
6,30,8,2018,28.0,16.25,69.0,88.0,0.9,59.0,20.0,2.0,50.0,788.0625,0.0250000131090004,265024.0,276.11739990234366,60.00373599243164,757.5625
7,30,8,2018,20.0,15.316666666666666,54.0,57.0,0.7,47.0,20.0,2.0,50.0,788.0625,0.0250000131090004,265024.0,276.11739990234366,60.00373599243164,757.5625
8,30,8,2018,11.0,14.95,27.0,27.0,0.7,32.0,40.0,2.0,50.0,788.0625,0.0250000131090004,265024.0,276.11739990234366,60.00373599243164,757.5625
9,30,8,2018,13.0,14.983333333333333,25.0,25.0,0.7,27.0,43.0,2.0,50.0,790.625,0.025000011047,264756.0,276.1438000488281,60.0042919921875,726.9375
10,30,8,2018,11.0,15.183333333333334,20.0,20.0,0.8,35.0,39.0,2.0,50.0,790.625,0.025000011047,264756.0,276.1438000488281,60.0042919921875,726.9375
11,30,8,2018,14.0,15.483333333333333,20.0,20.0,0.8,38.0,46.0,2.0,50.0,790.625,0.025000011047,264756.0,276.1438000488281,60.0042919921875,726.9375
12,30,8,2018,13.0,15.516666666666667,19.0,17.0,0.7,25.0,58.0,2.0,50.0,787.5625,0.0250000152750006,264932.0,276.10829986572264,60.00208799743653,685.0625
13,30,8,2018,5.0,15.583333333333334,25.0,6.0,0.7,17.0,80.0,2.0,50.0,787.5625,0.0250000152750006,264932.0,276.10829986572264,60.00208799743653,685.0625
14,30,8,2018,8.0,15.55,27.0,6.5,0.6,13.0,86.0,2.0,50.0,787.5625,0.0250000152750006,264932.0,276.10829986572264,60.00208799743653,685.0625
15,30,8,2018,3.0,15.283333333333331,27.0,7.0,0.5,10.0,87.0,2.0,50.0,786.875,0.0250000159280002,265008.0,276.1014999389648,60.00154399108887,685.0
16,30,8,2018,8.0,14.916666666666666,25.0,7.5,0.5,18.0,81.0,2.0,50.0,786.875,0.0250000159280002,265008.0,276.1014999389648,60.00154399108887,685.0
17,30,8,2018,6.0,14.783333333333331,28.0,8.0,0.5,13.0,89.0,2.0,50.0,786.875,0.0250000159280002,265008.0,276.1014999389648,60.00154399108887,685.0
18,30,8,2018,8.0,14.833333333333334,29.0,11.0,0.6,13.0,93.0,2.0,50.0,782.0625,0.0250000132570006,265200.0,276.0726998901367,60.001963996887206,685.0
19,30,8,2018,16.0,15.266666666666667,26.0,18.5,0.7,21.0,84.0,2.0,50.0,782.0625,0.0250000132570006,265200.0,276.0726998901367,60.001963996887206,685.0
20,30,8,2018,3.0,14.866666666666667,26.0,26.0,0.8,32.0,65.0,2.0,50.0,782.0625,0.0250000132570006,265200.0,276.0726998901367,60.001963996887206,685.0
21,30,8,2018,17.0,15.033333333333331,47.0,47.0,0.8,36.0,50.0,2.0,50.0,781.125,0.025000012689,265236.0,276.06739990234365,60.002415992736815,685.125
22,30,8,2018,17.0,15.066666666666666,40.0,40.0,0.7,31.0,46.0,2.0,50.0,781.125,0.025000012689,265236.0,276.06739990234365,60.002415992736815,685.125
23,30,8,2018,17.0,15.233333333333333,32.0,32.0,0.6,33.0,38.0,2.0,50.0,781.125,0.025000012689,265236.0,276.06739990234365,60.002415992736815,685.125
0,31,8,2018,18.0,15.466666666666669,32.0,32.0,0.7,55.0,5.0,2.0,50.0,783.5,0.0250000156820006,265332.0,276.11350006103515,60.00155599212646,746.9375
1,31,8,2018,18.0,15.666666666666666,31.0,31.0,0.7,43.0,2.0,2.0,50.0,783.5,0.0250000156820006,265332.0,276.11350006103515,60.00155599212646,746.9375
2,31,8,2018,16.0,15.733333333333333,30.0,30.0,0.7,43.0,2.0,2.0,50.0,783.5,0.0250000156820006,265332.0,276.11350006103515,60.00155599212646,746.9375
3,31,8,2018,18.0,15.6,28.0,28.0,0.7,40.0,2.0,2.0,50.0,786.1875,0.0250000131510002,265264.0,276.1513998413085,60.003707992553714,832.625
4,31,8,2018,22.0,15.933333333333334,31.0,27.0,0.7,34.5,2.0,2.0,50.0,786.1875,0.0250000131510002,265264.0,276.1513998413085,60.003707992553714,832.625
5,31,8,2018,3.0,15.5,21.0,21.0,0.7,29.0,2.0,2.0,50.0,786.1875,0.0250000131510002,265264.0,276.1513998413085,60.003707992553714,832.625
6,31,8,2018,10.0,15.1,23.0,23.0,0.7,32.0,2.0,2.0,50.0,784.875,0.025000011868,265060.0,276.1794000244141,60.00409599304199,856.6124999999997
7,31,8,2018,10.0,14.766666666666667,26.0,26.0,0.7,31.0,5.0,2.0,50.0,784.875,0.025000011868,265060.0,276.1794000244141,60.00409599304199,856.6124999999997
8,31,8,2018,14.0,14.5,32.0,32.0,0.7,28.0,22.0,2.0,50.0,784.875,0.025000011868,265060.0,276.1794000244141,60.00409599304199,856.6124999999997
9,31,8,2018,13.0,14.166666666666666,36.0,36.0,0.7,24.0,46.0,2.0,50.00003749847412,786.9375,0.0250000120650008,264984.0,276.17749999999995,60.00451599121094,752.25
10,31,8,2018,17.0,13.3,30.0,30.0,0.7,21.0,65.0,2.0,50.00003749847412,786.9375,0.0250000120650008,264984.0,276.17749999999995,60.00451599121094,752.25
11,31,8,2018,11.0,12.933333333333334,29.0,21.0,0.6,16.0,92.0,2.0,50.00003749847412,786.9375,0.0250000120650008,264984.0,276.17749999999995,60.00451599121094,752.25
12,31,8,2018,12.0,12.4,36.0,19.0,0.7,15.0,116.0,2.0,50.00005000114441,786.8125,0.0250000177880004,265168.0,276.13919982910147,60.00303199768064,685.0625
13,31,8,2018,14.0,12.2,42.0,24.5,0.6,14.0,134.0,2.0,50.00005000114441,786.8125,0.0250000177880004,265168.0,276.13919982910147,60.00303199768064,685.0625
14,31,8,2018,12.0,12.233333333333333,49.0,30.0,0.7,15.0,158.0,2.0,50.00005000114441,786.8125,0.0250000177880004,265168.0,276.13919982910147,60.00303199768064,685.0625
15,31,8,2018,20.0,12.466666666666669,69.0,36.0,0.7,14.0,175.0,2.0,50.0,783.75,0.025000016497001,265284.0,276.1230999755859,60.00186799621582,685.0
16,31,8,2018,23.0,12.866666666666667,68.0,32.0,0.7,12.0,174.0,2.0,50.0,783.75,0.025000016497001,265284.0,276.1230999755859,60.00186799621582,685.0
17,31,8,2018,20.0,13.066666666666666,56.0,28.0,0.7,10.0,165.0,2.0,50.0,783.75,0.025000016497001,265284.0,276.1230999755859,60.00186799621582,685.0
18,31,8,2018,19.0,13.266666666666667,71.0,34.0,0.7,13.0,177.0,2.0,50.0,782.625,0.0250000166330002,265236.0,276.1132000732422,60.00343199157715,685.0
19,31,8,2018,11.0,13.466666666666669,50.0,38.0,0.7,16.0,160.0,2.0,50.0,782.625,0.0250000166330002,265236.0,276.1132000732422,60.00343199157715,685.0
20,31,8,2018,20.0,13.866666666666667,50.0,50.0,0.7,27.0,115.0,2.0,50.0,782.625,0.0250000166330002,265236.0,276.1132000732422,60.00343199157715,685.0
21,31,8,2018,20.0,14.433333333333334,53.0,55.0,0.8,31.0,92.0,2.0,50.0,780.4375,0.0250000158080011,265184.0,276.1005999755859,60.00169199371338,685.125
22,31,8,2018,25.0,15.0,47.0,47.0,0.8,36.0,72.0,2.0,50.0,780.4375,0.0250000158080011,265184.0,276.1005999755859,60.00169199371338,685.125
23,31,8,2018,16.0,15.333333333333334,38.0,38.0,0.7,26.0,73.0,2.0,50.0,780.4375,0.0250000158080011,265184.0,276.1005999755859,60.00169199371338,685.125
0,1,9,2018,21.0,15.766666666666667,52.0,54.0,0.8,36.0,53.0,2.0,50.0,787.5,0.0250000153120001,265404.0,276.11630004882807,60.00367199707031,725.875
2,1,9,2018,28.0,16.166666666666668,40.0,59.0,0.8,51.0,12.0,2.0,50.0,787.5,0.0250000153120001,265404.0,276.11630004882807,60.00367199707031,725.875
3,1,9,2018,30.0,17.066666666666666,57.0,64.0,0.8,46.0,14.0,2.0,50.00003749847412,792.6875,0.0250000147270001,265112.0,276.14320007324216,60.003403991699216,756.375
4,1,9,2018,26.0,17.366666666666667,52.0,54.0,0.7,57.0,8.0,2.0,50.00003749847412,792.6875,0.0250000147270001,265112.0,276.14320007324216,60.003403991699216,756.375
5,1,9,2018,28.0,17.733333333333334,61.0,71.0,0.8,62.0,2.0,2.0,50.00003749847412,792.6875,0.0250000147270001,265112.0,276.14320007324216,60.003403991699216,756.375
6,1,9,2018,33.0,18.266666666666666,73.0,95.0,0.8,70.0,2.0,2.0,50.00034999847412,795.7468749999999,0.0250000122600002,264776.0,276.1548999023437,60.00449199676514,727.875
7,1,9,2018,38.5,18.95,57.0,63.0,0.9,60.0,2.0,2.0,50.00034999847412,795.7468749999999,0.0250000122600002,264776.0,276.1548999023437,60.00449199676514,727.875
8,1,9,2018,44.0,19.816666666666663,35.0,6.0,1.0,70.0,12.0,2.0,50.00034999847412,795.7468749999999,0.0250000122600002,264776.0,276.1548999023437,60.00449199676514,727.875
9,1,9,2018,49.5,20.933333333333334,55.0,16.0,1.05,50.0,53.0,2.5,50.0,794.0,0.025000013069,264512.0,276.1502999877929,60.00540399169922,700.1875
10,1,9,2018,55.0,22.166666666666668,75.0,26.0,1.1,30.0,94.0,3.0,50.0,794.0,0.025000013069,264512.0,276.1502999877929,60.00540399169922,700.1875
11,1,9,2018,64.0,23.566666666666663,86.0,36.0,1.2,22.0,128.0,4.0,50.0,794.0,0.025000013069,264512.0,276.1502999877929,60.00540399169922,700.1875
12,1,9,2018,45.0,24.966666666666665,63.0,46.0,1.1,13.0,154.0,4.0,50.0,790.875,0.0250000120200002,264384.0,276.1310998535156,60.00341199493408,685.0
13,1,9,2018,51.0,26.33333333333333,70.0,39.333333333333336,1.1,10.0,156.0,2.0,50.0,790.875,0.0250000120200002,264384.0,276.1310998535156,60.00341199493408,685.0
14,1,9,2018,27.0,26.9,46.0,32.666666666666664,0.9,8.0,146.0,2.0,50.0,790.875,0.0250000120200002,264384.0,276.1310998535156,60.00341199493408,685.0
15,1,9,2018,20.0,27.1,44.0,26.0,0.9,9.0,140.0,2.0,50.00041218996048,789.875,0.025000012817,264356.0,276.1219000244141,60.00337999725342,685.0
16,1,9,2018,24.0,27.466666666666665,40.0,30.0,0.9,13.0,128.0,2.0,50.00041218996048,789.875,0.025000012817,264356.0,276.1219000244141,60.00337999725342,685.0
17,1,9,2018,26.0,27.766666666666666,37.0,37.0,0.9,18.0,117.0,2.0,50.00041218996048,789.875,0.025000012817,264356.0,276.1219000244141,60.00337999725342,685.0
18,1,9,2018,14.0,27.866666666666667,37.0,37.0,0.8,22.0,102.0,2.0,50.0,786.625,0.0250000144850006,263752.0,276.0941998291015,60.00295599365234,685.0
19,1,9,2018,24.0,28.266666666666666,38.0,38.0,0.8,20.0,94.0,2.0,50.0,786.625,0.0250000144850006,263752.0,276.0941998291015,60.00295599365234,685.0
20,1,9,2018,20.0,28.466666666666665,53.0,55.0,0.8,26.0,80.0,2.0,50.0,786.625,0.0250000144850006,263752.0,276.0941998291015,60.00295599365234,685.0
21,1,9,2018,37.0,29.3,58.0,66.0,0.9,23.0,82.0,2.0,50.00041218996048,785.625,0.0250000142729999,263476.0,276.08769989013666,60.0047919921875,685.125
22,1,9,2018,43.0,30.066666666666663,64.0,78.0,1.0,26.0,72.0,2.0,50.00041218996048,785.625,0.0250000142729999,263476.0,276.08769989013666,60.0047919921875,685.125
23,1,9,2018,58.0,31.23333333333333,79.0,77.0,1.1,25.0,67.0,2.0,50.00041218996048,785.625,0.0250000142729999,263476.0,276.08769989013666,60.0047919921875,685.125
0,2,9,2018,55.0,32.4,75.0,59.0,1.2,25.0,52.0,2.0,50.0,784.8125,0.0250000152290007,263388.0,276.0932998657226,60.0032919921875,723.0625
1,2,9,2018,57.0,33.666666666666664,78.0,59.88888888888889,1.3,30.0,35.0,2.0,50.0,784.8125,0.0250000152290007,263388.0,276.0932998657226,60.0032919921875,723.0625
2,2,9,2018,47.0,34.86666666666667,65.0,60.77777777777778,1.2,25.0,37.0,2.0,50.0,784.8125,0.0250000152290007,263388.0,276.0932998657226,60.0032919921875,723.0625
3,2,9,2018,47.0,35.766666666666666,65.0,61.66666666666666,1.1,23.0,39.0,2.0,50.0,788.25,0.0250000149140004,263152.0,276.11239990234367,60.00396799468994,755.75
4,2,9,2018,47.0,36.66666666666666,65.0,62.55555555555557,1.0,15.0,60.0,2.0,50.0,788.25,0.0250000149140004,263152.0,276.11239990234367,60.00396799468994,755.75
5,2,9,2018,45.0,37.333333333333336,63.0,63.44444444444444,1.0,14.0,53.0,2.0,50.0,788.25,0.0250000149140004,263152.0,276.11239990234367,60.00396799468994,755.75
6,2,9,2018,37.0,38.03333333333333,53.0,64.33333333333333,0.9,12.0,37.0,2.0,50.0,792.4375,0.0250000159020014,262880.0,276.14959991455083,60.00416399383545,769.875
7,2,9,2018,39.0,38.63333333333333,55.0,65.22222222222223,0.9,14.0,30.0,2.0,50.0,792.4375,0.0250000159020014,262880.0,276.14959991455083,60.00416399383545,769.875
10,2,9,2018,43.0,39.13333333333333,60.0,66.1111111111111,0.9,17.0,33.0,2.0,50.0,792.4375,0.0250000159020014,262880.0,276.14959991455083,60.00416399383545,769.875
11,2,9,2018,46.0,39.66666666666666,64.0,67.0,0.9,18.0,35.0,2.0,50.0,792.4375,0.0250000159020014,262880.0,276.14959991455083,60.00416399383545,769.875
12,2,9,2018,43.0,40.23333333333333,60.0,67.8888888888889,0.9,13.0,74.0,2.0,50.0,790.125,0.0250000159320011,262944.0,276.13,60.0035119934082,685.0
13,2,9,2018,39.0,40.6,55.0,68.77777777777777,0.9,11.0,102.0,2.0,50.0,790.125,0.0250000159320011,262944.0,276.13,60.0035119934082,685.0
14,2,9,2018,32.0,40.56666666666667,46.0,69.66666666666667,0.9,10.0,112.0,2.0,50.0,790.125,0.0250000159320011,262944.0,276.13,60.0035119934082,685.0
15,2,9,2018,39.0,40.583333333333336,55.0,70.55555555555556,0.9,11.0,121.0,2.0,50.0,787.0625,0.0250000162380002,262784.0,276.107200012207,60.00252799224854,685.0
16,2,9,2018,34.0,40.25,49.0,71.44444444444444,1.0,11.0,128.0,2.0,50.0,787.0625,0.0250000162380002,262784.0,276.107200012207,60.00252799224854,685.0
17,2,9,2018,44.0,40.06666666666667,61.0,72.33333333333333,1.0,13.0,126.0,2.0,50.0,787.0625,0.0250000162380002,262784.0,276.107200012207,60.00252799224854,685.0
18,2,9,2018,50.0,39.9,69.0,73.22222222222223,1.1,14.0,122.0,2.0,50.0,785.125,0.0250000158939994,262744.0,276.09369995117186,60.00203999328613,685.0
19,2,9,2018,64.0,39.9,86.0,74.1111111111111,1.1,16.0,108.0,2.0,50.0,785.125,0.0250000158939994,262744.0,276.09369995117186,60.00203999328613,685.0
20,2,9,2018,72.0,40.8,96.0,75.0,1.2,18.0,90.0,2.0,50.0,785.125,0.0250000158939994,262744.0,276.09369995117186,60.00203999328613,685.0
21,2,9,2018,74.0,41.56666666666667,99.0,76.0,1.3,20.0,79.0,2.0,50.0,785.0625,0.0250000158459991,262740.0,276.0932000732421,60.00259999084473,685.125
22,2,9,2018,84.0,43.46666666666667,111.0,72.07142857142857,1.3,20.0,75.0,2.0,50.0,785.0625,0.0250000158459991,262740.0,276.0932000732421,60.00259999084473,685.125
23,2,9,2018,96.0,46.0,126.0,68.14285714285714,1.3,22.0,68.0,2.0,50.0,785.0625,0.0250000158459991,262740.0,276.0932000732421,60.00259999084473,685.125
0,3,9,2018,103.0,48.63333333333333,135.0,64.21428571428572,1.4,30.0,47.0,2.0,50.0,784.375,0.0250000170570016,262876.0,276.1254998779297,60.00532399749756,753.9375
1,3,9,2018,120.0,51.766666666666666,157.0,60.28571428571429,1.5,25.0,53.0,2.0,50.0,784.375,0.0250000170570016,262876.0,276.1254998779297,60.00532399749756,753.9375
2,3,9,2018,110.0,54.96666666666667,144.0,56.35714285714286,1.5,35.0,32.0,2.0,50.0,784.375,0.0250000170570016,262876.0,276.1254998779297,60.00532399749756,753.9375
3,3,9,2018,115.0,58.0,150.0,52.42857142857143,1.5,35.0,25.0,2.0,50.0,779.4375,0.0250000076439995,262852.0,276.1714999389648,60.00895199584961,856.6124999999997
4,3,9,2018,115.0,61.16666666666666,150.0,48.5,1.5,39.0,18.5,2.0,50.0,779.4375,0.0250000076439995,262852.0,276.1714999389648,60.00895199584961,856.6124999999997
5,3,9,2018,117.0,63.833333333333336,153.0,44.57142857142857,1.4,38.0,12.0,2.0,50.0,779.4375,0.0250000076439995,262852.0,276.1714999389648,60.00895199584961,856.6124999999997
6,3,9,2018,53.0,64.16666666666667,73.0,40.642857142857146,1.0,25.0,15.0,2.0,50.0,782.6875,0.0250000092080012,262760.0,276.17799987792966,60.00911199188232,849.25
7,3,9,2018,41.0,63.6,58.0,36.71428571428572,1.0,24.0,13.0,2.0,50.0,782.6875,0.0250000092080012,262760.0,276.17799987792966,60.00911199188232,849.25
8,3,9,2018,44.0,63.23333333333333,61.0,32.785714285714285,1.0,22.0,24.0,2.0,50.0,782.6875,0.0250000092080012,262760.0,276.17799987792966,60.00911199188232,849.25
9,3,9,2018,24.0,62.13333333333333,34.0,28.857142857142858,0.7,17.0,52.0,2.0,50.0,781.3125,0.0250000078760013,262848.0,276.17989990234366,60.00911199188232,743.0
10,3,9,2018,5.0,60.73333333333333,22.0,24.92857142857143,0.5,12.0,69.0,2.0,50.0,781.3125,0.0250000078760013,262848.0,276.17989990234366,60.00911199188232,743.0
11,3,9,2018,3.0,59.266666666666666,23.0,21.0,0.4,9.0,75.0,2.0,50.0,781.3125,0.0250000078760013,262848.0,276.17989990234366,60.00911199188232,743.0
12,3,9,2018,3.0,57.8,37.0,37.0,0.4,8.0,77.0,2.0,50.0,776.125,0.0250000070399995,263364.0,276.14759979248043,60.00399199676514,685.0
13,3,9,2018,10.0,56.63333333333333,24.0,13.0,0.4,9.0,77.0,2.0,50.0,776.125,0.0250000070399995,263364.0,276.14759979248043,60.00399199676514,685.0
14,3,9,2018,4.0,55.53333333333333,24.0,9.0,0.5,9.0,77.0,2.0,50.0,776.125,0.0250000070399995,263364.0,276.14759979248043,60.00399199676514,685.0
15,3,9,2018,7.0,54.46666666666667,24.0,13.0,0.4,10.0,76.0,2.0,50.0,773.4375,0.0250000075320005,263256.0,276.1182000732422,60.0027679977417,685.0
16,3,9,2018,3.0,53.13333333333333,21.0,20.0,0.4,11.0,67.0,2.0,50.0,773.4375,0.0250000075320005,263256.0,276.1182000732422,60.0027679977417,685.0
17,3,9,2018,3.0,51.7,21.0,13.0,0.4,14.0,66.0,2.0,50.0,773.4375,0.0250000075320005,263256.0,276.1182000732422,60.0027679977417,685.0
18,3,9,2018,3.0,50.36666666666667,19.0,12.0,0.4,19.0,62.0,2.0,50.0,774.0,0.0250000088769998,263432.0,276.107200012207,60.00911199188232,685.0
19,3,9,2018,4.0,49.2,19.0,17.0,0.5,21.0,60.0,2.0,50.0,774.0,0.0250000088769998,263432.0,276.107200012207,60.00911199188232,685.0
20,3,9,2018,6.0,48.333333333333336,23.0,23.0,0.5,20.0,57.0,2.0,50.0,774.0,0.0250000088769998,263432.0,276.107200012207,60.00911199188232,685.0
21,3,9,2018,4.0,47.16666666666666,19.0,16.0,0.4,14.0,61.0,2.0,50.0,769.875,0.0250000100620007,263508.0,276.05919982910154,60.00415999603271,685.125
22,3,9,2018,4.0,46.16666666666666,18.0,8.0,0.4,14.0,58.0,2.0,50.0,769.875,0.0250000100620007,263508.0,276.05919982910154,60.00415999603271,685.125
23,3,9,2018,3.0,44.8,15.0,12.0,0.5,18.0,48.0,2.0,50.0,769.875,0.0250000100620007,263508.0,276.05919982910154,60.00415999603271,685.125
0,4,9,2018,5.0,43.3,14.0,12.0,0.5,17.0,45.0,2.0,50.0,774.0625,0.0250000088139996,263644.0,276.12470001220703,60.00579599761963,770.875
1,4,9,2018,3.0,41.266666666666666,13.0,9.0,0.5,18.0,43.0,2.0,50.0,774.0625,0.0250000088139996,263644.0,276.12470001220703,60.00579599761963,770.875
2,4,9,2018,3.0,38.96666666666667,13.0,8.0,0.5,26.0,34.0,2.0,50.0,774.0625,0.0250000088139996,263644.0,276.12470001220703,60.00579599761963,770.875
3,4,9,2018,3.0,36.6,12.0,6.0,0.4,23.0,36.0,2.0,50.0,778.0,0.0250000073899999,263504.0,276.1689999389648,60.0090359954834,856.6124999999997
4,4,9,2018,3.0,33.9,12.0,8.0,0.4,18.0,38.0,2.0,50.0,778.0,0.0250000073899999,263504.0,276.1689999389648,60.0090359954834,856.6124999999997
5,4,9,2018,3.0,30.8,12.0,7.0,0.4,18.0,39.0,2.0,50.0,778.0,0.0250000073899999,263504.0,276.1689999389648,60.0090359954834,856.6124999999997
6,4,9,2018,4.0,27.5,13.0,7.0,0.4,19.0,40.0,2.0,50.0,783.0,0.0250000072930008,263132.0,276.18829986572257,60.00639599609375,837.625
7,4,9,2018,4.0,23.633333333333333,14.0,14.0,0.5,24.0,38.0,2.0,50.0,783.0,0.0250000072930008,263132.0,276.18829986572257,60.00639599609375,837.625
8,4,9,2018,4.0,20.1,19.0,19.0,0.5,22.0,42.0,2.0,50.0,783.0,0.0250000072930008,263132.0,276.18829986572257,60.00639599609375,837.625
9,4,9,2018,4.0,16.4,17.0,10.0,0.5,14.0,54.0,2.0,50.0,782.1875,0.0250000078340005,262952.0,276.1897998046875,60.00785999298096,744.75
10,4,9,2018,4.0,12.7,18.0,17.0,0.4,13.0,59.0,2.0,50.0,782.1875,0.0250000078340005,262952.0,276.1897998046875,60.00785999298096,744.75
11,4,9,2018,3.0,8.9,20.0,15.0,0.4,14.0,64.0,2.0,50.0,782.1875,0.0250000078340005,262952.0,276.1897998046875,60.00785999298096,744.75
12,4,9,2018,3.0,7.233333333333333,22.0,15.666666666666664,0.4,13.0,69.0,2.0,50.0,779.1875,0.0250000110070006,263180.0,276.1308999633789,60.003167991638186,685.0
13,4,9,2018,5.0,6.033333333333333,28.0,16.333333333333332,0.4,12.0,91.0,2.0,50.0,779.1875,0.0250000110070006,263180.0,276.1308999633789,60.003167991638186,685.0
14,4,9,2018,3.0,4.666666666666667,27.0,17.0,0.4,12.0,86.0,2.0,50.0,779.1875,0.0250000110070006,263180.0,276.1308999633789,60.003167991638186,685.0
15,4,9,2018,6.0,4.066666666666666,25.0,11.0,0.4,16.0,79.0,2.0,50.0,777.375,0.0250000115530006,263344.0,276.11130004882807,60.00172799682617,685.0
16,4,9,2018,3.0,4.0,26.0,24.0,0.4,15.0,83.0,2.0,50.0,777.375,0.0250000115530006,263344.0,276.11130004882807,60.00172799682617,685.0
17,4,9,2018,4.0,4.033333333333333,24.0,24.0,0.4,24.0,78.0,2.0,50.0,777.375,0.0250000115530006,263344.0,276.11130004882807,60.00172799682617,685.0
18,4,9,2018,3.0,4.033333333333333,25.0,25.0,0.4,34.0,71.0,2.0,50.0,772.75,0.0250000113679999,263400.0,276.07389984130856,60.00205999755861,685.0
19,4,9,2018,10.0,4.033333333333333,34.0,34.0,0.5,43.0,54.0,2.0,50.0,772.75,0.0250000113679999,263400.0,276.07389984130856,60.00205999755861,685.0
20,4,9,2018,3.0,4.0,54.0,57.0,0.6,46.0,41.0,2.0,50.0,772.75,0.0250000113679999,263400.0,276.07389984130856,60.00205999755861,685.0
21,4,9,2018,19.0,4.4,59.0,68.0,0.8,74.0,8.0,2.0,50.0,771.375,0.0250000116990003,263512.0,276.0591000366211,60.00137599182129,685.125
22,4,9,2018,20.0,4.966666666666667,63.0,75.0,0.7,74.0,2.0,2.0,50.0,771.375,0.0250000116990003,263512.0,276.0591000366211,60.00137599182129,685.125
23,4,9,2018,18.0,5.466666666666667,58.0,65.0,0.7,67.0,5.0,2.0,50.0,771.375,0.0250000116990003,263512.0,276.0591000366211,60.00137599182129,685.125
0,5,9,2018,13.0,5.8,39.0,39.0,0.6,43.0,22.0,2.0,50.0,777.0625,0.0250000099960006,263608.0,276.1189999389648,60.00211999511719,760.6875
1,5,9,2018,11.0,6.033333333333333,27.0,27.0,0.6,38.0,24.0,2.0,50.0,777.0625,0.0250000099960006,263608.0,276.1189999389648,60.00211999511719,760.6875
2,5,9,2018,7.0,6.066666666666666,21.0,21.0,0.5,31.0,30.0,2.0,50.0,777.0625,0.0250000099960006,263608.0,276.1189999389648,60.00211999511719,760.6875
3,5,9,2018,9.0,6.233333333333333,29.0,29.0,0.5,47.0,16.0,2.0,50.0,781.125,0.0250000085810013,263368.0,276.1872998046875,60.00377999114991,856.6124999999997
4,5,9,2018,6.0,6.3,17.0,17.0,0.5,32.0,11.0,2.0,50.0,781.125,0.0250000085810013,263368.0,276.1872998046875,60.00377999114991,856.6124999999997
5,5,9,2018,3.0,6.3,31.0,31.0,0.5,51.0,6.0,2.0,50.0,781.125,0.0250000085810013,263368.0,276.1872998046875,60.00377999114991,856.6124999999997
6,5,9,2018,10.0,6.466666666666667,20.0,17.0,0.5,40.0,25.0,2.0,50.0,785.9375,0.02500000808,263016.0,276.1931750640869,60.00859599304199,842.0625
7,5,9,2018,10.0,6.7,28.0,28.0,0.6,45.0,18.0,2.0,50.0,785.9375,0.02500000808,263016.0,276.1931750640869,60.00859599304199,842.0625
8,5,9,2018,11.0,6.966666666666667,40.0,40.0,0.7,38.0,23.0,2.0,50.0,785.9375,0.02500000808,263016.0,276.1931750640869,60.00859599304199,842.0625
9,5,9,2018,13.0,7.3,49.0,49.0,0.7,43.0,32.0,2.0,50.0,785.875,0.0250000094180004,262700.0,276.1931750640869,60.00911199188232,730.4375
10,5,9,2018,12.0,7.6,45.0,45.0,0.7,46.0,41.0,2.0,50.0,785.875,0.0250000094180004,262700.0,276.1931750640869,60.00911199188232,730.4375
11,5,9,2018,21.0,8.2,38.0,38.0,0.7,43.0,59.0,2.0,50.0,785.875,0.0250000094180004,262700.0,276.1931750640869,60.00911199188232,730.4375
12,5,9,2018,14.0,8.533333333333333,29.0,6.0,0.6,27.0,93.0,2.0,50.0,782.3125,0.0250000105830002,262732.0,276.1578997802734,60.0068159942627,685.0
13,5,9,2018,7.0,8.633333333333333,37.0,31.0,0.6,14.0,118.0,2.0,50.0,782.3125,0.0250000105830002,262732.0,276.1578997802734,60.0068159942627,685.0
14,5,9,2018,6.0,8.7,32.0,22.0,0.5,10.0,102.0,2.0,50.0,782.3125,0.0250000105830002,262732.0,276.1578997802734,60.0068159942627,685.0
15,5,9,2018,3.0,8.666666666666666,33.0,27.0,0.5,10.0,107.0,2.0,50.0,779.375,0.0250000112940007,262700.0,276.12779998779297,60.00585999298096,685.0
16,5,9,2018,9.0,8.833333333333334,38.0,37.0,0.5,11.0,121.0,2.0,50.0,779.375,0.0250000112940007,262700.0,276.12779998779297,60.00585999298096,685.0
17,5,9,2018,9.0,9.033333333333331,32.0,28.0,0.5,14.0,103.0,2.0,50.0,779.375,0.0250000112940007,262700.0,276.12779998779297,60.00585999298096,685.0
18,5,9,2018,9.0,9.233333333333333,31.0,31.0,0.5,23.0,82.0,2.0,50.0,775.75,0.0250000126260006,262700.0,276.087200012207,60.00397199249267,685.0
19,5,9,2018,13.0,9.5,44.0,44.0,0.6,31.0,69.0,2.0,50.0,775.75,0.0250000126260006,262700.0,276.087200012207,60.00397199249267,685.0
20,5,9,2018,19.0,10.033333333333331,56.0,61.0,0.7,40.0,60.0,2.0,50.0,775.75,0.0250000126260006,262700.0,276.087200012207,60.00397199249267,685.0
21,5,9,2018,20.0,10.5,65.0,80.0,0.7,41.0,63.0,2.0,50.0,780.1875,0.025000012782,262700.0,276.1225,60.00516799163818,685.125
22,5,9,2018,23.0,11.166666666666666,65.0,80.0,0.8,39.0,60.0,2.0,50.0,780.1875,0.025000012782,262700.0,276.1225,60.00516799163818,685.125
23,5,9,2018,24.0,11.833333333333334,65.0,79.0,0.9,35.0,56.0,3.0,50.0,780.1875,0.025000012782,262700.0,276.1225,60.00516799163818,685.125
0,6,9,2018,26.0,12.6,63.0,76.0,0.9,39.0,46.0,3.0,50.0,767.8125,0.0250000047460012,262732.0,276.1367999267578,60.00911199188232,773.1875
1,6,9,2018,23.0,13.033333333333331,61.0,72.0,0.8,47.0,25.0,2.0,50.0,767.8125,0.0250000047460012,262732.0,276.1367999267578,60.00911199188232,773.1875
2,6,9,2018,19.0,13.566666666666666,54.0,58.0,0.7,52.0,10.0,2.0,50.0,767.8125,0.0250000047460012,262732.0,276.1367999267578,60.00911199188232,773.1875
3,6,9,2018,15.0,13.433333333333334,52.0,54.0,0.7,56.0,2.0,2.0,50.0,769.0,0.025000005423,262892.0,276.13329986572256,60.00911199188232,856.6124999999997
4,6,9,2018,14.0,13.233333333333333,52.0,53.0,0.6,48.0,12.0,2.0,50.0,769.0,0.025000005423,262892.0,276.13329986572256,60.00911199188232,856.6124999999997
5,6,9,2018,13.0,13.066666666666666,41.0,41.0,0.6,21.0,51.0,3.0,50.0,769.0,0.025000005423,262892.0,276.13329986572256,60.00911199188232,856.6124999999997
6,6,9,2018,11.0,13.0,64.0,78.0,0.5,12.0,66.0,2.0,50.0,772.0625,0.0250000064909998,263116.0,276.1408999633789,60.00685199737549,856.6124999999997
7,6,9,2018,7.0,12.866666666666667,66.0,81.0,0.5,15.0,64.0,2.0,50.0,772.0625,0.0250000064909998,263116.0,276.1408999633789,60.00685199737549,856.6124999999997
8,6,9,2018,11.0,13.0,74.0,97.0,0.5,13.0,69.0,2.0,50.0,772.0625,0.0250000064909998,263116.0,276.1408999633789,60.00685199737549,856.6124999999997
9,6,9,2018,8.5,12.983333333333333,64.0,77.0,0.5,14.0,67.0,2.5,50.0,771.5625,0.0250000063579995,263296.0,276.13529998779296,60.00911199188232,742.125
10,6,9,2018,6.0,12.983333333333333,54.0,57.0,0.5,15.0,65.0,3.0,50.0,771.5625,0.0250000063579995,263296.0,276.13529998779296,60.00911199188232,742.125
11,6,9,2018,3.0,12.983333333333333,40.0,40.0,0.5,11.0,66.0,2.0,50.0,771.5625,0.0250000063579995,263296.0,276.13529998779296,60.00911199188232,742.125
12,6,9,2018,3.0,12.75,31.0,31.0,0.5,10.0,62.0,2.0,50.0,768.4375,0.0250000062470007,264044.0,276.1082000732422,60.00338399505616,685.0
13,6,9,2018,3.0,12.516666666666667,23.0,23.0,0.5,11.0,59.0,2.0,50.0,768.4375,0.0250000062470007,264044.0,276.1082000732422,60.00338399505616,685.0
14,6,9,2018,3.0,12.25,23.0,23.0,0.5,11.0,59.0,2.0,50.0,768.4375,0.0250000062470007,264044.0,276.1082000732422,60.00338399505616,685.0
15,6,9,2018,3.0,11.916666666666666,27.0,27.0,0.5,11.0,64.0,2.0,50.0,765.3125,0.0250000055870004,264028.0,276.0913000488281,60.00841199493408,685.0
16,6,9,2018,3.0,11.616666666666667,28.0,28.0,0.4,11.0,72.0,2.0,50.0,765.3125,0.0250000055870004,264028.0,276.0913000488281,60.00841199493408,685.0
17,6,9,2018,4.0,11.05,30.0,30.0,0.4,12.0,70.0,2.0,50.0,765.3125,0.0250000055870004,264028.0,276.0913000488281,60.00841199493408,685.0
18,6,9,2018,5.0,10.75,38.0,38.0,0.5,12.0,62.0,2.0,50.0,765.875,0.0250000057539995,264664.0,276.0932000732421,60.0053159942627,685.0
19,6,9,2018,6.0,10.716666666666669,34.0,34.0,0.6,15.0,55.0,2.0,50.0,765.875,0.0250000057539995,264664.0,276.0932000732421,60.0053159942627,685.0
20,6,9,2018,7.0,10.75,29.0,29.0,0.5,15.0,52.0,2.0,50.0,765.875,0.0250000057539995,264664.0,276.0932000732421,60.0053159942627,685.0
21,6,9,2018,7.0,10.883333333333333,27.0,27.0,0.5,15.0,50.0,2.0,50.0,766.8125,0.0250000074470006,265012.0,276.0741000366211,60.00691999816897,685.125
22,6,9,2018,8.0,10.85,23.0,23.0,0.5,17.0,48.0,2.0,50.0,766.8125,0.0250000074470006,265012.0,276.0741000366211,60.00691999816897,685.125
23,6,9,2018,11.0,10.916666666666666,25.0,25.0,0.5,22.0,42.0,2.0,50.0,766.8125,0.0250000074470006,265012.0,276.0741000366211,60.00691999816897,685.125
0,7,9,2018,5.0,10.783333333333331,21.0,21.0,0.5,23.0,40.0,2.0,50.0,769.375,0.0250000067389998,265288.0,276.10119995117185,60.00550799560547,766.0625
1,7,9,2018,4.0,10.483333333333333,19.0,19.0,0.5,22.0,39.0,2.0,50.0,769.375,0.0250000067389998,265288.0,276.10119995117185,60.00550799560547,766.0625
2,7,9,2018,3.0,9.95,17.0,17.0,0.5,21.0,38.0,2.0,50.0,769.375,0.0250000067389998,265288.0,276.10119995117185,60.00550799560547,766.0625
3,7,9,2018,3.0,9.383333333333333,17.0,17.0,0.5,17.0,43.0,2.0,50.0,772.4375,0.0250000061290003,265144.0,276.1385998535156,60.00411999511719,856.6124999999997
4,7,9,2018,3.0,8.716666666666667,19.0,19.0,0.5,22.0,32.0,2.0,50.0,772.4375,0.0250000061290003,265144.0,276.1385998535156,60.00411999511719,856.6124999999997
5,7,9,2018,5.0,8.083333333333334,28.0,28.0,0.5,34.0,21.0,2.0,50.0,772.4375,0.0250000061290003,265144.0,276.1385998535156,60.00411999511719,856.6124999999997
6,7,9,2018,3.0,7.316666666666666,30.0,30.0,0.5,29.0,24.0,2.0,50.0,774.125,0.0250000060719996,264752.0,276.1483999633789,60.00488799285888,849.375
7,7,9,2018,3.0,6.65,23.0,23.0,0.5,25.0,29.0,2.0,50.0,774.125,0.0250000060719996,264752.0,276.1483999633789,60.00488799285888,849.375
8,7,9,2018,3.0,6.116666666666666,21.0,21.0,0.5,14.0,42.0,2.0,50.0,774.125,0.0250000060719996,264752.0,276.1483999633789,60.00488799285888,849.375
9,7,9,2018,5.0,5.783333333333333,16.0,16.0,0.5,11.0,49.0,2.0,50.00004375457764,773.5625,0.0250000053490009,264676.0,276.15869995117185,60.00693199157715,742.875
10,7,9,2018,3.0,5.416666666666667,18.0,18.0,0.5,10.0,51.0,2.0,50.00004375457764,773.5625,0.0250000053490009,264676.0,276.15869995117185,60.00693199157715,742.875
11,7,9,2018,3.0,5.083333333333333,17.0,13.0,0.5,11.0,54.0,2.0,50.00004375457764,773.5625,0.0250000053490009,264676.0,276.15869995117185,60.00693199157715,742.875
12,7,9,2018,5.0,4.883333333333334,18.0,12.0,0.5,10.0,58.0,2.0,50.0,771.3125,0.0250000066180005,265036.0,276.11720001220704,60.00331199645996,685.0
13,7,9,2018,3.0,4.75,20.0,11.0,0.5,9.0,64.0,2.0,50.0,771.3125,0.0250000066180005,265036.0,276.11720001220704,60.00331199645996,685.0
14,7,9,2018,4.0,4.516666666666667,20.0,12.0,0.5,11.0,63.0,2.0,50.0,771.3125,0.0250000066180005,265036.0,276.11720001220704,60.00331199645996,685.0
15,7,9,2018,4.0,4.366666666666666,21.0,8.0,0.4,11.0,66.0,2.0,50.0,768.25,0.0250000060189999,265320.0,276.0991998291016,60.00399599456787,685.0
16,7,9,2018,8.0,4.433333333333334,21.0,11.0,0.5,13.0,66.0,2.0,50.0,768.25,0.0250000060189999,265320.0,276.0991998291016,60.00399599456787,685.0
17,7,9,2018,4.0,4.466666666666667,21.0,18.0,0.5,15.0,67.0,2.0,50.0,768.25,0.0250000060189999,265320.0,276.0991998291016,60.00399599456787,685.0
18,7,9,2018,9.0,4.666666666666667,21.0,19.0,0.5,14.0,66.0,2.0,50.0,765.25,0.0250000060499999,265612.0,276.07070007324216,60.0024999923706,685.0
19,7,9,2018,10.0,4.9,25.0,25.0,0.6,28.0,48.0,2.0,50.0,765.25,0.0250000060499999,265612.0,276.07070007324216,60.0024999923706,685.0
20,7,9,2018,16.0,5.333333333333333,38.0,38.0,0.6,38.0,36.0,2.0,50.0,765.25,0.0250000060499999,265612.0,276.07070007324216,60.0024999923706,685.0
21,7,9,2018,8.0,5.5,40.0,40.0,0.6,37.0,34.0,2.0,50.0,764.4375,0.0250000074760001,265776.0,276.041600036621,60.00488799285888,685.125
22,7,9,2018,10.0,5.733333333333333,34.0,34.0,0.6,40.0,25.0,2.0,50.0,764.4375,0.0250000074760001,265776.0,276.041600036621,60.00488799285888,685.125
23,7,9,2018,7.0,5.833333333333333,33.0,33.0,0.6,42.0,19.0,2.0,50.0,764.4375,0.0250000074760001,265776.0,276.041600036621,60.00488799285888,685.125
0,8,9,2018,5.0,5.833333333333333,34.0,34.0,0.6,42.0,18.0,2.0,50.0,770.0625,0.025000008084001,266128.0,276.0854998779297,60.00201599121094,762.8125
1,8,9,2018,8.0,5.9,52.0,53.0,0.6,46.0,11.0,2.0,50.0,770.0625,0.025000008084001,266128.0,276.0854998779297,60.00201599121094,762.8125
2,8,9,2018,3.0,5.766666666666667,37.0,37.0,0.6,41.0,12.0,2.0,50.0,770.0625,0.025000008084001,266128.0,276.0854998779297,60.00201599121094,762.8125
3,8,9,2018,11.0,5.9,35.0,35.0,0.6,52.0,4.0,2.0,50.0,772.375,0.0250000062180012,266032.0,276.1354998779296,60.00431199645996,856.6124999999997
4,8,9,2018,10.0,5.966666666666667,55.0,60.0,0.6,54.0,2.0,2.0,50.0,772.375,0.0250000062180012,266032.0,276.1354998779296,60.00431199645996,856.6124999999997
5,8,9,2018,7.0,5.833333333333333,42.0,42.0,0.6,39.0,12.0,2.0,50.0,772.375,0.0250000062180012,266032.0,276.1354998779296,60.00431199645996,856.6124999999997
6,8,9,2018,11.0,6.033333333333333,26.0,26.0,0.6,38.0,14.0,2.0,50.0,773.125,0.0250000057750009,265832.0,276.14119995117187,60.00360399627686,846.3125
7,8,9,2018,10.0,6.233333333333333,35.0,35.0,0.7,46.0,7.0,2.0,50.0,773.125,0.0250000057750009,265832.0,276.14119995117187,60.00360399627686,846.3125
8,8,9,2018,14.0,6.6,44.0,44.0,0.7,40.0,19.0,2.0,50.0,773.125,0.0250000057750009,265832.0,276.14119995117187,60.00360399627686,846.3125
9,8,9,2018,9.0,6.8,38.0,38.0,0.6,28.0,36.0,2.0,50.0,774.25,0.0250000058329999,265504.0,276.15259979248043,60.00459199523926,739.4375
10,8,9,2018,4.0,6.833333333333333,31.0,31.0,0.6,22.0,43.0,2.0,50.0,774.25,0.0250000058329999,265504.0,276.15259979248043,60.00459199523926,739.4375
11,8,9,2018,7.0,6.9,17.0,12.0,0.5,15.0,55.0,2.0,50.0,774.25,0.0250000058329999,265504.0,276.15259979248043,60.00459199523926,739.4375
12,8,9,2018,3.0,6.9,20.0,9.0,0.5,13.0,63.0,2.0,50.0,768.4375,0.0250000090690013,265788.0,276.0575,60.00273999786377,685.0
13,8,9,2018,19.0,7.433333333333334,27.0,9.333333333333334,0.5,13.0,70.0,2.0,50.0,768.4375,0.0250000090690013,265788.0,276.0575,60.00273999786377,685.0
14,8,9,2018,11.0,7.7,25.0,9.666666666666666,0.5,10.0,80.0,2.0,50.0,768.4375,0.0250000090690013,265788.0,276.0575,60.00273999786377,685.0
15,8,9,2018,3.0,7.633333333333334,27.0,10.0,0.5,10.0,86.0,2.0,50.0,769.4375,0.0250000083550009,266048.0,276.0741998291016,60.00380799102784,685.0
16,8,9,2018,3.0,7.633333333333334,28.0,16.0,0.5,11.0,91.0,2.0,50.0,769.4375,0.0250000083550009,266048.0,276.0741998291016,60.00380799102784,685.0
17,8,9,2018,6.0,7.733333333333333,29.0,20.0,0.5,12.0,94.0,2.0,50.0,769.4375,0.0250000083550009,266048.0,276.0741998291016,60.00380799102784,685.0
18,8,9,2018,4.0,7.7,28.0,28.0,0.5,16.0,91.0,2.0,50.0,768.3125,0.025000008878,266152.0,276.0580999755859,60.0022559967041,685.0
19,8,9,2018,8.0,7.866666666666666,45.0,45.0,0.6,28.0,77.0,2.0,50.0,768.3125,0.025000008878,266152.0,276.0580999755859,60.0022559967041,685.0
20,8,9,2018,14.0,8.2,58.0,66.0,0.6,37.0,61.0,2.0,50.0,768.3125,0.025000008878,266152.0,276.0580999755859,60.0022559967041,685.0
21,8,9,2018,18.0,8.666666666666666,67.0,84.0,0.8,80.0,13.0,2.0,50.0,768.0,0.0250000093849999,266288.0,276.04999999999995,60.0040359954834,685.125
22,8,9,2018,23.0,9.166666666666666,79.0,108.0,0.8,75.0,4.0,2.0,50.0,768.0,0.0250000093849999,266288.0,276.04999999999995,60.0040359954834,685.125
23,8,9,2018,17.0,9.6,62.0,73.0,0.7,59.0,13.0,2.0,50.0,768.0,0.0250000093849999,266288.0,276.04999999999995,60.0040359954834,685.125
0,9,9,2018,33.0,10.4,59.0,67.0,0.8,64.0,9.0,2.0,50.0,771.5625,0.0250000095610003,266468.0,276.0766000366211,60.001703994750976,758.0
1,9,9,2018,19.0,10.7,63.0,75.0,0.8,66.0,5.0,2.0,50.0,771.5625,0.0250000095610003,266468.0,276.0766000366211,60.001703994750976,758.0
2,9,9,2018,27.0,11.066666666666666,63.0,76.0,0.8,70.0,2.0,2.0,50.0,771.5625,0.0250000095610003,266468.0,276.0766000366211,60.001703994750976,758.0
3,9,9,2018,18.0,11.4,68.0,85.0,0.7,61.0,2.0,2.0,50.0,775.3125,0.0250000090440008,266328.0,276.1176998901367,60.00220399475098,852.9375
4,9,9,2018,16.0,11.6,56.0,61.0,0.7,58.0,2.0,2.0,50.0,775.3125,0.0250000090440008,266328.0,276.1176998901367,60.00220399475098,852.9375
5,9,9,2018,17.0,11.933333333333334,49.0,49.0,0.7,57.0,2.0,2.0,50.0,775.3125,0.0250000090440008,266328.0,276.1176998901367,60.00220399475098,852.9375
6,9,9,2018,13.0,12.2,57.0,64.0,0.7,61.0,2.0,2.0,50.0,780.8125,0.0250000089250002,266068.0,276.1510998535156,60.00537199401855,830.25
7,9,9,2018,14.0,12.4,53.0,56.0,0.7,59.0,4.0,2.0,50.0,780.8125,0.0250000089250002,266068.0,276.1510998535156,60.00537199401855,830.25
8,9,9,2018,18.0,12.9,59.0,68.0,0.8,56.0,8.0,2.0,50.0,780.8125,0.0250000089250002,266068.0,276.1510998535156,60.00537199401855,830.25
9,9,9,2018,16.0,13.066666666666666,67.0,83.0,0.9,53.0,10.0,2.0,50.0,779.75,0.0250000086829997,265740.0,276.15149993896483,60.00716399383545,735.0
10,9,9,2018,24.0,13.533333333333331,61.0,72.0,0.9,48.0,22.0,2.0,50.0,779.75,0.0250000086829997,265740.0,276.15149993896483,60.00716399383545,735.0
11,9,9,2018,32.0,14.366666666666667,59.0,67.0,0.9,43.0,36.0,2.0,50.0,779.75,0.0250000086829997,265740.0,276.15149993896483,60.00716399383545,735.0
12,9,9,2018,33.0,15.1,55.0,59.0,0.8,45.0,49.0,3.0,50.0,773.5625,0.0250000109520005,265948.0,276.0779998779296,60.00203999328613,685.0
13,9,9,2018,26.0,15.633333333333333,61.0,71.0,0.8,40.0,75.0,3.0,50.0,773.5625,0.0250000109520005,265948.0,276.0779998779296,60.00203999328613,685.0
14,9,9,2018,41.0,16.533333333333335,58.0,63.0,0.8,25.0,121.0,4.0,50.0,773.5625,0.0250000109520005,265948.0,276.0779998779296,60.00203999328613,685.0
15,9,9,2018,19.0,16.866666666666667,47.0,47.0,0.7,18.0,127.0,3.0,50.0,773.8125,0.0250000115720005,266248.0,276.07440002441405,60.00227199554443,685.0
16,9,9,2018,19.0,17.366666666666667,47.0,47.0,0.7,15.0,130.0,3.0,50.0,773.8125,0.0250000115720005,266248.0,276.07440002441405,60.00227199554443,685.0
17,9,9,2018,25.0,17.966666666666665,58.0,65.0,0.7,20.0,145.0,3.0,50.0,773.8125,0.0250000115720005,266248.0,276.07440002441405,60.00227199554443,685.0
18,9,9,2018,37.0,19.1,57.0,63.0,0.7,23.0,146.0,4.0,50.0,773.5625,0.0250000123780006,266328.0,276.0663000488281,60.00405999755859,685.0
19,9,9,2018,34.0,19.6,68.0,85.0,0.8,33.0,120.0,2.0,50.0,773.5625,0.0250000123780006,266328.0,276.0663000488281,60.00405999755859,685.0
20,9,9,2018,35.0,20.4,76.0,102.0,0.9,55.0,81.0,2.0,50.0,773.5625,0.0250000123780006,266328.0,276.0663000488281,60.00405999755859,685.0
21,9,9,2018,45.0,21.8,87.0,123.0,1.0,64.0,58.0,2.0,50.0,770.875,0.0250000108790006,266416.0,276.05499999999995,60.00259599304199,685.125
22,9,9,2018,44.0,23.166666666666668,87.0,124.0,1.1,68.0,47.0,2.0,50.0,770.875,0.0250000108790006,266416.0,276.05499999999995,60.00259599304199,685.125
23,9,9,2018,40.0,24.3,89.0,127.0,1.1,103.0,4.0,2.0,50.0,770.875,0.0250000108790006,266416.0,276.05499999999995,60.00259599304199,685.125
0,10,9,2018,31.0,25.2,81.0,111.0,1.1,100.0,2.0,2.0,50.0,771.125,0.0250000105270007,266524.0,276.0779998779296,60.00144799804689,763.5
1,10,9,2018,48.0,26.53333333333333,85.0,120.0,1.1,101.0,2.0,2.0,50.0,771.125,0.0250000105270007,266524.0,276.0779998779296,60.00144799804689,763.5
2,10,9,2018,33.0,27.166666666666668,73.0,96.0,1.0,90.0,2.0,2.0,50.0,771.125,0.0250000105270007,266524.0,276.0779998779296,60.00144799804689,763.5
3,10,9,2018,34.0,27.7,58.0,66.0,0.9,82.0,4.0,2.0,50.0,776.375,0.0250000100310007,266360.0,276.1285998535156,60.00273599243164,856.6124999999997
4,10,9,2018,37.0,28.166666666666668,67.0,84.0,1.0,83.0,2.0,2.0,50.0,776.375,0.0250000100310007,266360.0,276.1285998535156,60.00273599243164,856.6124999999997
5,10,9,2018,43.0,29.03333333333333,71.0,91.0,0.9,80.0,2.0,2.0,50.0,776.375,0.0250000100310007,266360.0,276.1285998535156,60.00273599243164,856.6124999999997
6,10,9,2018,32.0,29.0,63.0,75.0,0.9,79.0,3.0,2.0,50.0,785.1875,0.0250000084990002,266064.0,276.154700012207,60.00532399749756,797.1875
7,10,9,2018,21.0,29.066666666666663,68.0,85.0,1.0,76.0,3.0,2.0,50.0,785.1875,0.0250000084990002,266064.0,276.154700012207,60.00532399749756,797.1875
8,10,9,2018,46.0,29.7,80.0,109.0,1.2,71.0,8.0,2.0,50.0,785.1875,0.0250000084990002,266064.0,276.154700012207,60.00532399749756,797.1875
9,10,9,2018,63.0,31.2,87.0,124.0,1.3,71.0,14.0,2.0,50.00017499923706,780.0625,0.0250000104160001,265748.0,276.1314999389648,60.00218399810791,729.6875
10,10,9,2018,67.0,32.9,90.0,115.0,1.4,71.0,28.0,2.0,50.00017499923706,780.0625,0.0250000104160001,265748.0,276.1314999389648,60.00218399810791,729.6875
11,10,9,2018,62.0,34.4,84.0,96.0,1.4,62.0,52.0,4.0,50.00017499923706,780.0625,0.0250000104160001,265748.0,276.1314999389648,60.00218399810791,729.6875
12,10,9,2018,59.0,35.93333333333333,80.0,74.0,1.2,45.0,91.0,6.0,50.00018750190735,777.5625,0.0250000099300006,265924.0,276.11499999999995,60.00164799499512,685.0
13,10,9,2018,45.0,36.96666666666667,63.0,62.0,1.0,35.0,116.0,7.0,50.00018750190735,777.5625,0.0250000099300006,265924.0,276.11499999999995,60.00164799499512,685.0
14,10,9,2018,35.0,37.53333333333333,51.0,51.0,1.0,35.0,115.0,5.0,50.00018750190735,777.5625,0.0250000099300006,265924.0,276.11499999999995,60.00164799499512,685.0
15,10,9,2018,41.0,38.36666666666667,59.0,67.0,1.1,52.0,95.0,4.0,50.0,776.25,0.0250000118070002,265960.0,276.0888000488281,60.00304399108887,685.0
16,10,9,2018,35.0,38.73333333333333,65.0,79.0,1.0,53.0,95.0,4.0,50.0,776.25,0.0250000118070002,265960.0,276.0888000488281,60.00304399108887,685.0
17,10,9,2018,43.0,39.1,73.0,95.0,1.1,61.0,86.0,3.0,50.0,776.25,0.0250000118070002,265960.0,276.0888000488281,60.00304399108887,685.0
18,10,9,2018,34.0,39.13333333333333,69.0,88.0,1.1,68.0,78.0,3.0,50.0,774.3125,0.0250000113520007,265844.0,276.07639984130856,60.00160799407959,685.0
19,10,9,2018,40.0,39.6,68.0,85.0,1.2,70.0,78.0,5.0,50.0,774.3125,0.0250000113520007,265844.0,276.07639984130856,60.00160799407959,685.0
20,10,9,2018,49.0,39.86666666666667,102.0,154.0,1.4,103.0,7.0,2.0,50.0,774.3125,0.0250000113520007,265844.0,276.07639984130856,60.00160799407959,685.0
21,10,9,2018,56.0,41.1,107.0,163.0,1.3,103.0,8.0,2.0,50.00041218996048,773.3125,0.0250000097150001,265800.0,276.0813000488281,60.003643997192384,685.125
22,10,9,2018,60.0,42.46666666666667,91.0,131.0,1.3,89.0,13.0,2.0,50.00041218996048,773.3125,0.0250000097150001,265800.0,276.0813000488281,60.003643997192384,685.125
23,10,9,2018,50.0,43.3,72.0,93.0,1.2,67.0,18.0,2.0,50.00041218996048,773.3125,0.0250000097150001,265800.0,276.0813000488281,60.003643997192384,685.125
0,11,9,2018,52.0,43.8,71.0,78.0,1.1,62.0,25.0,2.0,50.0,783.5,0.025000010671,265796.0,276.0798999023437,60.001991996765135,710.8125
1,11,9,2018,42.0,44.06666666666667,59.0,68.0,1.2,60.0,23.0,2.0,50.0,783.5,0.025000010671,265796.0,276.0798999023437,60.001991996765135,710.8125
2,11,9,2018,64.0,45.03333333333333,86.0,97.0,1.2,76.0,12.0,2.0,50.0,783.5,0.025000010671,265796.0,276.0798999023437,60.001991996765135,710.8125
3,11,9,2018,65.0,45.7,88.0,114.0,1.2,74.0,8.0,2.0,50.0,786.0,0.0250000103440005,265544.0,276.10699981689453,60.0017799911499,753.1875
4,11,9,2018,60.0,46.23333333333333,82.0,114.0,1.2,74.0,12.0,2.0,50.0,786.0,0.0250000103440005,265544.0,276.10699981689453,60.0017799911499,753.1875
5,11,9,2018,69.0,47.2,93.0,100.0,1.2,55.0,16.0,2.0,50.0,786.0,0.0250000103440005,265544.0,276.10699981689453,60.0017799911499,753.1875
6,11,9,2018,74.0,48.63333333333333,99.0,97.0,1.1,51.0,22.0,2.0,50.0,784.125,0.025000009815,265160.0,276.14919982910146,60.007803993225096,808.0
7,11,9,2018,79.0,49.66666666666666,105.0,103.0,1.2,62.0,8.0,2.0,50.0,784.125,0.025000009815,265160.0,276.14919982910146,60.007803993225096,808.0
8,11,9,2018,63.0,50.66666666666666,85.0,94.0,1.2,55.0,19.0,3.0,50.0,784.125,0.025000009815,265160.0,276.14919982910146,60.007803993225096,808.0
9,11,9,2018,61.0,51.56666666666667,83.0,96.0,1.2,53.0,27.0,3.0,50.00041218996048,787.3125,0.0250000114200003,265024.0,276.1297998046875,60.00454399108887,710.75
10,11,9,2018,61.0,52.36666666666667,83.0,93.0,1.2,45.0,45.0,5.0,50.00041218996048,787.3125,0.0250000114200003,265024.0,276.1297998046875,60.00454399108887,710.75
11,11,9,2018,62.0,53.0,84.0,102.0,1.2,41.0,54.0,4.0,50.00041218996048,787.3125,0.0250000114200003,265024.0,276.1297998046875,60.00454399108887,710.75
12,11,9,2018,60.0,53.93333333333333,81.0,76.0,1.1,28.0,94.0,9.0,50.00041218996048,782.75,0.0250000117410002,265344.0,276.0938000488281,60.00244799804688,685.0
13,11,9,2018,55.0,55.06666666666667,75.0,61.0,1.0,17.0,132.0,9.0,50.00041218996048,782.75,0.0250000117410002,265344.0,276.0938000488281,60.00244799804688,685.0
14,11,9,2018,40.0,54.86666666666667,56.0,60.0,1.0,14.0,146.0,7.0,50.00041218996048,782.75,0.0250000117410002,265344.0,276.0938000488281,60.00244799804688,685.0
15,11,9,2018,24.0,53.56666666666667,55.0,60.0,1.0,14.0,148.0,6.0,50.0000625038147,781.0,0.0250000134850004,265320.0,276.0738000488281,60.00172799682617,685.0
16,11,9,2018,30.0,52.333333333333336,64.0,77.0,0.9,15.0,154.0,5.0,50.0000625038147,781.0,0.0250000134850004,265320.0,276.0738000488281,60.00172799682617,685.0
17,11,9,2018,57.0,52.16666666666666,78.0,79.0,0.9,18.0,153.0,4.0,50.0000625038147,781.0,0.0250000134850004,265320.0,276.0738000488281,60.00172799682617,685.0
18,11,9,2018,23.0,50.96666666666667,68.0,86.0,1.0,24.0,141.0,3.0,50.0,777.8125,0.0250000118520008,265284.0,276.05489990234366,60.00170799255371,685.0
19,11,9,2018,59.0,51.43333333333333,80.0,108.0,1.2,48.0,118.0,5.0,50.0,777.8125,0.0250000118520008,265284.0,276.05489990234366,60.00170799255371,685.0
20,11,9,2018,51.0,51.96666666666667,104.0,157.0,1.4,58.0,87.0,3.0,50.0,777.8125,0.0250000118520008,265284.0,276.05489990234366,60.00170799255371,685.0
21,11,9,2018,66.0,52.8,89.0,95.0,1.2,39.0,76.0,2.0,50.0,776.375,0.0250000113620003,265412.0,276.04539978027344,60.00121199798584,685.0625
22,11,9,2018,37.0,52.86666666666667,53.0,73.0,1.1,31.0,67.0,2.0,50.0,776.375,0.0250000113620003,265412.0,276.04539978027344,60.00121199798584,685.0625
23,11,9,2018,44.0,52.9,61.0,51.0,1.1,43.0,36.0,2.0,50.0,776.375,0.0250000113620003,265412.0,276.04539978027344,60.00121199798584,685.0625
0,12,9,2018,49.0,53.4,68.0,44.5,1.0,49.0,30.0,2.0,50.0,776.6875,0.0250000129980007,265516.0,276.0688000488281,60.00313999176026,731.9375
1,12,9,2018,35.5,53.25,49.5,38.0,1.0,54.0,22.0,2.0,50.0,776.6875,0.0250000129980007,265516.0,276.0688000488281,60.00313999176026,731.9375
2,12,9,2018,22.0,52.35,31.0,31.5,1.0,59.0,14.0,2.0,50.0,776.6875,0.0250000129980007,265516.0,276.0688000488281,60.00313999176026,731.9375
3,12,9,2018,24.0,51.28333333333333,34.0,25.0,0.9,50.0,14.0,2.0,50.0,778.6875,0.0250000112350005,265352.0,276.12169982910154,60.00455599212646,844.75
4,12,9,2018,25.0,50.11666666666667,36.0,29.0,1.0,48.0,5.0,2.0,50.0,778.6875,0.0250000112350005,265352.0,276.12169982910154,60.00455599212646,844.75
5,12,9,2018,34.0,49.583333333333336,49.0,36.0,1.0,47.0,3.0,2.0,50.0,778.6875,0.0250000112350005,265352.0,276.12169982910154,60.00455599212646,844.75
6,12,9,2018,40.0,49.18333333333333,56.0,50.0,1.0,51.0,2.0,2.0,50.00012499809265,787.625,0.0250000119219999,265100.0,276.14660003662107,60.005143997192384,788.375
7,12,9,2018,44.0,49.25,61.0,46.0,1.1,50.0,3.0,2.0,50.00012499809265,787.625,0.0250000119219999,265100.0,276.14660003662107,60.005143997192384,788.375
8,12,9,2018,31.0,48.15,44.0,44.0,1.1,40.0,18.0,2.0,50.00012499809265,787.625,0.0250000119219999,265100.0,276.14660003662107,60.005143997192384,788.375
9,12,9,2018,38.0,47.25,54.0,47.0,1.0,38.0,43.0,2.0,50.0,784.75,0.0250000113960001,264900.0,276.1425,60.00452799224853,711.1875
10,12,9,2018,41.0,46.61666666666667,58.0,54.0,1.0,31.0,71.0,2.0,50.0,784.75,0.0250000113960001,264900.0,276.1425,60.00452799224853,711.1875
11,12,9,2018,54.0,46.11666666666667,74.0,52.33333333333334,1.0,25.0,93.0,2.0,50.0,784.75,0.0250000113960001,264900.0,276.1425,60.00452799224853,711.1875
12,12,9,2018,49.0,45.28333333333333,68.0,50.66666666666666,0.9,21.0,113.0,2.0,50.0,781.1875,0.025000012116,265076.0,276.11,60.00411599731445,685.0
13,12,9,2018,36.0,43.85,51.0,49.0,0.9,15.0,137.0,3.0,50.0,781.1875,0.025000012116,265076.0,276.11,60.00411599731445,685.0
14,12,9,2018,44.0,43.21666666666667,61.0,63.0,1.0,15.0,152.0,4.0,50.0,781.1875,0.025000012116,265076.0,276.11,60.00411599731445,685.0
15,12,9,2018,59.0,43.15,80.0,75.0,1.1,18.0,164.0,5.0,50.0,778.4375,0.0250000122810006,265144.0,276.08709991455083,60.004815994262685,685.0
16,12,9,2018,58.0,43.05,79.0,84.0,1.1,21.0,168.0,5.0,50.0,778.4375,0.0250000122810006,265144.0,276.08709991455083,60.004815994262685,685.0
17,12,9,2018,63.0,43.083333333333336,85.0,85.0,1.1,23.0,168.0,4.0,50.0,778.4375,0.0250000122810006,265144.0,276.08709991455083,60.004815994262685,685.0
18,12,9,2018,60.0,43.083333333333336,81.0,87.0,1.2,29.0,154.0,3.0,50.0,777.75,0.0250000120340008,265176.0,276.0830999755859,60.00192399597168,685.0
19,12,9,2018,60.0,43.25,81.0,93.0,1.2,44.0,125.0,2.0,50.0,777.75,0.0250000120340008,265176.0,276.0830999755859,60.00192399597168,685.0
20,12,9,2018,58.0,43.85,79.0,101.0,1.2,51.0,102.0,2.0,50.0,777.75,0.0250000120340008,265176.0,276.0830999755859,60.00192399597168,685.0
21,12,9,2018,69.0,45.35,93.0,105.0,1.2,49.0,88.0,2.0,50.0,776.8125,0.0250000128270005,265404.0,276.0703997802734,60.001547996521,685.0625
22,12,9,2018,80.0,47.016666666666666,106.0,121.0,1.2,66.0,61.0,2.0,50.0,776.8125,0.0250000128270005,265404.0,276.0703997802734,60.001547996521,685.0625
23,12,9,2018,88.0,48.05,116.0,111.0,1.2,50.0,69.0,2.0,50.0,776.8125,0.0250000128270005,265404.0,276.0703997802734,60.001547996521,685.0625
0,13,9,2018,88.0,50.21666666666667,116.0,122.0,1.3,76.0,32.0,2.0,50.0,781.9375,0.0250000123850004,265612.0,276.08940002441403,60.00259999084473,755.75
1,13,9,2018,91.5,51.3,120.5,125.5,1.3,86.0,17.0,2.0,50.0,781.9375,0.0250000123850004,265612.0,276.08940002441403,60.00259999084473,755.75
2,13,9,2018,95.0,52.766666666666666,125.0,129.0,1.3,96.0,2.0,2.0,50.0,781.9375,0.0250000123850004,265612.0,276.08940002441403,60.00259999084473,755.75
3,13,9,2018,90.0,53.56666666666667,119.0,140.0,1.2,89.0,2.0,2.0,50.0,789.25,0.0250000127070006,265600.0,276.1341000366211,60.00361599731446,766.875
4,13,9,2018,95.0,55.5,125.0,109.0,1.1,65.0,8.0,2.0,50.0,789.25,0.0250000127070006,265600.0,276.1341000366211,60.00361599731446,766.875
5,13,9,2018,83.0,56.8,110.0,109.0,1.1,69.0,14.0,2.0,50.0,789.25,0.0250000127070006,265600.0,276.1341000366211,60.00361599731446,766.875
6,13,9,2018,77.0,57.73333333333333,103.0,93.0,1.1,70.0,8.0,2.0,50.0000625038147,792.25,0.0250000121210003,265368.0,276.15359985351563,60.00167199707031,756.6875
7,13,9,2018,69.0,58.85,93.0,74.0,1.1,55.0,14.0,2.0,50.0000625038147,792.25,0.0250000121210003,265368.0,276.15359985351563,60.00167199707031,756.6875
8,13,9,2018,80.0,60.78333333333333,106.0,95.0,1.2,59.0,16.0,2.0,50.0000625038147,792.25,0.0250000121210003,265368.0,276.15359985351563,60.00167199707031,756.6875
9,13,9,2018,88.0,62.91666666666666,116.0,110.0,1.3,51.0,32.0,2.0,50.0,790.375,0.0250000129260001,265272.0,276.1502999877929,60.00477599334717,712.375
10,13,9,2018,99.0,65.38333333333334,130.0,119.0,1.3,48.0,55.0,2.0,50.0,790.375,0.0250000129260001,265272.0,276.1502999877929,60.00477599334717,712.375
11,13,9,2018,106.0,67.78333333333333,139.0,120.0,1.3,39.0,99.0,3.0,50.0,790.375,0.0250000129260001,265272.0,276.1502999877929,60.00477599334717,712.375
12,13,9,2018,99.0,69.75,130.0,115.0,1.4,32.0,137.0,5.0,50.000143756866464,787.3125,0.025000013429,265476.0,276.125599975586,60.00082799530029,685.0
13,13,9,2018,73.0,70.71666666666667,98.0,95.0,1.2,26.0,155.0,6.0,50.000143756866464,787.3125,0.025000013429,265476.0,276.125599975586,60.00082799530029,685.0
14,13,9,2018,73.0,72.11666666666666,98.0,91.0,1.2,29.0,155.0,6.0,50.000143756866464,787.3125,0.025000013429,265476.0,276.125599975586,60.00082799530029,685.0
15,13,9,2018,72.0,73.25,96.0,99.0,1.2,30.0,159.0,5.0,50.0,783.375,0.0250000146040003,265528.0,276.09169982910146,60.00152799224853,685.0
16,13,9,2018,62.0,73.95,84.0,104.0,1.1,22.0,174.0,4.0,50.0,783.375,0.0250000146040003,265528.0,276.09169982910146,60.00152799224853,685.0
17,13,9,2018,71.0,74.51666666666667,95.0,105.0,1.1,19.0,174.0,5.0,50.0,783.375,0.0250000146040003,265528.0,276.09169982910146,60.00152799224853,685.0
18,13,9,2018,68.0,75.15,91.0,97.0,1.1,23.0,145.0,2.0,50.0,782.6875,0.0250000142070008,265532.0,276.0880999755859,60.0017319946289,685.0
19,13,9,2018,55.0,75.78333333333333,76.0,102.0,1.2,38.0,123.0,2.0,50.0,782.6875,0.0250000142070008,265532.0,276.0880999755859,60.0017319946289,685.0
20,13,9,2018,106.0,77.85,139.0,122.0,1.2,38.0,112.0,2.0,50.0,782.6875,0.0250000142070008,265532.0,276.0880999755859,60.0017319946289,685.0
21,13,9,2018,86.0,78.75,114.0,148.0,1.3,49.0,86.0,2.0,50.0,782.5,0.0250000133160008,265524.0,276.0898999023437,60.00169199371338,685.0625
22,13,9,2018,95.0,79.98333333333333,125.0,167.0,1.3,61.0,56.0,2.0,50.0,782.5,0.0250000133160008,265524.0,276.0898999023437,60.00169199371338,685.0625
23,13,9,2018,83.0,80.65,110.0,144.0,1.4,57.0,57.0,2.0,50.0,782.5,0.0250000133160008,265524.0,276.0898999023437,60.00169199371338,685.0625
0,14,9,2018,100.0,81.98333333333333,131.0,156.0,1.4,63.0,36.0,2.0,50.0,784.375,0.025000013894,265668.0,276.1013000488281,60.00226399230957,715.0625
1,14,9,2018,97.0,83.21666666666667,127.5,139.0,1.35,78.0,19.0,2.0,50.0,784.375,0.025000013894,265668.0,276.1013000488281,60.00226399230957,715.0625
2,14,9,2018,94.0,84.41666666666667,124.0,122.0,1.3,93.0,2.0,2.0,50.0,784.375,0.025000013894,265668.0,276.1013000488281,60.00226399230957,715.0625
3,14,9,2018,92.0,85.18333333333334,121.0,104.0,1.3,71.0,18.0,2.0,50.0,789.4375,0.0250000137710003,265480.0,276.14139984130856,60.004603996276856,780.375
4,14,9,2018,91.0,85.55,120.0,98.0,1.3,82.0,7.0,2.0,50.0,789.4375,0.0250000137710003,265480.0,276.14139984130856,60.004603996276856,780.375
5,14,9,2018,98.0,85.88333333333334,129.0,102.0,1.3,77.0,6.0,2.0,50.0,789.4375,0.0250000137710003,265480.0,276.14139984130856,60.004603996276856,780.375
6,14,9,2018,99.0,86.25,130.0,115.0,1.4,87.0,2.0,2.0,50.0,792.9375,0.025000013088,265324.0,276.1578997802734,60.00539999389648,759.0625
7,14,9,2018,106.0,86.73333333333333,139.0,125.0,1.4,75.0,3.0,2.0,50.0,792.9375,0.025000013088,265324.0,276.1578997802734,60.00539999389648,759.0625
8,14,9,2018,106.0,87.1,139.0,127.0,1.4,71.0,4.0,2.0,50.0,792.9375,0.025000013088,265324.0,276.1578997802734,60.00539999389648,759.0625
9,14,9,2018,104.0,87.56666666666666,136.0,130.0,1.4,64.0,15.0,2.0,50.0,791.1875,0.0250000130150001,265104.0,276.15519989013666,60.00338399505616,730.5625
10,14,9,2018,119.0,88.36666666666666,156.0,148.0,1.4,53.0,46.0,2.0,50.0,791.1875,0.0250000130150001,265104.0,276.15519989013666,60.00338399505616,730.5625
11,14,9,2018,124.0,89.73333333333333,163.0,146.0,1.5,47.0,90.0,3.0,50.0,791.1875,0.0250000130150001,265104.0,276.15519989013666,60.00338399505616,730.5625
12,14,9,2018,123.0,91.26666666666668,161.0,130.0,1.5,40.0,110.0,5.0,50.0,786.6875,0.025000013456,265284.0,276.12009979248046,60.00369199371338,685.0
13,14,9,2018,117.0,92.86666666666666,153.0,106.0,1.6,27.0,144.0,8.0,50.0,786.6875,0.025000013456,265284.0,276.12009979248046,60.00369199371338,685.0
14,14,9,2018,79.0,92.83333333333331,105.0,82.0,1.3,19.0,158.0,7.0,50.0,786.6875,0.025000013456,265284.0,276.12009979248046,60.00369199371338,685.0
15,14,9,2018,65.0,92.06666666666666,88.0,75.0,1.2,14.0,159.0,5.0,50.0,784.0,0.025000014037,265360.0,276.0978997802734,60.00218399810791,685.0
16,14,9,2018,67.0,91.0,90.0,68.0,1.1,14.0,149.0,5.0,50.0,784.0,0.025000014037,265360.0,276.0978997802734,60.00218399810791,685.0
17,14,9,2018,65.0,89.63333333333334,88.0,71.0,1.2,16.0,145.0,4.0,50.0,784.0,0.025000014037,265360.0,276.0978997802734,60.00218399810791,685.0
18,14,9,2018,74.0,88.8,99.0,94.0,1.3,21.0,138.0,3.0,50.00041218996048,785.0625,0.0250000106590008,265568.0,276.1201998901367,60.00911199188232,685.0
19,14,9,2018,88.0,89.3,116.0,129.0,1.4,33.0,121.0,2.0,50.00041218996048,785.0625,0.0250000106590008,265568.0,276.1201998901367,60.00911199188232,685.0
20,14,9,2018,109.0,90.5,143.0,155.0,1.4,41.0,101.0,2.0,50.00041218996048,785.0625,0.0250000106590008,265568.0,276.1201998901367,60.00911199188232,685.0
21,14,9,2018,114.0,91.9,149.0,160.0,1.4,43.0,83.0,2.0,50.0,780.1875,0.0250000085500013,265800.0,276.094100036621,60.00662399291992,685.0625
22,14,9,2018,120.0,93.83333333333331,157.0,156.0,1.4,51.0,67.0,2.0,50.0,780.1875,0.0250000085500013,265800.0,276.094100036621,60.00662399291992,685.0625
23,14,9,2018,135.0,95.96666666666668,179.0,165.0,1.5,62.0,50.0,2.0,50.0,780.1875,0.0250000085500013,265800.0,276.094100036621,60.00662399291992,685.0625
0,15,9,2018,139.0,98.33333333333331,184.0,170.0,1.5,57.0,39.0,2.0,50.0,778.25,0.0250000068859998,266228.0,276.0905999755859,60.00911199188232,727.75
1,15,9,2018,115.0,100.33333333333331,152.0,147.28571428571428,1.4,51.0,38.5,2.0,50.0,778.25,0.0250000068859998,266228.0,276.0905999755859,60.00911199188232,727.75
2,15,9,2018,91.0,99.83333333333331,120.0,124.57142857142856,1.3,45.0,38.0,2.0,50.0,778.25,0.0250000068859998,266228.0,276.0905999755859,60.00911199188232,727.75
3,15,9,2018,49.0,98.6,68.0,101.85714285714286,1.1,57.0,21.0,2.0,50.0,781.0625,0.0250000064940005,266320.0,276.09149993896483,60.00607999420166,759.3125
4,15,9,2018,8.0,95.7,11.0,79.14285714285714,0.6,17.0,32.0,2.0,50.0,781.0625,0.0250000064940005,266320.0,276.09149993896483,60.00607999420166,759.3125
5,15,9,2018,3.0,93.03333333333332,13.0,56.42857142857142,0.6,15.0,43.0,2.0,50.0,781.0625,0.0250000064940005,266320.0,276.09149993896483,60.00607999420166,759.3125
6,15,9,2018,3.0,89.8,13.0,33.714285714285715,0.6,14.0,40.0,2.0,50.00026249885559,782.6875,0.025000006806001,266196.0,276.1189999389648,60.0050719909668,768.4375
7,15,9,2018,3.0,86.66666666666667,13.0,11.0,0.6,14.0,40.0,2.0,50.00026249885559,782.6875,0.025000006806001,266196.0,276.1189999389648,60.0050719909668,768.4375
8,15,9,2018,3.0,83.63333333333334,21.0,21.0,0.6,13.0,39.0,2.0,50.00026249885559,782.6875,0.025000006806001,266196.0,276.1189999389648,60.0050719909668,768.4375
9,15,9,2018,3.0,80.66666666666667,29.0,29.0,0.6,15.0,36.0,2.0,50.0,783.5625,0.0250000067900009,266024.0,276.1241000366211,60.00342399597168,721.25
10,15,9,2018,4.0,77.76666666666667,26.0,26.0,0.6,18.0,33.0,2.0,50.0,783.5625,0.0250000067900009,266024.0,276.1241000366211,60.00342399597168,721.25
11,15,9,2018,5.0,74.66666666666667,16.0,16.0,0.7,15.0,41.0,2.0,50.0,783.5625,0.0250000067900009,266024.0,276.1241000366211,60.00342399597168,721.25
12,15,9,2018,4.0,71.5,14.0,14.0,0.7,15.0,43.0,2.0,50.0,779.4375,0.0250000074209999,266256.0,276.0879998779297,60.00669999694824,685.0
13,15,9,2018,3.0,68.06666666666666,14.0,10.0,0.7,15.0,44.0,2.0,50.0,779.4375,0.0250000074209999,266256.0,276.0879998779297,60.00669999694824,685.0
14,15,9,2018,3.0,64.63333333333334,17.0,10.0,0.6,12.0,54.0,2.0,50.0,779.4375,0.0250000074209999,266256.0,276.0879998779297,60.00669999694824,685.0
15,15,9,2018,6.0,61.36666666666667,18.0,9.0,0.6,13.0,59.0,2.0,50.0,776.9375,0.0250000085359998,266308.0,276.06139984130857,60.00506799316406,685.0
16,15,9,2018,3.0,57.5,20.0,12.0,0.6,14.0,64.0,2.0,50.0,776.9375,0.0250000085359998,266308.0,276.06139984130857,60.00506799316406,685.0
17,15,9,2018,7.0,53.6,20.0,9.0,0.6,16.0,64.0,2.0,50.0,776.9375,0.0250000085359998,266308.0,276.06139984130857,60.00506799316406,685.0
18,15,9,2018,3.0,49.6,18.0,15.0,0.6,22.0,57.0,2.0,50.0,773.25,0.025000009056,266144.0,276.02869995117186,60.00200799560547,685.0
19,15,9,2018,10.0,46.03333333333333,52.0,54.0,0.7,47.0,40.0,2.0,50.0,773.25,0.025000009056,266144.0,276.02869995117186,60.00200799560547,685.0
20,15,9,2018,17.0,43.96666666666667,64.0,78.0,0.8,68.0,21.0,2.0,50.0,773.25,0.025000009056,266144.0,276.02869995117186,60.00200799560547,685.0
21,15,9,2018,16.0,42.333333333333336,56.0,61.0,0.9,73.0,5.0,2.0,50.0,774.1875,0.0250000083189997,265772.0,276.0405999755859,60.00467199707031,685.0625
22,15,9,2018,21.0,40.8,69.0,87.0,0.9,74.0,4.0,2.0,50.0,774.1875,0.0250000083189997,265772.0,276.0405999755859,60.00467199707031,685.0625
23,15,9,2018,19.0,39.266666666666666,56.0,61.0,1.0,70.0,2.0,2.0,50.0,774.1875,0.0250000083189997,265772.0,276.0405999755859,60.00467199707031,685.0625
0,16,9,2018,20.0,37.46666666666667,67.0,83.0,0.8,63.0,2.0,2.0,50.0,778.5625,0.0250000065570008,265964.0,276.05329986572264,60.00722799682618,709.4375
1,16,9,2018,12.5,34.95,53.5,61.5,0.75,56.5,4.5,2.0,50.0,778.5625,0.0250000065570008,265964.0,276.05329986572264,60.00722799682618,709.4375
2,16,9,2018,5.0,31.48333333333333,40.0,40.0,0.7,50.0,7.0,2.0,50.0,778.5625,0.0250000065570008,265964.0,276.05329986572264,60.00722799682618,709.4375
3,16,9,2018,5.0,27.85,30.0,30.0,0.6,52.0,7.0,2.0,50.0,763.1875,0.025000004048001,266248.0,276.1072998046875,60.008979995727536,856.6124999999997
4,16,9,2018,6.0,24.05,18.0,18.0,0.6,36.0,24.0,2.0,50.0,763.1875,0.025000004048001,266248.0,276.1072998046875,60.008979995727536,856.6124999999997
5,16,9,2018,3.0,19.65,13.0,6.0,0.6,21.0,40.0,2.0,50.0,763.1875,0.025000004048001,266248.0,276.1072998046875,60.008979995727536,856.6124999999997
6,16,9,2018,3.0,15.116666666666667,13.0,8.0,0.6,20.0,43.0,2.0,50.0,765.9375,0.0250000041950009,266092.0,276.1303997802734,60.00688399505615,854.0
7,16,9,2018,3.0,11.383333333333333,14.0,14.0,0.6,26.0,37.0,2.0,50.0,765.9375,0.0250000041950009,266092.0,276.1303997802734,60.00688399505615,854.0
8,16,9,2018,3.0,8.45,13.0,10.0,0.6,26.0,39.0,2.0,50.0,765.9375,0.0250000041950009,266092.0,276.1303997802734,60.00688399505615,854.0
9,16,9,2018,3.0,6.916666666666667,18.0,18.0,0.7,24.0,43.0,2.0,50.0,770.3125,0.025000003974,265944.0,276.14369995117187,60.00835999298096,738.375
10,16,9,2018,3.0,6.75,18.0,6.0,0.6,16.0,56.0,2.0,50.0,770.3125,0.025000003974,265944.0,276.14369995117187,60.00835999298096,738.375
11,16,9,2018,8.0,6.916666666666667,21.0,6.0,0.5,13.0,66.0,2.0,50.0,770.3125,0.025000003974,265944.0,276.14369995117187,60.00835999298096,738.375
12,16,9,2018,3.0,6.916666666666667,22.0,6.0,0.5,13.0,71.0,2.0,50.0,768.25,0.0250000060450006,266240.0,276.08600006103507,60.001627990722646,685.0
13,16,9,2018,9.0,7.116666666666666,24.0,10.0,0.5,12.0,78.0,2.0,50.0,768.25,0.0250000060450006,266240.0,276.08600006103507,60.001627990722646,685.0
14,16,9,2018,3.0,7.116666666666666,26.0,14.0,0.5,13.0,83.0,2.0,50.0,768.25,0.0250000060450006,266240.0,276.08600006103507,60.001627990722646,685.0
15,16,9,2018,3.0,7.116666666666666,28.0,9.0,0.5,13.0,91.0,2.0,50.0,767.625,0.0250000073310006,266356.0,276.06220001220703,60.00213199615479,685.0
16,16,9,2018,3.0,7.083333333333333,30.0,12.0,0.5,13.0,97.0,2.0,50.0,767.625,0.0250000073310006,266356.0,276.06220001220703,60.00213199615479,685.0
17,16,9,2018,13.0,7.35,41.0,41.0,0.6,16.0,116.0,2.0,50.0,767.625,0.0250000073310006,266356.0,276.06220001220703,60.00213199615479,685.0
18,16,9,2018,3.0,7.316666666666666,49.0,49.0,0.6,19.0,113.0,2.0,50.0,763.125,0.0250000075250007,266376.0,276.01820007324216,60.00253999328614,685.0
19,16,9,2018,15.0,7.716666666666667,61.0,71.0,0.7,32.0,90.0,2.0,50.0,763.125,0.0250000075250007,266376.0,276.01820007324216,60.00253999328614,685.0
20,16,9,2018,20.0,8.283333333333333,76.0,102.0,0.8,47.0,62.0,2.0,50.0,763.125,0.0250000075250007,266376.0,276.01820007324216,60.00253999328614,685.0
21,16,9,2018,19.0,8.716666666666667,76.0,101.0,0.8,56.0,42.0,2.0,50.0,761.75,0.0250000067299995,266492.0,276.0148999023437,60.00408799743652,685.0625
22,16,9,2018,27.0,9.516666666666667,70.0,90.0,0.9,66.0,26.0,2.0,50.0,761.75,0.0250000067299995,266492.0,276.0148999023437,60.00408799743652,685.0625
23,16,9,2018,28.0,10.216666666666669,69.0,88.0,0.9,75.0,10.0,2.0,50.0,761.75,0.0250000067299995,266492.0,276.0148999023437,60.00408799743652,685.0625
0,17,9,2018,3.0,10.216666666666669,46.0,46.0,0.8,48.0,27.0,2.0,50.0,776.375,0.0250000060339998,266612.0,276.0669998168945,60.00237999725342,721.25
1,17,9,2018,3.0,9.983333333333333,38.0,37.0,0.75,53.5,20.5,2.0,50.0,776.375,0.0250000060339998,266612.0,276.0669998168945,60.00237999725342,721.25
2,17,9,2018,3.0,9.516666666666667,30.0,28.0,0.7,59.0,14.0,2.0,50.0,776.375,0.0250000060339998,266612.0,276.0669998168945,60.00237999725342,721.25
3,17,9,2018,4.0,9.116666666666667,35.0,35.0,0.7,63.0,8.0,2.0,50.0,768.5625,0.025000004993001,266792.0,276.13600006103513,60.00372799682617,856.6124999999997
4,17,9,2018,26.0,9.283333333333331,41.0,41.0,0.7,67.0,5.0,2.0,50.0,768.5625,0.025000004993001,266792.0,276.13600006103513,60.00372799682617,856.6124999999997
5,17,9,2018,11.0,9.016666666666667,32.0,29.0,0.6,63.0,2.0,2.0,50.0,768.5625,0.025000004993001,266792.0,276.13600006103513,60.00372799682617,856.6124999999997
6,17,9,2018,3.0,8.45,34.0,33.0,0.7,67.0,2.0,2.0,50.0,771.1875,0.0250000048399996,266472.0,276.14279998779296,60.00291199493408,839.25
7,17,9,2018,11.0,8.4,55.0,59.0,0.8,64.0,2.0,2.0,50.0,771.1875,0.0250000048399996,266472.0,276.14279998779296,60.00291199493408,839.25
8,17,9,2018,3.0,8.333333333333334,60.0,69.0,0.8,54.0,10.0,2.0,50.0,771.1875,0.0250000048399996,266472.0,276.14279998779296,60.00291199493408,839.25
9,17,9,2018,6.0,8.366666666666667,51.0,52.0,0.8,50.0,22.0,2.0,50.0,771.375,0.0250000054560005,266536.0,276.1180999755859,60.0037919921875,726.125
10,17,9,2018,12.0,8.566666666666666,53.0,55.0,0.8,45.0,33.0,2.0,50.0,771.375,0.0250000054560005,266536.0,276.1180999755859,60.0037919921875,726.125
11,17,9,2018,10.0,8.8,36.0,36.0,0.8,44.0,42.0,2.0,50.0,771.375,0.0250000054560005,266536.0,276.1180999755859,60.0037919921875,726.125
12,17,9,2018,9.0,9.0,31.0,31.0,0.7,41.0,51.0,2.0,50.0,770.5,0.0250000074090007,265936.0,276.0828997802734,60.00461199188232,685.0
13,17,9,2018,15.0,9.4,56.0,61.0,0.7,42.0,61.0,2.0,50.0,770.5,0.0250000074090007,265936.0,276.0828997802734,60.00461199188232,685.0
14,17,9,2018,12.0,9.7,45.0,45.0,0.7,31.0,86.0,2.0,50.0,770.5,0.0250000074090007,265936.0,276.0828997802734,60.00461199188232,685.0
15,17,9,2018,6.0,9.8,27.0,25.0,0.6,22.0,85.0,2.0,50.0,764.9375,0.0250000044849999,266672.0,276.076199951172,60.00493999481201,685.0
16,17,9,2018,9.0,10.0,54.0,58.0,0.6,23.0,89.0,2.0,50.0,764.9375,0.0250000044849999,266672.0,276.076199951172,60.00493999481201,685.0
17,17,9,2018,14.0,10.2,51.0,52.0,0.7,23.0,95.0,2.0,50.0,764.9375,0.0250000044849999,266672.0,276.076199951172,60.00493999481201,685.0
18,17,9,2018,13.0,10.533333333333331,54.0,57.0,0.7,40.0,66.0,2.0,50.0,765.25,0.0250000050969999,266596.0,276.06779998779297,60.00405599212647,685.0
19,17,9,2018,17.0,10.8,67.0,84.0,0.8,58.0,47.0,2.0,50.0,765.25,0.0250000050969999,266596.0,276.06779998779297,60.00405599212647,685.0
20,17,9,2018,20.0,11.366666666666667,71.0,92.0,0.8,67.0,34.0,2.0,50.0,765.25,0.0250000050969999,266596.0,276.06779998779297,60.00405599212647,685.0
21,17,9,2018,19.0,11.9,67.0,84.0,0.8,69.0,26.0,2.0,50.0,764.625,0.0250000049770008,266552.0,276.06419982910154,60.00321999359131,685.0625
22,17,9,2018,32.0,12.866666666666667,89.0,127.0,0.9,68.0,26.0,2.0,50.0,764.625,0.0250000049770008,266552.0,276.06419982910154,60.00321999359131,685.0625
23,17,9,2018,41.0,13.8,83.0,116.0,1.0,61.0,27.0,2.0,50.0,764.625,0.0250000049770008,266552.0,276.06419982910154,60.00321999359131,685.0625
0,18,9,2018,45.0,15.2,81.0,112.0,1.0,54.0,28.0,2.0,50.0,786.1875,0.0250000063380003,266580.0,276.0855999755859,60.00231199645996,698.0625
1,18,9,2018,45.0,16.2,78.5,107.0,1.0,61.5,16.0,2.0,50.0,786.1875,0.0250000063380003,266580.0,276.0855999755859,60.00231199645996,698.0625
2,18,9,2018,45.0,17.033333333333335,76.0,102.0,1.0,69.0,4.0,2.0,50.0,786.1875,0.0250000063380003,266580.0,276.0855999755859,60.00231199645996,698.0625
3,18,9,2018,43.0,17.833333333333332,78.0,106.0,1.1,74.0,2.0,2.0,50.0,783.375,0.0250000070000011,266244.0,276.1347998046875,60.00487599182129,784.75
4,18,9,2018,38.0,18.2,84.0,118.0,1.0,74.0,2.0,2.0,50.0,783.375,0.0250000070000011,266244.0,276.1347998046875,60.00487599182129,784.75
5,18,9,2018,17.0,17.833333333333332,52.0,54.0,0.8,66.0,2.0,2.0,50.0,783.375,0.0250000070000011,266244.0,276.1347998046875,60.00487599182129,784.75
6,18,9,2018,9.0,18.03333333333333,42.0,42.0,0.8,59.0,2.0,2.0,50.00016875267029,781.875,0.0250000069260001,266128.0,276.1097998046875,60.00758399200439,765.0
7,18,9,2018,9.0,18.23333333333333,49.0,49.0,0.8,58.0,2.0,2.0,50.00016875267029,781.875,0.0250000069260001,266128.0,276.1097998046875,60.00758399200439,765.0
8,18,9,2018,12.0,18.53333333333333,53.0,56.0,0.8,50.0,9.0,2.0,50.00016875267029,781.875,0.0250000069260001,266128.0,276.1097998046875,60.00758399200439,765.0
9,18,9,2018,15.0,18.9,51.0,51.0,0.8,46.0,18.0,2.0,50.0,781.0625,0.0250000079530011,265968.0,276.0880999755859,60.00431199645996,696.9375
10,18,9,2018,24.0,18.83333333333333,63.0,75.0,0.8,49.0,18.0,2.0,50.0,781.0625,0.0250000079530011,265968.0,276.0880999755859,60.00431199645996,696.9375
11,18,9,2018,17.0,19.03333333333333,49.0,49.0,0.8,49.0,27.0,2.0,50.0,781.0625,0.0250000079530011,265968.0,276.0880999755859,60.00431199645996,696.9375
12,18,9,2018,11.0,19.3,53.0,56.0,0.8,48.0,35.0,2.0,50.0,782.375,0.0250000112450001,265580.0,276.08419982910146,60.0019759979248,685.0
13,18,9,2018,17.0,19.5,52.0,54.0,0.7,42.0,53.0,2.0,50.0,782.375,0.0250000112450001,265580.0,276.08419982910146,60.0019759979248,685.0
14,18,9,2018,19.0,20.03333333333333,57.0,63.0,0.8,42.0,61.0,2.0,50.0,782.375,0.0250000112450001,265580.0,276.08419982910146,60.0019759979248,685.0
15,18,9,2018,26.0,20.7,72.0,94.0,0.9,48.0,55.0,2.0,50.0,780.3125,0.0250000116790002,265612.0,276.0667999267577,60.001067993164064,685.0
16,18,9,2018,26.0,21.166666666666668,65.0,79.0,1.0,46.0,44.0,2.0,50.0,780.3125,0.0250000116790002,265612.0,276.0667999267577,60.001067993164064,685.0
17,18,9,2018,20.0,21.5,54.0,57.0,0.9,39.0,49.0,2.0,50.0,780.3125,0.0250000116790002,265612.0,276.0667999267577,60.001067993164064,685.0
18,18,9,2018,22.0,21.933333333333334,55.0,60.0,1.0,42.0,45.0,2.0,50.0,777.25,0.0250000108910007,265488.0,276.04539978027344,60.00183199310303,685.0
19,18,9,2018,23.0,22.2,61.0,71.0,1.1,51.0,32.0,2.0,50.0,777.25,0.0250000108910007,265488.0,276.04539978027344,60.00183199310303,685.0
20,18,9,2018,31.0,22.83333333333333,67.0,83.0,1.1,55.0,25.0,2.0,50.0,777.25,0.0250000108910007,265488.0,276.04539978027344,60.00183199310303,685.0
21,18,9,2018,30.0,23.633333333333333,64.0,78.0,1.2,59.0,16.0,2.0,50.0,777.25,0.0250000111610004,265380.0,276.044400024414,60.00361599731446,685.0625
22,18,9,2018,39.0,24.633333333333333,77.0,103.0,1.3,70.0,3.0,2.0,50.0,777.25,0.0250000111610004,265380.0,276.044400024414,60.00361599731446,685.0625
23,18,9,2018,44.0,25.633333333333333,79.0,108.0,1.3,71.0,2.0,2.0,50.0,777.25,0.0250000111610004,265380.0,276.044400024414,60.00361599731446,685.0625
0,19,9,2018,35.0,26.366666666666667,87.0,123.0,1.2,66.0,2.0,2.0,50.0,780.1875,0.0250000096470005,265396.0,276.0635998535156,60.00332399749756,707.0625
1,19,9,2018,30.5,26.816666666666663,74.0,97.5,1.1,64.0,2.0,2.0,50.0,780.1875,0.0250000096470005,265396.0,276.0635998535156,60.00332399749756,707.0625
2,19,9,2018,26.0,27.016666666666666,61.0,72.0,1.0,62.0,2.0,2.0,50.0,780.1875,0.0250000096470005,265396.0,276.0635998535156,60.00332399749756,707.0625
3,19,9,2018,32.0,27.45,65.0,80.0,1.0,64.0,2.0,2.0,50.0,784.125,0.0250000089219994,265224.0,276.0945999145508,60.00405999755859,747.0625
4,19,9,2018,32.0,27.45,70.0,90.0,1.0,61.0,2.0,2.0,50.0,784.125,0.0250000089219994,265224.0,276.0945999145508,60.00405999755859,747.0625
5,19,9,2018,23.0,26.85,56.0,61.0,1.0,58.0,2.0,2.0,50.0,784.125,0.0250000089219994,265224.0,276.0945999145508,60.00405999755859,747.0625
6,19,9,2018,23.0,26.116666666666667,59.0,68.0,0.9,62.0,2.0,2.0,50.0,785.375,0.0250000078590009,265004.0,276.11279998779287,60.0024279937744,746.8125
7,19,9,2018,21.0,25.316666666666663,62.0,73.0,1.0,58.0,2.0,2.0,50.0,785.375,0.0250000078590009,265004.0,276.11279998779287,60.0024279937744,746.8125
8,19,9,2018,21.0,24.516666666666666,59.0,68.0,1.0,54.0,4.0,2.0,50.0,785.375,0.0250000078590009,265004.0,276.11279998779287,60.0024279937744,746.8125
9,19,9,2018,22.0,23.816666666666663,62.0,73.0,1.0,45.0,15.0,2.0,50.0,784.5625,0.0250000098390001,264864.0,276.09619995117185,60.00179599761963,706.25
10,19,9,2018,17.0,23.116666666666667,57.0,64.0,0.9,41.0,29.0,2.0,50.0,784.5625,0.0250000098390001,264864.0,276.09619995117185,60.00179599761963,706.25
11,19,9,2018,21.0,23.25,56.0,62.0,0.9,36.0,40.0,2.0,50.0,784.5625,0.0250000098390001,264864.0,276.09619995117185,60.00179599761963,706.25
12,19,9,2018,23.0,23.716666666666665,56.0,62.0,1.0,42.0,43.0,2.0,50.0,782.1875,0.0250000107130007,264968.0,276.0753997802734,60.00184399414064,685.0
13,19,9,2018,29.0,24.383333333333333,61.0,71.0,0.1,43.0,48.0,3.0,50.0,782.1875,0.0250000107130007,264968.0,276.0753997802734,60.00184399414064,685.0
14,19,9,2018,26.0,24.85,58.0,66.0,0.1,43.0,56.0,3.0,50.0,782.1875,0.0250000107130007,264968.0,276.0753997802734,60.00184399414064,685.0
15,19,9,2018,30.0,25.35,55.0,59.0,0.1,45.0,57.0,4.0,50.0,780.4375,0.0250000115630002,265004.0,276.0589999389648,60.00219999694824,685.0
16,19,9,2018,39.0,25.85,77.0,104.0,0.2,67.0,41.0,2.0,50.0,780.4375,0.0250000115630002,265004.0,276.0589999389648,60.00219999694824,685.0
17,19,9,2018,44.0,26.75,82.0,113.0,0.2,73.0,36.0,2.0,50.0,780.4375,0.0250000115630002,265004.0,276.0589999389648,60.00219999694824,685.0
18,19,9,2018,51.0,28.08333333333333,79.0,108.0,0.3,75.0,37.0,2.0,50.0,777.5,0.0250000107180001,264920.0,276.03869995117185,60.00247599792481,685.0
19,19,9,2018,52.0,29.25,82.0,114.0,0.3,80.0,31.0,2.0,50.0,777.5,0.0250000107180001,264920.0,276.03869995117185,60.00247599792481,685.0
20,19,9,2018,61.0,30.65,91.0,132.0,0.4,96.0,14.0,2.0,50.0,777.5,0.0250000107180001,264920.0,276.03869995117185,60.00247599792481,685.0
21,19,9,2018,62.0,31.85,88.0,126.0,0.5,103.0,7.0,2.0,50.0,775.3125,0.025000009827,264940.0,276.024100036621,60.00192799377442,685.0625
22,19,9,2018,63.0,33.083333333333336,111.0,171.0,0.7,103.0,2.0,2.0,50.0,775.3125,0.025000009827,264940.0,276.024100036621,60.00192799377442,685.0625
23,19,9,2018,54.0,34.21666666666667,92.0,134.0,0.4,82.0,2.0,2.0,50.0,775.3125,0.025000009827,264940.0,276.024100036621,60.00192799377442,685.0625
0,20,9,2018,44.0,34.95,78.0,106.0,0.3,77.0,2.0,2.0,50.0,773.3125,0.0250000116870002,265064.0,276.0575,60.00160799407959,749.8125
1,20,9,2018,43.5,35.63333333333333,89.5,128.5,0.3,76.0,2.0,5.0,50.0,773.3125,0.0250000116870002,265064.0,276.0575,60.00160799407959,749.8125
2,20,9,2018,43.0,36.03333333333333,101.0,151.0,0.3,75.0,2.0,8.0,50.0,773.3125,0.0250000116870002,265064.0,276.0575,60.00160799407959,749.8125
3,20,9,2018,41.0,36.4,86.0,121.0,0.3,69.0,2.0,2.0,50.0,781.875,0.0250000112270005,264920.0,276.109400024414,60.00322399139405,793.8125
4,20,9,2018,32.0,36.16666666666666,58.0,66.0,0.2,62.0,2.0,2.0,50.0,781.875,0.0250000112270005,264920.0,276.109400024414,60.00322399139405,793.8125
5,20,9,2018,29.0,35.666666666666664,47.0,47.0,0.1,55.0,2.0,2.0,50.0,781.875,0.0250000112270005,264920.0,276.109400024414,60.00322399139405,793.8125
6,20,9,2018,33.0,35.6,65.0,79.0,0.2,57.0,2.0,2.0,50.00009375572205,779.625,0.0250000098040001,264652.0,276.12829986572257,60.00710399627685,813.25
7,20,9,2018,38.0,35.85,71.0,92.0,0.3,60.0,2.0,2.0,50.00009375572205,779.625,0.0250000098040001,264652.0,276.12829986572257,60.00710399627685,813.25
8,20,9,2018,28.0,35.916666666666664,54.0,58.0,0.2,46.0,9.0,2.0,50.00009375572205,779.625,0.0250000098040001,264652.0,276.12829986572257,60.00710399627685,813.25
9,20,9,2018,33.0,35.95,66.0,81.0,0.2,44.0,13.0,2.0,50.0,781.3125,0.0250000113070001,264244.0,276.12669982910154,60.00434399414063,730.125
10,20,9,2018,35.0,36.05,64.0,78.0,0.2,39.0,27.0,1.0,50.0,781.3125,0.0250000113070001,264244.0,276.12669982910154,60.00434399414063,730.125
11,20,9,2018,36.0,36.48333333333333,61.0,71.0,0.3,36.0,42.0,2.0,50.0,781.3125,0.0250000113070001,264244.0,276.12669982910154,60.00434399414063,730.125
12,20,9,2018,44.0,37.18333333333333,68.0,86.0,0.3,42.0,62.0,2.0,50.0,775.5625,0.0250000112660005,264452.0,276.079700012207,60.00145999145508,685.0
13,20,9,2018,44.0,37.95,64.0,77.0,0.3,34.0,93.0,3.0,50.0,775.5625,0.0250000112660005,264452.0,276.079700012207,60.00145999145508,685.0
14,20,9,2018,47.0,38.81666666666667,65.0,79.0,0.3,27.0,116.0,3.0,50.0,775.5625,0.0250000112660005,264452.0,276.079700012207,60.00145999145508,685.0
15,20,9,2018,56.0,39.95,76.0,84.0,0.3,27.0,163.0,3.0,50.0,774.75,0.0250000110110007,264604.0,276.0747998046875,60.00457599639893,685.0
16,20,9,2018,63.0,41.48333333333333,85.0,95.0,0.3,30.0,171.0,2.0,50.0,774.75,0.0250000110110007,264604.0,276.0747998046875,60.00457599639893,685.0
17,20,9,2018,66.0,42.98333333333333,89.0,94.0,0.3,29.0,144.0,2.0,50.0,774.75,0.0250000110110007,264604.0,276.0747998046875,60.00457599639893,685.0
18,20,9,2018,48.0,43.81666666666667,66.0,48.0,0.3,31.0,120.0,2.0,50.0,770.6875,0.0250000108190002,264616.0,276.0414999389648,60.00243199157715,685.0
19,20,9,2018,47.0,44.41666666666666,65.0,69.0,0.3,37.0,90.0,2.0,50.0,770.6875,0.0250000108190002,264616.0,276.0414999389648,60.00243199157715,685.0
20,20,9,2018,61.0,45.583333333333336,83.0,97.0,0.3,64.0,46.0,2.0,50.0,770.6875,0.0250000108190002,264616.0,276.0414999389648,60.00243199157715,685.0
21,20,9,2018,71.0,46.95,95.0,111.0,0.3,73.0,26.0,2.0,50.0,767.9375,0.0250000090009998,264776.0,276.0319998168945,60.004075996398925,685.0625
22,20,9,2018,76.0,48.18333333333333,101.0,96.0,0.3,67.0,24.0,2.0,50.0,767.9375,0.0250000090009998,264776.0,276.0319998168945,60.004075996398925,685.0625
23,20,9,2018,77.0,49.28333333333333,103.0,102.0,0.3,76.0,13.0,4.0,50.0,767.9375,0.0250000090009998,264776.0,276.0319998168945,60.004075996398925,685.0625
0,21,9,2018,82.0,50.31666666666667,109.0,113.0,0.3,77.0,9.0,6.0,50.0,768.8125,0.0250000085310004,264992.0,276.0710998535156,60.00462399291993,750.8125
1,21,9,2018,74.0,51.05,99.0,109.0,0.3,81.0,2.0,2.0,50.0,768.8125,0.0250000085310004,264992.0,276.0710998535156,60.00462399291993,750.8125
2,21,9,2018,74.0,51.48333333333333,99.0,94.0,0.3,75.0,4.0,1.0,50.0,768.8125,0.0250000085310004,264992.0,276.0710998535156,60.00462399291993,750.8125
3,21,9,2018,73.0,51.85,98.0,88.0,0.3,79.0,1.0,3.0,50.0,765.9375,0.0250000042350012,264788.0,276.11829986572263,60.006491996765135,855.6875
4,21,9,2018,47.0,51.31666666666667,65.0,69.0,0.3,72.0,1.5,3.0,50.0,765.9375,0.0250000042350012,264788.0,276.11829986572263,60.006491996765135,855.6875
5,21,9,2018,38.0,50.78333333333333,54.0,59.25,0.3,62.0,2.0,3.0,50.0,765.9375,0.0250000042350012,264788.0,276.11829986572263,60.006491996765135,855.6875
6,21,9,2018,16.0,49.85,26.0,49.5,0.3,52.0,8.0,1.0,50.0,765.5625,0.0250000028930008,264580.0,276.1372998046875,60.00911199188232,846.4375
7,21,9,2018,6.0,48.6,26.0,39.75,0.3,51.0,11.0,1.0,50.0,765.5625,0.0250000028930008,264580.0,276.1372998046875,60.00911199188232,846.4375
8,21,9,2018,4.0,47.3,30.0,30.0,0.3,33.0,26.0,3.0,50.0,765.5625,0.0250000028930008,264580.0,276.1372998046875,60.00911199188232,846.4375
9,21,9,2018,6.0,46.13333333333333,33.0,33.0,0.3,29.0,31.0,3.0,50.0,765.875,0.0250000029840003,264820.0,276.13119995117194,60.00792799377442,729.3125
10,21,9,2018,6.0,45.266666666666666,15.0,6.0,0.3,21.0,48.0,3.0,50.0,765.875,0.0250000029840003,264820.0,276.13119995117194,60.00792799377442,729.3125
11,21,9,2018,6.0,44.5,42.0,42.0,0.3,23.0,55.0,3.0,50.0,765.875,0.0250000029840003,264820.0,276.13119995117194,60.00792799377442,729.3125
12,21,9,2018,13.0,43.833333333333336,54.0,57.0,0.3,22.0,73.0,3.0,50.0,762.8125,0.0250000036300011,265232.0,276.0907000732421,60.00546799468994,685.0
13,21,9,2018,11.0,42.93333333333333,24.0,34.0,0.3,17.0,78.0,1.0,50.0,762.8125,0.0250000036300011,265232.0,276.0907000732421,60.00546799468994,685.0
14,21,9,2018,3.0,42.1,23.0,11.0,0.3,15.0,75.0,1.0,50.0,762.8125,0.0250000036300011,265232.0,276.0907000732421,60.00546799468994,685.0
15,21,9,2018,2.0,41.06666666666667,26.0,26.0,0.3,16.0,70.0,3.0,50.0,762.3125,0.0250000061640013,265200.0,276.0429998779297,60.002815994262704,685.0
16,21,9,2018,2.0,39.96666666666667,28.0,28.0,0.3,18.0,66.0,3.0,50.0,762.3125,0.0250000061640013,265200.0,276.0429998779297,60.002815994262704,685.0
17,21,9,2018,2.0,38.833333333333336,33.0,33.0,0.3,18.0,64.0,3.0,50.0,762.3125,0.0250000061640013,265200.0,276.0429998779297,60.002815994262704,685.0
18,21,9,2018,5.0,37.53333333333333,54.0,57.0,0.3,26.0,51.0,3.0,50.0,758.375,0.0250000044410005,265472.0,276.0363000488281,60.006203994750976,685.0
19,21,9,2018,8.0,36.333333333333336,56.0,61.0,0.3,33.0,41.0,3.0,50.0,758.375,0.0250000044410005,265472.0,276.0363000488281,60.006203994750976,685.0
20,21,9,2018,8.0,35.03333333333333,57.0,63.0,0.3,39.0,31.0,3.0,50.0,758.375,0.0250000044410005,265472.0,276.0363000488281,60.006203994750976,685.0
21,21,9,2018,7.0,33.4,58.0,65.0,0.3,34.0,27.0,3.0,50.0,758.4375,0.0250000047810003,265672.0,276.0292999267578,60.00399599456787,685.0625
22,21,9,2018,3.0,31.4,57.0,64.0,0.3,22.0,35.0,3.0,50.0,758.4375,0.0250000047810003,265672.0,276.0292999267578,60.00399599456787,685.0625
23,21,9,2018,1.0,29.23333333333333,45.0,45.0,0.3,19.0,38.0,3.0,50.0,758.4375,0.0250000047810003,265672.0,276.0292999267578,60.00399599456787,685.0625
0,22,9,2018,2.0,27.7,56.0,61.0,0.3,29.0,28.0,3.0,50.0,759.1875,0.0250000030119996,265876.0,276.06989990234365,60.00898399353027,759.5
1,22,9,2018,10.0,26.466666666666665,51.0,51.0,0.3,29.0,27.0,3.0,50.0,759.1875,0.0250000030119996,265876.0,276.06989990234365,60.00898399353027,759.5
2,22,9,2018,4.0,24.566666666666663,40.0,40.0,0.3,25.0,30.0,3.0,50.0,759.1875,0.0250000030119996,265876.0,276.06989990234365,60.00898399353027,759.5
3,22,9,2018,6.0,22.4,62.0,73.0,0.3,51.0,2.0,3.0,50.0,761.5625,0.0250000028590001,265720.0,276.10869995117184,60.00911199188232,856.6124999999997
4,22,9,2018,19.0,20.5,63.0,75.0,0.3,55.0,2.0,1.0,50.0,761.5625,0.0250000028590001,265720.0,276.10869995117184,60.00911199188232,856.6124999999997
5,22,9,2018,22.0,18.666666666666668,61.0,72.0,0.3,54.0,2.0,1.0,50.0,761.5625,0.0250000028590001,265720.0,276.10869995117184,60.00911199188232,856.6124999999997
6,22,9,2018,18.0,16.533333333333335,61.0,72.0,0.3,53.0,2.0,1.0,50.0,763.25,0.0250000029310006,265308.0,276.12329986572263,60.00673199462891,849.6875
7,22,9,2018,13.0,14.5,34.0,34.0,0.3,46.0,10.0,2.0,50.0,763.25,0.0250000029310006,265308.0,276.12329986572263,60.00673199462891,849.6875
8,22,9,2018,11.0,12.4,51.0,51.0,0.3,39.0,18.0,2.0,50.0,763.25,0.0250000029310006,265308.0,276.12329986572263,60.00673199462891,849.6875
9,22,9,2018,8.0,10.233333333333333,41.0,41.0,0.3,35.0,28.0,1.0,50.0,764.6875,0.0250000035380013,265256.0,276.12259979248046,60.00187599182129,731.875
10,22,9,2018,9.0,8.966666666666667,17.0,17.0,0.3,20.0,47.0,1.0,50.0,764.6875,0.0250000035380013,265256.0,276.12259979248046,60.00187599182129,731.875
11,22,9,2018,6.0,7.9,18.0,14.5,0.3,14.0,58.0,3.0,50.0,764.6875,0.0250000035380013,265256.0,276.12259979248046,60.00187599182129,731.875
12,22,9,2018,2.0,7.433333333333334,19.0,12.0,0.3,14.0,62.0,3.0,50.0,760.0625,0.0250000032510012,265704.0,276.0835998535156,60.00801999664306,685.0
13,22,9,2018,9.0,7.533333333333333,21.0,18.0,0.3,14.0,67.0,3.0,50.0,760.0625,0.0250000032510012,265704.0,276.0835998535156,60.00801999664306,685.0
14,22,9,2018,1.0,7.433333333333334,27.0,27.0,0.3,15.0,82.0,3.0,50.0,760.0625,0.0250000032510012,265704.0,276.0835998535156,60.00801999664306,685.0
15,22,9,2018,3.0,7.333333333333333,31.0,31.0,0.3,16.0,90.0,3.0,50.0,755.0,0.0250000055030006,265972.0,275.99039978027344,60.00391199493408,685.0
16,22,9,2018,14.0,7.6,42.0,42.0,0.3,15.0,96.0,3.0,50.0,755.0,0.0250000055030006,265972.0,275.99039978027344,60.00391199493408,685.0
17,22,9,2018,9.0,7.7,36.0,36.0,0.3,16.0,98.0,1.0,50.0,755.0,0.0250000055030006,265972.0,275.99039978027344,60.00391199493408,685.0
18,22,9,2018,7.0,7.5,43.0,43.0,0.3,21.0,93.0,1.0,50.0,759.75,0.0250000068820007,266048.0,276.01570007324216,60.003127990722646,685.0
19,22,9,2018,10.0,7.466666666666667,54.0,57.0,0.3,54.0,56.0,1.0,50.0,759.75,0.0250000068820007,266048.0,276.01570007324216,60.003127990722646,685.0
20,22,9,2018,15.0,7.866666666666666,54.0,58.0,0.3,46.0,46.0,3.0,50.0,759.75,0.0250000068820007,266048.0,276.01570007324216,60.003127990722646,685.0
21,22,9,2018,7.0,8.033333333333333,53.0,55.0,0.3,37.0,36.0,3.0,50.0,755.4375,0.0250000036830008,266132.0,276.02940002441403,60.00321199798584,685.0625
22,22,9,2018,5.0,8.133333333333333,55.0,60.0,0.3,27.0,43.0,3.0,50.0,755.4375,0.0250000036830008,266132.0,276.02940002441403,60.00321199798584,685.0625
23,22,9,2018,9.0,8.366666666666667,57.0,63.0,0.3,22.0,47.0,1.0,50.0,755.4375,0.0250000036830008,266132.0,276.02940002441403,60.00321199798584,685.0625
0,23,9,2018,1.0,8.233333333333333,31.0,31.0,0.3,20.0,46.0,1.0,50.0,759.75,0.0250000036670006,266336.0,276.06139984130857,60.00636399841309,757.25
1,23,9,2018,11.0,8.333333333333334,32.0,32.0,0.3,40.0,25.0,3.0,50.0,759.75,0.0250000036670006,266336.0,276.06139984130857,60.00636399841309,757.25
2,23,9,2018,6.0,8.266666666666667,54.0,58.0,0.3,42.0,22.0,3.0,50.0,759.75,0.0250000036670006,266336.0,276.06139984130857,60.00636399841309,757.25
3,23,9,2018,5.0,8.2,28.0,28.0,0.3,28.0,37.0,3.0,50.0,762.4375,0.025000004075,266344.0,276.09979980468745,60.0043639907837,856.6124999999997
4,23,9,2018,2.0,8.166666666666666,41.0,41.0,0.3,40.0,31.5,3.0,50.0,762.4375,0.025000004075,266344.0,276.09979980468745,60.0043639907837,856.6124999999997
5,23,9,2018,2.0,8.2,20.0,20.0,0.3,33.0,26.0,3.0,50.0,762.4375,0.025000004075,266344.0,276.09979980468745,60.0043639907837,856.6124999999997
6,23,9,2018,6.0,8.333333333333334,52.0,53.0,0.3,32.0,26.0,3.0,50.0,764.4375,0.0250000044030006,266136.0,276.10839996337893,60.00819599151611,843.1875
7,23,9,2018,4.0,8.133333333333333,32.0,32.0,0.3,31.0,29.0,3.0,50.0,764.4375,0.0250000044030006,266136.0,276.10839996337893,60.00819599151611,843.1875
8,23,9,2018,1.0,8.033333333333333,38.0,38.0,0.3,20.0,40.0,3.0,50.0,764.4375,0.0250000044030006,266136.0,276.10839996337893,60.00819599151611,843.1875
9,23,9,2018,1.0,7.866666666666666,18.0,18.0,0.3,10.0,51.0,3.0,50.0,763.75,0.0250000040899999,266136.0,276.1091998291016,60.00911199188232,730.375
10,23,9,2018,2.0,7.3,27.0,27.0,0.3,9.0,53.0,3.0,50.0,763.75,0.0250000040899999,266136.0,276.1091998291016,60.00911199188232,730.375
11,23,9,2018,5.0,6.733333333333333,23.0,23.0,0.3,9.0,55.0,3.0,50.0,763.75,0.0250000040899999,266136.0,276.1091998291016,60.00911199188232,730.375
12,23,9,2018,1.0,6.166666666666667,33.0,33.0,0.3,10.0,57.0,3.0,50.0,761.5625,0.0250000048169996,266532.0,276.06970001220697,60.00273199462891,685.0
13,23,9,2018,10.0,6.066666666666666,56.0,61.0,0.3,9.0,60.0,3.0,50.0,761.5625,0.0250000048169996,266532.0,276.06970001220697,60.00273199462891,685.0
14,23,9,2018,20.0,6.366666666666666,52.0,54.0,0.3,10.0,59.0,3.0,50.0,761.5625,0.0250000048169996,266532.0,276.06970001220697,60.00273199462891,685.0
15,23,9,2018,2.0,6.166666666666667,48.0,48.0,0.3,10.0,58.0,3.0,50.0,758.5,0.0250000055810008,266544.0,276.0238000488281,60.00205599212647,685.0
16,23,9,2018,2.0,5.933333333333334,34.0,34.0,0.3,10.0,58.0,3.0,50.0,758.5,0.0250000055810008,266544.0,276.0238000488281,60.00205599212647,685.0
17,23,9,2018,2.0,5.8,26.0,26.0,0.3,11.0,57.0,3.0,50.0,758.5,0.0250000055810008,266544.0,276.0238000488281,60.00205599212647,685.0
18,23,9,2018,3.0,5.833333333333333,27.0,27.0,0.3,15.0,53.0,3.0,50.0,754.5625,0.0250000058360006,266960.0,275.9779998779297,60.00363199615479,685.0
19,23,9,2018,1.0,5.566666666666666,34.0,34.0,0.3,20.0,46.0,3.0,50.0,754.5625,0.0250000058360006,266960.0,275.9779998779297,60.00363199615479,685.0
20,23,9,2018,3.0,5.633333333333334,39.0,39.0,0.3,23.0,40.0,1.0,50.0,754.5625,0.0250000058360006,266960.0,275.9779998779297,60.00363199615479,685.0
21,23,9,2018,9.0,5.833333333333333,29.0,29.0,0.3,31.0,30.0,1.0,50.0,756.0,0.025000006860001,266608.0,275.9764999389648,60.0023039932251,685.0625
22,23,9,2018,14.0,5.833333333333333,51.0,51.0,0.3,56.0,8.0,1.0,50.0,756.0,0.025000006860001,266608.0,275.9764999389648,60.0023039932251,685.0625
23,23,9,2018,8.0,5.8,40.0,40.0,0.3,44.0,15.0,1.0,50.0,756.0,0.025000006860001,266608.0,275.9764999389648,60.0023039932251,685.0625
0,24,9,2018,11.0,5.933333333333334,60.0,69.0,0.3,56.0,4.0,1.0,50.0,762.25,0.0250000056430008,267500.0,276.049700012207,60.0050839920044,749.1875
1,24,9,2018,6.0,5.8,47.0,47.0,0.3,57.0,2.0,1.0,50.0,762.25,0.0250000056430008,267500.0,276.049700012207,60.0050839920044,749.1875
2,24,9,2018,5.0,5.466666666666667,51.0,51.0,0.3,57.0,1.0,1.0,50.0,762.25,0.0250000056430008,267500.0,276.049700012207,60.0050839920044,749.1875
3,24,9,2018,8.0,5.5,50.0,50.0,0.3,55.0,2.0,1.0,50.0,766.0,0.0250000054340008,267372.0,276.1026998901367,60.005031997680646,856.6124999999997
4,24,9,2018,8.0,5.6,39.0,39.0,0.3,56.0,1.0,1.0,50.0,766.0,0.0250000054340008,267372.0,276.1026998901367,60.005031997680646,856.6124999999997
5,24,9,2018,10.0,5.633333333333334,54.0,57.0,0.3,54.0,2.0,1.0,50.0,766.0,0.0250000054340008,267372.0,276.1026998901367,60.005031997680646,856.6124999999997
6,24,9,2018,9.0,5.9,47.0,47.0,0.3,51.0,1.0,1.0,50.0,768.0,0.0250000055860001,266872.0,276.11850006103515,60.00448399353027,841.3125
7,24,9,2018,8.0,5.8,49.0,49.0,0.3,46.0,2.0,1.0,50.0,768.0,0.0250000055860001,266872.0,276.11850006103515,60.00448399353027,841.3125
8,24,9,2018,9.0,5.9,49.0,49.0,0.3,38.0,9.0,1.0,50.0,768.0,0.0250000055860001,266872.0,276.11850006103515,60.00448399353027,841.3125
9,24,9,2018,8.0,6.0,44.0,44.0,0.3,37.0,16.0,2.0,50.0,768.25,0.025000005748,266808.0,276.10489990234373,60.004667991638186,713.6875
10,24,9,2018,7.0,6.166666666666667,13.0,12.0,0.3,26.0,30.0,3.0,50.0,768.25,0.025000005748,266808.0,276.10489990234373,60.004667991638186,713.6875
11,24,9,2018,7.0,6.333333333333333,19.0,19.0,0.3,20.0,41.0,3.0,50.0,768.25,0.025000005748,266808.0,276.10489990234373,60.004667991638186,713.6875
12,24,9,2018,2.0,6.2,17.0,2.0,0.3,15.0,55.0,2.0,50.0,760.6875,0.0250000052359998,267120.0,276.04199981689453,60.00404399108886,685.0
13,24,9,2018,5.0,6.233333333333333,20.0,3.5,0.3,13.0,63.0,1.0,50.0,760.6875,0.0250000052359998,267120.0,276.04199981689453,60.00404399108886,685.0
14,24,9,2018,4.0,6.333333333333333,22.0,5.0,0.3,12.0,71.0,3.0,50.0,760.6875,0.0250000052359998,267120.0,276.04199981689453,60.00404399108886,685.0
15,24,9,2018,3.0,6.4,24.0,20.0,0.3,13.0,76.0,1.0,50.0,759.3125,0.0250000054260008,267312.0,276.0244998168945,60.00399199676514,685.0
16,24,9,2018,6.0,6.533333333333333,25.0,23.0,0.3,13.0,81.0,3.0,50.0,759.3125,0.0250000054260008,267312.0,276.0244998168945,60.00399199676514,685.0
17,24,9,2018,4.0,6.5,28.0,28.0,0.3,13.0,87.0,3.0,50.0,759.3125,0.0250000054260008,267312.0,276.0244998168945,60.00399199676514,685.0
18,24,9,2018,6.0,6.666666666666667,28.0,28.0,0.3,15.0,79.0,3.0,50.00005000114441,757.625,0.0250000066900011,266648.0,275.987200012207,60.00054799652099,685.0
19,24,9,2018,9.0,6.633333333333334,58.0,65.0,0.3,28.0,60.0,3.0,50.00005000114441,757.625,0.0250000066900011,266648.0,275.987200012207,60.00054799652099,685.0
20,24,9,2018,17.0,6.533333333333333,61.0,71.0,0.3,30.0,51.0,3.0,50.00005000114441,757.625,0.0250000066900011,266648.0,275.987200012207,60.00054799652099,685.0
21,24,9,2018,25.0,7.3,63.0,76.0,0.3,56.0,26.0,1.0,50.0,760.75,0.025000007906001,266752.0,276.0022998046875,60.002207992553714,685.0625
22,24,9,2018,31.0,8.266666666666667,72.0,94.0,0.3,79.0,3.0,1.0,50.0,760.75,0.025000007906001,266752.0,276.0022998046875,60.002207992553714,685.0625
23,24,9,2018,39.0,9.5,75.0,100.0,0.3,65.0,5.0,1.0,50.0,760.75,0.025000007906001,266752.0,276.0022998046875,60.002207992553714,685.0625
0,25,9,2018,38.0,10.666666666666666,65.0,80.0,0.3,43.0,26.0,2.0,50.0,769.5625,0.0250000076670013,267056.0,276.0367999267578,60.00339199066162,720.375
1,25,9,2018,33.0,11.733333333333333,67.0,83.0,0.7,44.0,22.0,6.0,50.0,769.5625,0.0250000076670013,267056.0,276.0367999267578,60.00339199066162,720.375
2,25,9,2018,32.0,12.7,60.0,70.0,0.5,57.0,9.0,3.0,50.0,769.5625,0.0250000076670013,267056.0,276.0367999267578,60.00339199066162,720.375
3,25,9,2018,26.0,13.266666666666667,63.0,75.0,0.3,61.0,1.0,1.0,50.00004375457764,777.0625,0.0250000079410001,266884.0,276.0902999877929,60.003455993652345,791.0625
4,25,9,2018,21.0,13.5,54.0,58.0,0.3,58.0,1.5,3.0,50.00004375457764,777.0625,0.0250000079410001,266884.0,276.0902999877929,60.003455993652345,791.0625
5,25,9,2018,23.0,14.0,60.0,70.0,0.3,54.0,2.0,3.0,50.00004375457764,777.0625,0.0250000079410001,266884.0,276.0902999877929,60.003455993652345,791.0625
6,25,9,2018,24.0,14.433333333333334,54.0,58.0,0.3,59.0,2.0,3.0,50.00005000114441,772.625,0.0250000067219994,266680.0,276.105,60.00655599212647,813.6875
7,25,9,2018,21.0,14.933333333333334,57.0,63.0,0.3,58.0,1.0,3.0,50.00005000114441,772.625,0.0250000067219994,266680.0,276.105,60.00655599212647,813.6875
8,25,9,2018,23.0,15.533333333333331,59.0,68.0,0.3,51.0,6.0,3.0,50.00005000114441,772.625,0.0250000067219994,266680.0,276.105,60.00655599212647,813.6875
9,25,9,2018,23.0,16.033333333333335,70.0,89.0,0.3,52.0,11.0,1.0,50.0,775.0,0.0250000072349999,266596.0,276.0875,60.00716399383545,707.5625
10,25,9,2018,31.0,16.8,75.0,99.0,0.3,53.0,22.0,2.0,50.0,775.0,0.0250000072349999,266596.0,276.0875,60.00716399383545,707.5625
12,25,9,2018,14.0,16.933333333333334,35.0,35.0,0.3,16.0,78.0,4.0,50.00041218996048,772.75,0.0250000090510007,266764.0,276.05329986572264,60.00094799804688,685.0
13,25,9,2018,20.0,17.3,34.0,34.0,0.3,13.0,96.0,4.0,50.00041218996048,772.75,0.0250000090510007,266764.0,276.05329986572264,60.00094799804688,685.0
14,25,9,2018,35.0,18.2,50.0,38.0,0.3,14.0,98.0,4.0,50.00041218996048,772.75,0.0250000090510007,266764.0,276.05329986572264,60.00094799804688,685.0
15,25,9,2018,21.0,18.6,42.0,42.0,0.3,16.0,95.0,2.0,50.0,771.25,0.0250000082940012,266792.0,276.04660003662104,60.00219599151611,685.0
16,25,9,2018,31.0,19.366666666666667,44.0,38.0,0.3,17.0,95.0,2.0,50.0,771.25,0.0250000082940012,266792.0,276.04660003662104,60.00219599151611,685.0
17,25,9,2018,22.0,19.866666666666667,49.0,49.0,0.3,19.0,91.0,2.0,50.0,771.25,0.0250000082940012,266792.0,276.04660003662104,60.00219599151611,685.0
18,25,9,2018,26.0,20.5,63.0,76.0,0.3,25.0,76.0,4.0,50.0,770.4375,0.025000007968001,266776.0,276.0422998046875,60.0017799911499,685.0
19,25,9,2018,21.0,21.133333333333333,53.0,56.0,0.3,27.0,62.0,4.0,50.0,770.4375,0.025000007968001,266776.0,276.0422998046875,60.0017799911499,685.0
20,25,9,2018,33.0,22.066666666666663,57.0,63.0,0.3,31.0,50.0,3.0,50.0,770.4375,0.025000007968001,266776.0,276.0422998046875,60.0017799911499,685.0
21,25,9,2018,30.0,22.933333333333334,58.0,65.0,0.3,36.0,42.0,3.0,50.0,768.6875,0.0250000082550011,266900.0,276.0242999267578,60.00240799713135,685.0625
22,25,9,2018,29.0,23.8,53.0,55.0,0.3,32.0,47.0,3.0,50.0,768.6875,0.0250000082550011,266900.0,276.0242999267578,60.00240799713135,685.0625
23,25,9,2018,27.0,24.5,58.0,66.0,0.3,49.0,26.0,3.0,50.0,768.6875,0.0250000082550011,266900.0,276.0242999267578,60.00240799713135,685.0625
0,26,9,2018,35.0,25.53333333333333,61.0,72.0,0.3,46.0,24.0,2.0,50.0,770.5,0.0250000085129998,267004.0,276.04929992675784,60.00199999237061,730.875
1,26,9,2018,34.0,26.466666666666665,62.0,74.0,0.3,45.0,21.0,2.0,50.0,770.5,0.0250000085129998,267004.0,276.04929992675784,60.00199999237061,730.875
2,26,9,2018,38.0,27.433333333333334,68.0,85.0,0.3,59.0,6.0,1.0,50.0,770.5,0.0250000085129998,267004.0,276.04929992675784,60.00199999237061,730.875
3,26,9,2018,38.0,28.133333333333333,60.0,69.0,0.3,64.0,2.0,1.0,50.0,774.8125,0.025000008382,266876.0,276.08160003662107,60.00199599456787,802.0625
4,26,9,2018,38.0,28.566666666666663,75.0,100.0,0.3,65.0,2.0,1.0,50.0,774.8125,0.025000008382,266876.0,276.08160003662107,60.00199599456787,802.0625
5,26,9,2018,34.0,28.666666666666668,77.0,103.0,0.3,63.0,2.0,1.0,50.0,774.8125,0.025000008382,266876.0,276.08160003662107,60.00199599456787,802.0625
6,26,9,2018,41.0,28.73333333333333,70.0,90.0,0.3,60.0,2.0,1.0,50.0,774.875,0.0250000069910008,266668.0,276.11079986572264,60.00523999786377,804.9375
7,26,9,2018,31.0,28.5,52.0,54.0,0.3,55.0,2.0,3.0,50.0,774.875,0.0250000069910008,266668.0,276.11079986572264,60.00523999786377,804.9375
8,26,9,2018,32.0,28.466666666666665,56.0,61.0,0.3,49.0,10.0,3.0,50.0,774.875,0.0250000069910008,266668.0,276.11079986572264,60.00523999786377,804.9375
9,26,9,2018,35.0,28.566666666666663,59.0,67.0,0.3,43.0,24.0,1.0,50.0,775.4375,0.0250000076940003,266340.0,276.099400024414,60.00395999145508,719.25
10,26,9,2018,36.0,28.9,57.0,64.0,0.3,42.0,39.0,3.0,50.0,775.4375,0.0250000076940003,266340.0,276.099400024414,60.00395999145508,719.25
11,26,9,2018,12.0,28.6,44.0,44.0,0.3,30.0,61.0,4.0,50.0,775.4375,0.0250000076940003,266340.0,276.099400024414,60.00395999145508,719.25
12,26,9,2018,23.0,28.6,41.0,41.0,0.3,22.0,73.0,5.0,50.0,769.5,0.025000008301001,266492.0,276.0426998901367,60.00289599609375,685.0
13,26,9,2018,15.0,28.3,27.0,23.0,0.3,16.0,87.0,5.0,50.0,769.5,0.025000008301001,266492.0,276.0426998901367,60.00289599609375,685.0
14,26,9,2018,21.0,28.3,32.0,32.0,0.3,14.0,101.0,4.0,50.0,769.5,0.025000008301001,266492.0,276.0426998901367,60.00289599609375,685.0
15,26,9,2018,35.0,28.7,50.0,49.0,0.3,17.0,118.0,3.0,50.0,768.5625,0.0250000096390005,266548.0,276.02369995117186,60.00087599182129,685.0
16,26,9,2018,46.0,29.466666666666665,64.0,64.0,0.3,23.0,116.0,3.0,50.0,768.5625,0.0250000096390005,266548.0,276.02369995117186,60.00087599182129,685.0
17,26,9,2018,60.0,30.433333333333334,81.0,73.0,0.3,21.0,112.0,2.0,50.0,768.5625,0.0250000096390005,266548.0,276.02369995117186,60.00087599182129,685.0
18,26,9,2018,39.0,31.266666666666666,55.0,57.0,0.3,23.0,104.0,2.0,50.0,765.4375,0.0250000085840001,266524.0,276.00419982910154,60.00168799591064,685.0
19,26,9,2018,42.0,32.0,67.0,84.0,0.3,38.0,76.0,3.0,50.0,765.4375,0.0250000085840001,266524.0,276.00419982910154,60.00168799591064,685.0
20,26,9,2018,41.0,32.2,69.0,87.0,0.3,38.0,63.0,2.0,50.0,765.4375,0.0250000085840001,266524.0,276.00419982910154,60.00168799591064,685.0
21,26,9,2018,37.0,32.733333333333334,69.0,88.0,0.3,52.0,44.0,2.0,50.0,765.25,0.025000008332001,266400.0,276.0042999267577,60.00173999786377,685.0625
22,26,9,2018,50.0,33.36666666666667,69.0,84.0,0.3,59.0,37.0,2.0,50.0,765.25,0.025000008332001,266400.0,276.0042999267577,60.00173999786377,685.0625
23,26,9,2018,47.0,34.2,72.0,93.0,0.3,73.0,26.0,1.0,50.0,765.25,0.025000008332001,266400.0,276.0042999267577,60.00173999786377,685.0625
0,27,9,2018,57.0,35.233333333333334,83.0,115.0,0.3,91.0,2.0,1.0,50.0,778.4375,0.0250000090190004,266416.0,276.0305999755859,60.00173599243164,707.9375
1,27,9,2018,51.0,36.23333333333333,70.0,88.0,0.3,81.0,1.0,3.0,50.0,778.4375,0.0250000090190004,266416.0,276.0305999755859,60.00173599243164,707.9375
2,27,9,2018,48.0,36.73333333333333,66.0,78.0,0.3,79.0,1.0,1.0,50.0,778.4375,0.0250000090190004,266416.0,276.0305999755859,60.00173599243164,707.9375
3,27,9,2018,49.0,37.36666666666667,68.0,73.0,0.3,77.0,2.0,1.0,50.0,785.125,0.025000008351,266236.0,276.0783999633789,60.00397199249267,717.4375
4,27,9,2018,48.0,38.0,66.0,70.0,0.3,79.0,2.0,1.0,50.0,785.125,0.025000008351,266236.0,276.0783999633789,60.00397199249267,717.4375
5,27,9,2018,62.0,39.16666666666666,84.0,85.0,0.3,76.0,2.0,2.0,50.0,785.125,0.025000008351,266236.0,276.0783999633789,60.00397199249267,717.4375
6,27,9,2018,53.0,39.766666666666666,75.0,100.0,0.3,76.0,2.0,2.0,50.00041218996048,786.5,0.0250000086810011,265832.0,276.0888000488281,60.00405199432373,715.1875
7,27,9,2018,56.0,40.5,78.0,105.0,0.3,70.0,2.0,2.0,50.00041218996048,786.5,0.0250000086810011,265832.0,276.0888000488281,60.00405199432373,715.1875
8,27,9,2018,47.0,40.8,77.0,104.0,0.3,72.0,2.0,2.0,50.00041218996048,786.5,0.0250000086810011,265832.0,276.0888000488281,60.00405199432373,715.1875
9,27,9,2018,64.0,41.66666666666666,86.0,117.0,0.5,79.0,6.0,3.0,50.0,785.125,0.0250000085760001,265472.0,276.08269989013667,60.00342399597168,693.9375
10,27,9,2018,70.5,42.75,94.5,112.0,0.5,74.5,23.0,4.5,50.0,785.125,0.0250000085760001,265472.0,276.08269989013667,60.00342399597168,693.9375
11,27,9,2018,77.0,44.18333333333333,103.0,107.0,0.5,70.0,40.0,6.0,50.0,785.125,0.0250000085760001,265472.0,276.08269989013667,60.00342399597168,693.9375
12,27,9,2018,91.0,45.85,120.0,110.0,0.5,78.0,37.0,6.0,50.00041218996048,781.125,0.0250000106160007,265488.0,276.0485000610352,60.00252799224854,685.0
13,27,9,2018,91.0,47.85,120.0,120.0,0.6,70.0,46.0,7.0,50.00041218996048,781.125,0.0250000106160007,265488.0,276.0485000610352,60.00252799224854,685.0
14,27,9,2018,96.0,49.98333333333333,126.0,111.0,0.7,48.0,76.0,7.0,50.00041218996048,781.125,0.0250000106160007,265488.0,276.0485000610352,60.00252799224854,685.0
15,27,9,2018,100.0,52.15,131.0,101.0,0.6,55.0,68.0,6.0,50.0,779.4375,0.0250000104849999,265540.0,276.0357998657226,60.00322799682617,685.0
16,27,9,2018,86.0,53.81666666666667,114.0,106.0,0.5,64.0,56.0,5.0,50.0,779.4375,0.0250000104849999,265540.0,276.0357998657226,60.00322799682617,685.0
17,27,9,2018,81.0,56.11666666666667,108.0,100.0,0.6,49.0,68.0,4.0,50.0,779.4375,0.0250000104849999,265540.0,276.0357998657226,60.00322799682617,685.0
18,27,9,2018,83.0,58.11666666666667,110.0,100.0,0.5,50.0,68.0,3.0,50.00008125305176,778.4375,0.0250000100750001,265532.0,276.02859985351563,60.00162399291992,685.0
19,27,9,2018,83.0,60.38333333333333,110.0,105.0,0.6,53.0,59.0,3.0,50.00008125305176,778.4375,0.0250000100750001,265532.0,276.02859985351563,60.00162399291992,685.0
20,27,9,2018,101.0,63.05,133.0,126.0,0.9,77.0,32.0,3.0,50.00008125305176,778.4375,0.0250000100750001,265532.0,276.02859985351563,60.00162399291992,685.0
21,27,9,2018,103.0,65.31666666666666,135.0,135.0,0.9,69.0,21.0,1.0,50.00011875152588,777.125,0.0250000093320012,265444.0,276.0198999023437,60.00166399383545,685.0625
22,27,9,2018,107.0,67.35,140.0,126.6875,0.9,48.0,33.0,1.0,50.00011875152588,777.125,0.0250000093320012,265444.0,276.0198999023437,60.00166399383545,685.0625
23,27,9,2018,103.0,68.78333333333333,135.0,118.375,0.9,60.0,18.0,1.0,50.00011875152588,777.125,0.0250000093320012,265444.0,276.0198999023437,60.00166399383545,685.0625
0,28,9,2018,106.0,71.01666666666667,139.0,110.0625,0.9,67.0,13.0,3.0,50.00011875152588,767.875,0.0250000102369999,265532.0,276.0307998657226,60.004031997680656,723.1875
1,28,9,2018,95.0,72.78333333333333,125.0,101.75,0.9,74.0,6.0,1.0,50.00011875152588,767.875,0.0250000102369999,265532.0,276.0307998657226,60.004031997680656,723.1875
2,28,9,2018,109.0,75.05,143.0,93.4375,0.8,56.0,21.0,1.0,50.00011875152588,767.875,0.0250000102369999,265532.0,276.0307998657226,60.004031997680656,723.1875
3,28,9,2018,116.0,77.68333333333334,151.0,85.125,0.8,64.0,9.0,3.0,50.0,772.125,0.0250000108580002,265240.0,276.0735998535156,60.00381199645996,831.1875
4,28,9,2018,114.0,79.81666666666666,149.0,76.8125,0.8,49.0,21.0,3.0,50.0,772.125,0.0250000108580002,265240.0,276.0735998535156,60.00381199645996,831.1875
5,28,9,2018,114.0,82.05,149.0,68.5,0.8,57.0,6.0,3.0,50.0,772.125,0.0250000108580002,265240.0,276.0735998535156,60.00381199645996,831.1875
6,28,9,2018,71.0,82.51666666666667,95.0,60.1875,0.7,32.0,23.0,1.0,50.00041218996048,773.0,0.0250000082820002,264616.0,276.1001998901367,60.00911199188232,815.5625
7,28,9,2018,69.0,83.11666666666666,93.0,51.875,0.7,45.0,7.0,1.0,50.00041218996048,773.0,0.0250000082820002,264616.0,276.1001998901367,60.00911199188232,815.5625
8,28,9,2018,92.0,84.58333333333333,121.0,43.5625,0.6,35.0,36.0,1.0,50.00041218996048,773.0,0.0250000082820002,264616.0,276.1001998901367,60.00911199188232,815.5625
9,28,9,2018,96.0,86.15,126.0,35.25,0.5,24.0,50.0,1.0,50.0,772.25,0.0250000061659999,264524.0,276.11529998779287,60.00489199829102,714.375
10,28,9,2018,94.0,87.68333333333334,124.0,26.9375,0.6,25.0,56.0,1.0,50.0,772.25,0.0250000061659999,264524.0,276.11529998779287,60.00489199829102,714.375
11,28,9,2018,98.0,88.88333333333334,129.0,18.625,0.5,23.0,60.0,1.0,50.0,772.25,0.0250000061659999,264524.0,276.11529998779287,60.00489199829102,714.375
12,28,9,2018,110.0,90.78333333333332,144.0,10.3125,0.3,21.0,78.0,1.0,50.0,768.0625,0.0250000080360006,265348.0,276.0544000244141,60.00733999633789,685.0
13,28,9,2018,71.5,91.3,27.0,2.0,0.3,16.0,87.0,1.0,50.0,768.0625,0.0250000080360006,265348.0,276.0544000244141,60.00733999633789,685.0
14,28,9,2018,33.0,90.83333333333331,47.0,19.5,0.3,16.0,91.0,1.0,50.0,768.0625,0.0250000080360006,265348.0,276.0544000244141,60.00733999633789,685.0
15,28,9,2018,29.0,89.66666666666667,41.0,37.0,0.3,19.0,86.0,1.0,50.00010000228882,764.1875,0.0250000071590002,265432.0,276.02869995117186,60.00227999114991,685.0
16,28,9,2018,43.0,88.75,60.0,54.5,0.1,22.0,83.0,5.0,50.00010000228882,764.1875,0.0250000071590002,265432.0,276.02869995117186,60.00227999114991,685.0
17,28,9,2018,39.0,87.48333333333333,61.0,72.0,0.3,27.0,80.0,3.0,50.00010000228882,764.1875,0.0250000071590002,265432.0,276.02869995117186,60.00227999114991,685.0
18,28,9,2018,25.0,85.28333333333333,78.0,106.0,0.3,32.0,75.0,2.0,50.00003749847412,762.375,0.025000007592,265188.0,276.00639984130856,60.00192799377442,685.0
19,28,9,2018,35.0,83.41666666666667,83.0,116.0,0.3,39.0,57.0,1.0,50.00003749847412,762.375,0.025000007592,265188.0,276.00639984130856,60.00192799377442,685.0
20,28,9,2018,29.0,81.18333333333334,53.0,55.0,0.3,36.0,51.0,3.0,50.00003749847412,762.375,0.025000007592,265188.0,276.00639984130856,60.00192799377442,685.0
21,28,9,2018,27.0,78.75,39.0,37.0,0.3,35.0,41.0,3.0,50.0,762.0,0.0250000073470007,264976.0,276.00600006103514,60.00571599578858,685.0625
22,28,9,2018,28.0,76.81666666666666,40.0,35.0,0.3,52.0,18.0,3.0,50.0,762.0,0.0250000073470007,264976.0,276.00600006103514,60.00571599578858,685.0625
23,28,9,2018,27.0,75.01666666666667,39.0,32.0,0.3,59.0,9.0,3.0,50.0,762.0,0.0250000073470007,264976.0,276.00600006103514,60.00571599578858,685.0625
0,29,9,2018,12.0,72.65,27.0,29.0,0.3,53.0,10.0,3.0,50.0,760.875,0.0250000059850011,265496.0,276.02669982910146,60.00911199188232,744.0
1,29,9,2018,10.0,70.21666666666667,27.0,26.0,0.3,53.0,5.0,3.0,50.0,760.875,0.0250000059850011,265496.0,276.02669982910146,60.00911199188232,744.0
2,29,9,2018,12.0,67.25,24.0,23.0,0.3,47.0,8.0,1.0,50.0,760.875,0.0250000059850011,265496.0,276.02669982910146,60.00911199188232,744.0
3,29,9,2018,18.0,64.41666666666667,26.0,20.0,0.3,52.0,2.0,1.0,50.0,762.1875,0.0250000048130005,265400.0,276.0530999755859,60.00270799255371,834.625
4,29,9,2018,8.0,61.11666666666667,23.0,17.0,0.3,45.0,2.5,1.0,50.0,762.1875,0.0250000048130005,265400.0,276.0530999755859,60.00270799255371,834.625
5,29,9,2018,9.0,57.98333333333333,21.0,11.0,0.3,42.0,3.0,3.0,50.0,762.1875,0.0250000048130005,265400.0,276.0530999755859,60.00270799255371,834.625
6,29,9,2018,2.0,54.516666666666666,17.0,5.0,0.3,33.0,12.0,3.0,50.0,761.6875,0.0250000034389998,265292.0,276.0917999267578,60.00911199188232,835.125
7,29,9,2018,5.0,51.516666666666666,17.0,14.5,0.3,34.0,16.0,1.0,50.0,761.6875,0.0250000034389998,265292.0,276.0917999267578,60.00911199188232,835.125
8,29,9,2018,8.0,48.15,24.0,24.0,0.3,34.0,21.0,1.0,50.0,761.6875,0.0250000034389998,265292.0,276.0917999267578,60.00911199188232,835.125
9,29,9,2018,4.0,44.41666666666666,14.0,15.5,0.3,21.0,44.0,1.0,50.0,761.1875,0.025000002824001,265344.0,276.0832998657225,60.00911199188232,723.5625
10,29,9,2018,2.0,40.68333333333333,17.0,7.0,0.3,14.0,55.0,1.0,50.0,761.1875,0.025000002824001,265344.0,276.0832998657225,60.00911199188232,723.5625
11,29,9,2018,3.0,36.98333333333333,17.0,9.5,0.3,14.0,55.0,1.0,50.0,761.1875,0.025000002824001,265344.0,276.0832998657225,60.00911199188232,723.5625
12,29,9,2018,2.0,34.68333333333333,16.0,12.0,0.3,14.0,52.0,1.0,50.0,757.8125,0.0250000032930001,265848.0,276.0417999267578,60.00295199584961,685.0
13,29,9,2018,2.5,32.46666666666667,19.0,6.0,0.3,9.0,62.0,3.0,50.0,757.8125,0.0250000032930001,265848.0,276.0417999267578,60.00295199584961,685.0
14,29,9,2018,3.0,29.5,20.0,8.5,0.3,12.0,64.0,3.0,50.0,757.8125,0.0250000032930001,265848.0,276.0417999267578,60.00295199584961,685.0
15,29,9,2018,8.0,26.566666666666663,20.0,11.0,0.3,14.0,63.0,3.0,50.0,757.3125,0.0250000058290008,265588.0,275.99350006103515,60.00219199371338,685.0
16,29,9,2018,3.0,23.53333333333333,20.0,10.0,0.3,13.0,63.0,3.0,50.0,757.3125,0.0250000058290008,265588.0,275.99350006103515,60.00219199371338,685.0
17,29,9,2018,1.0,20.3,26.0,26.0,0.3,14.0,60.0,3.0,50.0,757.3125,0.0250000058290008,265588.0,275.99350006103515,60.00219199371338,685.0
18,29,9,2018,6.0,16.833333333333332,18.0,18.0,0.3,14.0,55.0,1.0,50.0,753.4375,0.0250000050600003,265548.0,275.9670999145509,60.00593599700928,685.0
19,29,9,2018,8.0,14.716666666666669,26.0,26.0,0.3,29.0,39.0,1.0,50.0,753.4375,0.0250000050600003,265548.0,275.9670999145509,60.00593599700928,685.0
20,29,9,2018,8.0,13.883333333333333,30.0,30.0,0.3,38.0,26.0,1.0,50.0,753.4375,0.0250000050600003,265548.0,275.9670999145509,60.00593599700928,685.0
21,29,9,2018,5.0,13.083333333333334,20.0,19.0,0.3,39.0,24.0,1.0,50.0,753.6875,0.0250000046210009,265404.0,275.9779998779297,60.00715999603271,685.0625
22,29,9,2018,3.0,11.75,17.0,12.0,0.3,33.0,27.0,1.0,50.0,753.6875,0.0250000046210009,265404.0,275.9779998779297,60.00715999603271,685.0625
23,29,9,2018,7.0,10.683333333333334,26.0,25.0,0.5,52.0,8.0,1.0,50.0,753.6875,0.0250000046210009,265404.0,275.9779998779297,60.00715999603271,685.0625
0,30,9,2018,8.0,10.116666666666667,26.0,19.0,0.3,52.0,7.0,1.0,50.0,760.375,0.0250000045370012,265276.0,276.0327999877929,60.00367199707031,744.3125
1,30,9,2018,7.0,9.183333333333334,49.0,49.0,0.5,52.0,2.0,1.0,50.0,760.375,0.0250000045370012,265276.0,276.0327999877929,60.00367199707031,744.3125
2,30,9,2018,10.0,8.55,47.0,47.0,0.5,50.0,2.0,2.0,50.0,760.375,0.0250000045370012,265276.0,276.0327999877929,60.00367199707031,744.3125
3,30,9,2018,12.0,8.05,51.0,52.0,0.5,48.0,2.0,2.0,50.00031875610353,761.1875,0.025000004784001,265028.0,276.0710998535156,60.00911199188232,851.375
4,30,9,2018,9.0,7.416666666666667,43.0,43.0,0.3,46.0,2.0,2.0,50.00031875610353,761.1875,0.025000004784001,265028.0,276.0710998535156,60.00911199188232,851.375
5,30,9,2018,14.0,6.983333333333333,53.0,56.0,0.5,43.0,2.0,2.0,50.00031875610353,761.1875,0.025000004784001,265028.0,276.0710998535156,60.00911199188232,851.375
6,30,9,2018,10.0,6.916666666666667,26.0,26.0,0.5,40.0,2.0,2.0,50.00030625343323,768.625,0.0250000050700008,264724.0,276.07579986572256,60.00911199188232,798.0625
7,30,9,2018,13.0,7.016666666666667,39.0,39.0,0.6,38.0,1.0,1.0,50.00030625343323,768.625,0.0250000050700008,264724.0,276.07579986572256,60.00911199188232,798.0625
8,30,9,2018,13.0,7.05,35.0,35.0,0.6,43.0,6.0,2.0,50.00030625343323,768.625,0.0250000050700008,264724.0,276.07579986572256,60.00911199188232,798.0625
9,30,9,2018,7.0,6.683333333333334,21.0,21.0,0.3,26.0,24.0,2.0,50.0,764.875,0.0250000047750007,264896.0,276.0716998291016,60.00813999176025,711.25
10,30,9,2018,7.0,6.65,12.0,12.0,0.3,12.0,37.0,1.0,50.0,764.875,0.0250000047750007,264896.0,276.0716998291016,60.00813999176025,711.25
11,30,9,2018,4.5,6.5,13.0,10.0,0.3,7.0,43.0,1.0,50.0,764.875,0.0250000047750007,264896.0,276.0716998291016,60.00813999176025,711.25
12,30,9,2018,2.0,6.5,14.0,13.0,0.3,8.0,45.0,1.0,50.0,763.3125,0.025000005024001,265340.0,276.05209991455075,60.00735599517822,685.0
13,30,9,2018,5.0,6.5,17.0,17.0,0.3,7.0,49.0,3.0,50.0,763.3125,0.025000005024001,265340.0,276.05209991455075,60.00735599517822,685.0
14,30,9,2018,8.0,6.5,41.0,41.0,0.3,7.0,51.0,1.0,50.0,763.3125,0.025000005024001,265340.0,276.05209991455075,60.00735599517822,685.0
15,30,9,2018,19.0,7.0,47.0,47.0,0.3,7.0,50.0,1.0,50.00003749847412,761.0625,0.0250000046960003,265472.0,276.036600036621,60.00348799133301,685.0
16,30,9,2018,2.0,7.0,17.0,15.0,0.3,9.0,54.0,1.0,50.00003749847412,761.0625,0.0250000046960003,265472.0,276.036600036621,60.00348799133301,685.0
17,30,9,2018,2.0,6.966666666666667,26.0,26.0,0.3,11.0,56.0,1.0,50.00003749847412,761.0625,0.0250000046960003,265472.0,276.036600036621,60.00348799133301,685.0
18,30,9,2018,6.0,7.1,26.0,26.0,0.3,14.0,59.0,1.0,50.00003749847412,762.5,0.0250000045689996,265576.0,276.05279998779287,60.00461599731445,685.0
19,30,9,2018,3.0,7.116666666666666,35.0,35.0,0.3,20.0,50.0,3.0,50.00003749847412,762.5,0.0250000045689996,265576.0,276.05279998779287,60.00461599731445,685.0
20,30,9,2018,4.0,7.15,26.0,26.0,0.3,19.0,48.0,1.0,50.00003749847412,762.5,0.0250000045689996,265576.0,276.05279998779287,60.00461599731445,685.0
21,30,9,2018,6.0,7.083333333333333,27.0,27.0,0.3,45.0,21.0,3.0,50.0,761.0,0.0250000053880009,265776.0,276.0235998535156,60.00290799713135,685.0625
22,30,9,2018,11.0,7.35,33.0,33.0,0.5,62.0,5.0,1.0,50.0,761.0,0.0250000053880009,265776.0,276.0235998535156,60.00290799713135,685.0625
23,30,9,2018,10.0,7.65,24.0,20.0,0.5,48.0,22.0,1.0,50.0,761.0,0.0250000053880009,265776.0,276.0235998535156,60.00290799713135,685.0625
0,1,10,2018,6.0,7.65,19.0,14.0,0.3,14.0,60.0,1.0,50.0,762.25,0.0250000057399999,265968.0,276.0526998901367,60.00390799713135,741.375
1,1,10,2018,5.0,7.55,22.0,22.0,0.3,10.0,66.0,3.0,50.0,762.25,0.0250000057399999,265968.0,276.0526998901367,60.00390799713135,741.375
2,1,10,2018,6.0,7.483333333333333,20.0,20.0,0.3,11.0,65.0,1.0,50.0,762.25,0.0250000057399999,265968.0,276.0526998901367,60.00390799713135,741.375
3,1,10,2018,4.0,7.45,21.0,21.0,0.3,15.0,60.0,3.0,50.0,765.5,0.0250000047980006,265840.0,276.10869995117184,60.0070359954834,848.875
4,1,10,2018,8.0,7.616666666666666,16.0,16.0,0.3,17.0,49.0,3.0,50.0,765.5,0.0250000047980006,265840.0,276.10869995117184,60.0070359954834,848.875
5,1,10,2018,8.0,7.65,20.0,20.0,0.3,36.0,38.0,3.0,50.0,765.5,0.0250000047980006,265840.0,276.10869995117184,60.0070359954834,848.875
6,1,10,2018,8.0,7.65,28.0,28.0,0.3,40.0,32.0,3.0,50.0,766.6875,0.0250000044350009,265460.0,276.13239990234365,60.00765599822998,834.25
7,1,10,2018,10.0,7.75,23.0,23.0,0.3,38.0,34.0,1.0,50.0,766.6875,0.0250000044350009,265460.0,276.13239990234365,60.00765599822998,834.25
8,1,10,2018,9.0,7.716666666666667,21.0,21.0,0.3,19.0,54.0,1.0,50.0,766.6875,0.0250000044350009,265460.0,276.13239990234365,60.00765599822998,834.25
9,1,10,2018,4.0,7.45,20.0,20.0,0.3,12.0,62.0,1.0,50.0,767.3125,0.025000004048001,265568.0,276.1375,60.00911199188232,720.25
10,1,10,2018,8.0,7.416666666666667,22.0,22.0,0.3,10.0,65.0,1.0,50.0,767.3125,0.025000004048001,265568.0,276.1375,60.00911199188232,720.25
11,1,10,2018,10.0,7.283333333333333,22.0,14.0,0.3,10.0,70.0,1.0,50.0,767.3125,0.025000004048001,265568.0,276.1375,60.00911199188232,720.25
12,1,10,2018,6.0,7.15,23.0,14.0,0.3,9.0,74.0,1.0,50.0,762.9375,0.025000004617,265884.0,276.08190002441404,60.0037559967041,685.0
13,1,10,2018,4.0,6.85,24.0,15.0,0.3,8.0,76.0,1.0,50.0,762.9375,0.025000004617,265884.0,276.08190002441404,60.0037559967041,685.0
14,1,10,2018,8.0,6.683333333333334,24.0,19.0,0.3,9.0,78.0,1.0,50.0,762.9375,0.025000004617,265884.0,276.08190002441404,60.0037559967041,685.0
15,1,10,2018,13.0,6.883333333333334,25.0,20.0,0.3,11.0,80.0,1.0,50.0,761.0,0.025000005051,266072.0,276.0532000732422,60.00720799255371,685.0
16,1,10,2018,9.0,6.95,25.0,19.0,0.3,11.0,79.0,1.0,50.0,761.0,0.025000005051,266072.0,276.0532000732422,60.00720799255371,685.0
17,1,10,2018,10.0,7.133333333333334,24.0,14.0,0.3,13.0,77.0,1.0,50.0,761.0,0.025000005051,266072.0,276.0532000732422,60.00720799255371,685.0
18,1,10,2018,7.0,7.3,22.0,22.0,0.3,18.0,69.0,1.0,50.0,756.875,0.0250000052080005,266180.0,276.00899993896485,60.00567199707032,685.0
19,1,10,2018,10.0,7.466666666666667,36.0,36.0,0.3,31.0,52.0,1.0,50.0,756.875,0.0250000052080005,266180.0,276.00899993896485,60.00567199707032,685.0
20,1,10,2018,11.0,7.566666666666666,37.0,37.0,0.3,37.0,43.0,1.0,50.0,756.875,0.0250000052080005,266180.0,276.00899993896485,60.00567199707032,685.0
21,1,10,2018,11.0,7.3,44.0,44.0,0.3,58.0,21.0,1.0,50.0,755.875,0.0250000057280007,266260.0,275.98880004882807,60.00377599334717,685.0625
22,1,10,2018,13.0,7.666666666666667,37.0,37.0,0.3,53.0,24.0,1.0,50.0,755.875,0.0250000057280007,266260.0,275.98880004882807,60.00377599334717,685.0625
23,1,10,2018,6.0,7.8,38.0,38.0,0.3,50.0,24.0,1.0,50.0,755.875,0.0250000057280007,266260.0,275.98880004882807,60.00377599334717,685.0625
0,2,10,2018,9.0,7.9,48.0,48.0,0.3,55.0,18.0,1.0,50.0,761.8125,0.025000006306,266480.0,276.03699981689454,60.00315599822998,739.3125
1,2,10,2018,14.0,8.266666666666667,66.0,81.0,0.3,73.0,2.0,2.0,50.0,761.8125,0.025000006306,266480.0,276.03699981689454,60.00315599822998,739.3125
2,2,10,2018,6.0,8.333333333333334,41.0,41.0,0.3,51.0,17.0,1.0,50.0,761.8125,0.025000006306,266480.0,276.03699981689454,60.00315599822998,739.3125
3,2,10,2018,10.0,8.466666666666667,25.0,21.0,0.3,50.0,18.0,1.0,50.0,765.875,0.0250000046130009,266268.0,276.11209991455075,60.00650399780272,845.625
4,2,10,2018,13.0,8.533333333333333,30.0,30.0,0.3,56.0,11.0,1.0,50.0,765.875,0.0250000046130009,266268.0,276.11209991455075,60.00650399780272,845.625
5,2,10,2018,5.0,8.366666666666667,33.0,33.0,0.3,57.0,6.0,1.0,50.0,765.875,0.0250000046130009,266268.0,276.11209991455075,60.00650399780272,845.625
6,2,10,2018,3.0,8.266666666666667,18.0,16.0,0.3,36.0,26.0,3.0,50.0,765.9375,0.0250000042620003,265916.0,276.1289999389648,60.00517599487305,833.0625
7,2,10,2018,11.0,8.466666666666667,20.0,18.0,0.3,39.0,26.0,1.0,50.0,765.9375,0.0250000042620003,265916.0,276.1289999389648,60.00517599487305,833.0625
8,2,10,2018,11.0,8.633333333333333,39.0,39.0,0.3,50.0,18.0,2.0,50.0,765.9375,0.0250000042620003,265916.0,276.1289999389648,60.00517599487305,833.0625
9,2,10,2018,7.0,8.733333333333333,37.0,37.0,0.3,29.0,40.0,2.0,50.00008125305176,768.375,0.0250000043650008,265808.0,276.137200012207,60.00761199188232,718.8125
10,2,10,2018,8.0,8.733333333333333,21.0,21.0,0.3,13.0,61.0,1.0,50.00008125305176,768.375,0.0250000043650008,265808.0,276.137200012207,60.00761199188232,718.8125
11,2,10,2018,3.0,8.566666666666666,22.0,13.0,0.3,9.0,69.0,1.0,50.00008125305176,768.375,0.0250000043650008,265808.0,276.137200012207,60.00761199188232,718.8125
12,2,10,2018,4.0,8.433333333333334,23.0,6.0,0.3,9.0,74.0,1.0,50.0,764.625,0.0250000046430006,266080.0,276.0950997924804,60.0057559967041,685.0
13,2,10,2018,14.0,8.566666666666666,25.0,9.0,0.3,7.0,79.0,1.0,50.0,764.625,0.0250000046430006,266080.0,276.0950997924804,60.0057559967041,685.0
14,2,10,2018,13.0,8.7,25.0,12.0,0.3,7.0,81.0,1.0,50.0,764.625,0.0250000046430006,266080.0,276.0950997924804,60.0057559967041,685.0
15,2,10,2018,10.0,8.9,26.0,15.0,0.3,9.0,83.0,1.0,50.0,759.5,0.0250000063780006,266352.0,276.0129998779296,60.00372799682617,685.0
16,2,10,2018,7.0,8.866666666666667,27.0,18.0,0.3,10.0,86.0,1.0,50.0,759.5,0.0250000063780006,266352.0,276.0129998779296,60.00372799682617,685.0
17,2,10,2018,11.0,8.9,33.0,33.0,0.3,13.0,87.0,1.0,50.0,759.5,0.0250000063780006,266352.0,276.0129998779296,60.00372799682617,685.0
18,2,10,2018,10.0,9.033333333333331,40.0,40.0,0.3,26.0,73.0,1.0,50.0,756.875,0.0250000064100008,266396.0,275.98589996337887,60.00253999328614,685.0
19,2,10,2018,22.0,9.633333333333333,60.0,69.0,0.3,78.0,22.0,1.0,50.0,756.875,0.0250000064100008,266396.0,275.98589996337887,60.00253999328614,685.0
20,2,10,2018,22.0,10.1,70.0,90.0,0.7,95.0,6.0,2.0,50.0,756.875,0.0250000064100008,266396.0,275.98589996337887,60.00253999328614,685.0
21,2,10,2018,33.0,10.766666666666667,84.0,118.0,1.0,94.0,1.0,2.0,50.0,755.125,0.0250000061179995,266508.0,275.9727999877929,60.00264399719238,685.0
22,2,10,2018,35.0,11.633333333333333,69.0,88.0,0.5,74.0,2.0,2.0,50.0,755.125,0.0250000061179995,266508.0,275.9727999877929,60.00264399719238,685.0
23,2,10,2018,24.0,12.1,82.0,113.0,0.3,71.0,2.0,1.0,50.0,755.125,0.0250000061179995,266508.0,275.9727999877929,60.00264399719238,685.0
0,3,10,2018,15.0,12.366666666666667,60.0,69.0,0.3,63.0,3.0,1.0,50.0,762.875,0.025000006035,266800.0,276.05029998779287,60.00210799407959,738.0625
1,3,10,2018,15.0,12.533333333333331,47.0,47.0,0.3,56.0,7.0,1.0,50.0,762.875,0.025000006035,266800.0,276.05029998779287,60.00210799407959,738.0625
2,3,10,2018,11.0,12.533333333333331,26.0,26.0,0.3,52.0,10.0,1.0,50.0,762.875,0.025000006035,266800.0,276.05029998779287,60.00210799407959,738.0625
3,3,10,2018,12.0,12.566666666666666,40.0,40.0,0.3,62.0,3.0,1.0,50.0,765.5625,0.0250000043950006,266648.0,276.1126998901367,60.00407999420166,844.0625
4,3,10,2018,14.0,12.6,48.0,48.0,0.3,59.0,4.5,1.0,50.0,765.5625,0.0250000043950006,266648.0,276.1126998901367,60.00407999420166,844.0625
5,3,10,2018,2.0,12.466666666666669,53.0,55.0,0.3,56.0,6.0,3.0,50.0,765.5625,0.0250000043950006,266648.0,276.1126998901367,60.00407999420166,844.0625
6,3,10,2018,17.0,12.733333333333333,52.0,53.0,0.3,59.0,3.0,1.0,50.0,766.3125,0.0250000036469996,266400.0,276.13759979248044,60.004015991210935,833.0
7,3,10,2018,14.0,12.733333333333333,44.0,44.0,0.3,61.0,2.0,1.0,50.0,766.3125,0.0250000036469996,266400.0,276.13759979248044,60.004015991210935,833.0
8,3,10,2018,13.0,12.966666666666669,50.0,50.0,0.3,58.0,7.0,2.0,50.0,766.3125,0.0250000036469996,266400.0,276.13759979248044,60.004015991210935,833.0
9,3,10,2018,13.0,13.066666666666666,51.0,52.0,0.3,49.0,21.0,2.0,50.0,767.9375,0.025000004718,266320.0,276.12369995117183,60.00379999542236,717.75
10,3,10,2018,13.0,13.066666666666666,57.0,64.0,0.3,41.0,37.0,2.0,50.0,767.9375,0.025000004718,266320.0,276.12369995117183,60.00379999542236,717.75
11,3,10,2018,6.0,13.1,34.0,34.0,0.3,34.0,47.0,2.0,50.0,767.9375,0.025000004718,266320.0,276.12369995117183,60.00379999542236,717.75
12,3,10,2018,5.0,13.166666666666666,22.0,8.0,0.3,18.0,69.0,1.0,50.0,761.9375,0.0250000060450006,266608.0,276.0414999389648,60.003527992248536,685.0
13,3,10,2018,9.0,13.1,27.0,8.666666666666666,0.3,8.0,85.0,1.0,50.0,761.9375,0.0250000060450006,266608.0,276.0414999389648,60.003527992248536,685.0
14,3,10,2018,13.0,13.166666666666666,28.0,9.333333333333334,0.3,9.0,91.0,1.0,50.0,761.9375,0.0250000060450006,266608.0,276.0414999389648,60.003527992248536,685.0
15,3,10,2018,8.0,13.2,30.0,10.0,0.3,9.0,95.0,1.0,50.0,759.5,0.025000007596001,266776.0,275.9947998046875,60.00244399261474,685.0
16,3,10,2018,5.0,13.1,31.0,21.0,0.3,10.0,98.0,1.0,50.0,759.5,0.025000007596001,266776.0,275.9947998046875,60.00244399261474,685.0
17,3,10,2018,12.0,13.4,32.0,32.0,0.3,12.0,97.0,1.0,50.0,759.5,0.025000007596001,266776.0,275.9947998046875,60.00244399261474,685.0
18,3,10,2018,10.0,13.6,49.0,49.0,0.3,27.0,81.0,1.0,50.0,757.75,0.0250000065519996,266812.0,275.9919000244141,60.00244399261474,685.0
19,3,10,2018,14.0,13.6,51.0,51.0,0.3,44.0,55.0,1.0,50.0,757.75,0.0250000065519996,266812.0,275.9919000244141,60.00244399261474,685.0
20,3,10,2018,31.0,14.2,76.0,102.0,0.3,72.0,22.0,1.0,50.0,757.75,0.0250000065519996,266812.0,275.9919000244141,60.00244399261474,685.0
21,3,10,2018,23.0,14.633333333333333,90.0,129.0,0.3,83.0,3.0,1.0,50.0,757.8125,0.0250000065839998,266940.0,275.9919998168945,60.001903991699216,685.0
22,3,10,2018,19.0,15.033333333333331,56.0,61.0,0.3,52.0,34.0,3.0,50.0,757.8125,0.0250000065839998,266940.0,275.9919998168945,60.001903991699216,685.0
23,3,10,2018,19.0,15.3,55.0,59.0,0.3,70.0,18.0,1.0,50.0,757.8125,0.0250000065839998,266940.0,275.9919998168945,60.001903991699216,685.0
0,4,10,2018,13.0,15.4,65.0,79.0,0.3,81.0,4.0,1.0,50.0,763.1875,0.0250000064810011,267160.0,276.0335998535156,60.0038159942627,732.0625
1,4,10,2018,14.0,15.133333333333333,53.0,56.0,0.3,69.0,14.0,3.0,50.0,763.1875,0.0250000064810011,267160.0,276.0335998535156,60.0038159942627,732.0625
2,4,10,2018,18.0,15.0,59.0,68.0,0.3,80.0,2.0,1.0,50.0,763.1875,0.0250000064810011,267160.0,276.0335998535156,60.0038159942627,732.0625
3,4,10,2018,16.0,14.433333333333334,61.0,71.0,0.3,75.0,4.0,3.0,50.0,769.375,0.0250000072090011,266924.0,276.0838998413085,60.00512399291992,828.3125
4,4,10,2018,12.0,13.666666666666666,50.0,50.0,0.3,64.0,9.0,3.0,50.0,769.375,0.0250000072090011,266924.0,276.0838998413085,60.00512399291992,828.3125
5,4,10,2018,6.0,13.066666666666666,51.0,51.0,0.3,68.0,2.0,3.0,50.0,769.375,0.0250000072090011,266924.0,276.0838998413085,60.00512399291992,828.3125
6,4,10,2018,15.0,13.066666666666666,45.0,45.0,0.3,65.0,4.0,3.0,50.0,773.5625,0.0250000071290005,266392.0,276.13209991455074,60.00540399169922,819.4375
7,4,10,2018,13.0,13.0,48.0,48.0,0.3,65.0,6.0,3.0,50.0,773.5625,0.0250000071290005,266392.0,276.13209991455074,60.00540399169922,819.4375
8,4,10,2018,17.0,13.2,51.0,51.0,0.3,53.0,17.0,1.0,50.0,773.5625,0.0250000071290005,266392.0,276.13209991455074,60.00540399169922,819.4375
9,4,10,2018,18.0,13.4,60.0,70.0,0.3,50.0,23.0,2.0,50.0,774.8125,0.0250000072150006,266252.0,276.12919982910154,60.00167999267578,713.875
10,4,10,2018,39.0,14.233333333333333,74.0,98.0,0.6,57.0,29.0,8.0,50.0,774.8125,0.0250000072150006,266252.0,276.12919982910154,60.00167999267578,713.875
11,4,10,2018,66.0,16.366666666666667,89.0,109.0,1.1,47.0,58.0,16.0,50.0,774.8125,0.0250000072150006,266252.0,276.12919982910154,60.00167999267578,713.875
12,4,10,2018,60.0,17.8,81.0,75.0,1.1,41.0,88.0,17.0,50.0,769.8125,0.0250000074819997,266652.0,276.08169982910147,60.00308399200439,685.0
13,4,10,2018,66.0,19.53333333333333,89.0,82.0,1.1,38.0,117.0,17.0,50.0,769.8125,0.0250000074819997,266652.0,276.08169982910147,60.00308399200439,685.0
14,4,10,2018,62.0,21.166666666666668,84.0,70.0,1.0,36.0,134.0,17.0,50.0,769.8125,0.0250000074819997,266652.0,276.08169982910147,60.00308399200439,685.0
15,4,10,2018,58.0,22.666666666666668,79.0,80.0,0.9,39.0,128.0,14.0,50.0,764.6875,0.0250000086630005,266692.0,276.0213998413085,60.00034799194336,685.0
16,4,10,2018,56.0,24.1,76.0,92.0,0.7,28.0,150.0,12.0,50.0,764.6875,0.0250000086630005,266692.0,276.0213998413085,60.00034799194336,685.0
17,4,10,2018,68.0,26.166666666666668,91.0,106.0,0.8,34.0,147.0,10.0,50.0,764.6875,0.0250000086630005,266692.0,276.0213998413085,60.00034799194336,685.0
18,4,10,2018,70.0,28.33333333333333,94.0,111.0,0.8,75.0,103.0,9.0,50.0,763.1875,0.0250000084509998,266788.0,276.00940002441405,60.00220399475098,685.0
19,4,10,2018,76.0,30.566666666666663,104.0,158.0,1.3,103.0,9.0,5.0,50.0,763.1875,0.0250000084509998,266788.0,276.00940002441405,60.00220399475098,685.0
20,4,10,2018,80.0,32.8,109.0,168.0,1.1,103.0,13.0,4.0,50.0,763.1875,0.0250000084509998,266788.0,276.00940002441405,60.00220399475098,685.0
21,4,10,2018,86.0,35.4,114.0,172.0,1.0,95.0,67.0,6.0,50.0,762.6875,0.0250000083310008,266744.0,276.00619995117194,60.00187599182129,685.0
22,4,10,2018,88.0,38.16666666666666,116.0,137.0,1.1,51.0,108.0,8.0,50.0,762.6875,0.0250000083310008,266744.0,276.00619995117194,60.00187599182129,685.0
23,4,10,2018,92.0,40.833333333333336,121.0,162.0,1.3,103.0,6.0,4.0,50.0,762.6875,0.0250000083310008,266744.0,276.00619995117194,60.00187599182129,685.0
0,5,10,2018,91.0,43.53333333333333,120.0,164.0,1.2,103.0,2.0,3.0,50.0,766.4375,0.0250000091600008,266800.0,276.032200012207,60.00384799194336,729.75
1,5,10,2018,85.0,45.9,113.0,167.0,1.2,103.0,2.0,2.0,50.0,766.4375,0.0250000091600008,266800.0,276.032200012207,60.00384799194336,729.75
2,5,10,2018,79.0,47.5,105.0,152.0,1.1,103.0,2.0,2.0,50.0,766.4375,0.0250000091600008,266800.0,276.032200012207,60.00384799194336,729.75
3,5,10,2018,82.0,49.46666666666667,109.0,112.0,1.0,103.0,2.0,2.0,50.0,770.0,0.0250000081520006,266500.0,276.07729980468747,60.00330799102783,824.8125
4,5,10,2018,91.0,51.86666666666667,120.0,118.0,1.0,93.0,1.5,1.0,50.0,770.0,0.0250000081520006,266500.0,276.07729980468747,60.00330799102783,824.8125
5,5,10,2018,99.0,54.53333333333333,130.0,115.0,0.9,78.0,1.0,1.0,50.0,770.0,0.0250000081520006,266500.0,276.07729980468747,60.00330799102783,824.8125
6,5,10,2018,104.0,57.56666666666667,136.0,113.0,0.9,69.0,5.0,1.0,50.0,772.3125,0.0250000072140004,266040.0,276.11709991455075,60.00376399230957,816.125
7,5,10,2018,100.0,60.43333333333333,131.0,111.0,0.9,68.0,2.0,1.0,50.0,772.3125,0.0250000072140004,266040.0,276.11709991455075,60.00376399230957,816.125
8,5,10,2018,96.0,63.03333333333333,126.0,109.0,0.9,65.0,7.0,1.0,50.0,772.3125,0.0250000072140004,266040.0,276.11709991455075,60.00376399230957,816.125
9,5,10,2018,98.0,65.76666666666667,129.0,114.0,0.9,52.0,26.0,2.0,50.0,773.6875,0.0250000091639999,265840.0,276.097200012207,60.00133199310303,712.375
10,5,10,2018,95.0,68.53333333333333,125.0,102.0,0.9,44.0,41.0,5.0,50.0,773.6875,0.0250000091639999,265840.0,276.097200012207,60.00133199310303,712.375
11,5,10,2018,86.0,71.2,114.0,91.0,1.0,45.0,53.0,8.0,50.0,773.6875,0.0250000091639999,265840.0,276.097200012207,60.00133199310303,712.375
12,5,10,2018,81.0,73.4,108.0,86.0,1.0,48.0,66.0,10.0,50.00008125305176,768.1875,0.025000008599,266040.0,276.0544998168945,60.00259199523926,685.0
13,5,10,2018,89.0,75.93333333333334,118.0,89.25,1.0,45.0,89.0,11.0,50.00008125305176,768.1875,0.025000008599,266040.0,276.0544998168945,60.00259199523926,685.0
14,5,10,2018,94.0,78.5,124.0,92.5,0.9,40.0,121.0,12.0,50.00008125305176,768.1875,0.025000008599,266040.0,276.0544998168945,60.00259199523926,685.0
15,5,10,2018,93.0,81.0,123.0,95.75,0.8,33.0,154.0,12.0,50.00003749847412,768.3125,0.0250000090640001,266132.0,276.0507000732422,60.00302799224853,685.0
16,5,10,2018,86.0,82.56666666666666,114.0,99.0,0.7,31.0,167.0,11.0,50.00003749847412,768.3125,0.0250000090640001,266132.0,276.0507000732422,60.00302799224853,685.0
17,5,10,2018,91.0,83.4,120.0,120.0,0.6,30.0,173.0,9.0,50.00003749847412,768.3125,0.0250000090640001,266132.0,276.0507000732422,60.00302799224853,685.0
18,5,10,2018,93.0,84.5,123.0,128.0,0.7,49.0,147.0,7.0,50.0,767.3125,0.0250000074439998,266144.0,276.05970001220703,60.00911199188232,685.0
19,5,10,2018,117.0,86.2,153.0,165.0,1.1,103.0,44.0,4.0,50.0,767.3125,0.0250000074439998,266144.0,276.05970001220703,60.00911199188232,685.0
20,5,10,2018,116.0,88.0,151.0,192.0,1.3,103.0,4.0,3.0,50.0,767.3125,0.0250000074439998,266144.0,276.05970001220703,60.00911199188232,685.0
21,5,10,2018,116.0,89.93333333333334,151.0,199.0,1.1,103.0,9.0,2.0,50.0,760.3125,0.0250000048479996,266340.0,276.0327999877929,60.00911199188232,685.0
22,5,10,2018,107.0,91.63333333333334,140.0,159.0,1.0,93.0,38.0,3.0,50.0,760.3125,0.0250000048479996,266340.0,276.0327999877929,60.00911199188232,685.0
23,5,10,2018,103.0,92.8,135.0,122.0,0.9,69.0,54.0,2.0,50.0,760.3125,0.0250000048479996,266340.0,276.0327999877929,60.00911199188232,685.0
0,6,10,2018,70.0,92.8,94.0,88.66666666666666,0.7,52.0,54.0,3.0,50.0,755.9375,0.0250000030889995,266784.0,276.0317999267578,60.00886399841311,736.125
1,6,10,2018,18.0,90.86666666666666,26.0,55.33333333333333,0.3,23.0,61.0,2.0,50.0,755.9375,0.0250000030889995,266784.0,276.0317999267578,60.00886399841311,736.125
2,6,10,2018,11.0,88.56666666666666,22.0,22.0,0.3,19.0,62.0,2.0,50.0,755.9375,0.0250000030889995,266784.0,276.0317999267578,60.00886399841311,736.125
3,6,10,2018,8.0,85.96666666666667,27.0,27.0,0.3,20.0,57.0,1.0,50.0,756.75,0.0250000023870002,266844.0,276.06169982910154,60.00911199188232,845.4375
4,6,10,2018,10.0,83.36666666666666,20.0,20.0,0.3,13.0,57.0,3.0,50.0,756.75,0.0250000023870002,266844.0,276.06169982910154,60.00911199188232,845.4375
5,6,10,2018,5.0,80.46666666666667,15.0,20.25,0.3,10.0,48.0,3.0,50.0,756.75,0.0250000023870002,266844.0,276.06169982910154,60.00911199188232,845.4375
6,6,10,2018,3.0,77.53333333333333,13.0,20.5,0.3,10.0,43.0,1.0,50.0,758.8125,0.0250000024920012,266392.0,276.089700012207,60.00486799621582,831.0625
7,6,10,2018,2.0,74.76666666666667,13.0,20.75,0.3,13.0,41.0,3.0,50.0,758.8125,0.0250000024920012,266392.0,276.089700012207,60.00486799621582,831.0625
8,6,10,2018,1.0,72.16666666666667,21.0,21.0,0.3,17.0,39.0,3.0,50.0,758.8125,0.0250000024920012,266392.0,276.089700012207,60.00486799621582,831.0625
9,6,10,2018,1.0,69.46666666666667,15.0,15.0,0.3,12.0,48.0,3.0,50.00001874923706,758.8125,0.0250000020930003,266376.0,276.08119995117187,60.00911199188232,715.6875
10,6,10,2018,2.0,66.5,32.0,32.0,0.3,13.0,50.0,3.0,50.00001874923706,758.8125,0.0250000020930003,266376.0,276.08119995117187,60.00911199188232,715.6875
11,6,10,2018,3.0,63.3,37.0,37.0,0.3,12.0,55.0,3.0,50.00001874923706,758.8125,0.0250000020930003,266376.0,276.08119995117187,60.00911199188232,715.6875
12,6,10,2018,3.0,59.93333333333333,20.0,20.0,0.3,13.0,57.0,3.0,50.0,755.4375,0.025000001836,266612.0,276.05299987792966,60.00638799285888,685.0
13,6,10,2018,1.0,56.63333333333333,19.0,13.0,0.3,12.0,62.0,3.0,50.0,755.4375,0.025000001836,266612.0,276.05299987792966,60.00638799285888,685.0
14,6,10,2018,5.0,53.6,27.0,27.0,0.3,13.0,63.0,3.0,50.0,755.4375,0.025000001836,266612.0,276.05299987792966,60.00638799285888,685.0
15,6,10,2018,3.0,50.43333333333333,28.0,28.0,0.3,14.0,64.0,3.0,50.0,760.4375,0.0250000062349997,266764.0,276.022200012207,60.00185199737549,685.0
16,6,10,2018,2.0,47.333333333333336,20.0,20.0,0.3,13.0,63.0,3.0,50.0,760.4375,0.0250000062349997,266764.0,276.022200012207,60.00185199737549,685.0
17,6,10,2018,3.0,44.56666666666667,19.0,14.0,0.3,15.0,62.0,3.0,50.0,760.4375,0.0250000062349997,266764.0,276.022200012207,60.00185199737549,685.0
18,6,10,2018,5.0,42.03333333333333,18.0,17.0,0.3,19.0,59.0,3.0,50.0,753.25,0.0250000032350011,266904.0,276.00139984130857,60.0070239944458,685.0
19,6,10,2018,6.0,39.266666666666666,27.0,27.0,0.3,24.0,53.0,3.0,50.0,753.25,0.0250000032350011,266904.0,276.00139984130857,60.0070239944458,685.0
20,6,10,2018,9.0,36.43333333333333,29.0,29.0,0.3,29.0,47.0,3.0,50.0,753.25,0.0250000032350011,266904.0,276.00139984130857,60.0070239944458,685.0
21,6,10,2018,5.0,33.5,28.0,28.0,0.3,31.0,40.0,3.0,50.0,752.125,0.0250000025570001,266972.0,276.00239990234365,60.00709599304199,685.0
22,6,10,2018,6.0,30.83333333333333,22.0,22.0,0.3,36.0,36.0,3.0,50.0,752.125,0.0250000025570001,266972.0,276.00239990234365,60.00709599304199,685.0
23,6,10,2018,1.0,27.83333333333333,21.0,21.0,0.3,30.0,40.0,3.0,50.0,752.125,0.0250000025570001,266972.0,276.00239990234365,60.00709599304199,685.0
0,7,10,2018,7.0,24.966666666666665,40.0,40.0,0.3,58.0,10.0,3.0,50.0,754.5,0.025000002855001,267020.0,276.01919982910147,60.00335199737549,735.0625
1,7,10,2018,7.0,21.3,61.0,71.0,0.3,66.0,1.0,1.0,50.0,754.5,0.025000002855001,267020.0,276.01919982910147,60.00335199737549,735.0625
2,7,10,2018,10.0,17.766666666666666,60.0,69.0,0.3,62.0,1.0,1.0,50.0,754.5,0.025000002855001,267020.0,276.01919982910147,60.00335199737549,735.0625
3,7,10,2018,9.0,14.2,59.0,68.0,0.3,56.0,2.0,1.0,50.0,758.0625,0.0250000019090008,266684.0,276.08070007324216,60.00748799133301,843.5
4,7,10,2018,5.0,10.8,48.0,48.0,0.3,47.0,4.0,3.0,50.0,758.0625,0.0250000019090008,266684.0,276.08070007324216,60.00748799133301,843.5
5,7,10,2018,1.0,7.4,21.0,20.0,0.3,41.0,6.0,3.0,50.0,758.0625,0.0250000019090008,266684.0,276.08070007324216,60.00748799133301,843.5
6,7,10,2018,4.0,5.2,24.0,24.0,0.3,36.0,11.0,3.0,50.0,758.875,0.0250000022919997,266124.0,276.094700012207,60.0075119934082,830.3125
7,7,10,2018,4.0,4.733333333333333,25.0,25.0,0.3,40.0,10.0,3.0,50.0,758.875,0.0250000022919997,266124.0,276.094700012207,60.0075119934082,830.3125
8,7,10,2018,5.0,4.533333333333333,42.0,42.0,0.3,32.0,15.0,1.0,50.0,758.875,0.0250000022919997,266124.0,276.094700012207,60.0075119934082,830.3125
9,7,10,2018,9.0,4.566666666666666,50.0,50.0,0.3,36.0,16.0,1.0,50.0,760.625,0.0250000020540002,265768.0,276.09739990234374,60.007015991210935,714.8125
10,7,10,2018,16.0,4.766666666666667,47.0,47.0,0.3,34.0,29.0,2.0,50.0,760.625,0.0250000020540002,265768.0,276.09739990234374,60.007015991210935,714.8125
11,7,10,2018,14.0,5.066666666666666,28.0,28.0,0.3,20.0,47.0,2.0,50.0,760.625,0.0250000020540002,265768.0,276.09739990234374,60.007015991210935,714.8125
12,7,10,2018,15.0,5.466666666666667,21.0,16.0,0.3,15.0,65.0,2.0,50.0,756.125,0.0250000028579998,266056.0,276.0357000732421,60.00534399414062,685.0
13,7,10,2018,13.0,5.833333333333333,23.0,22.0,0.3,17.0,72.0,2.0,50.0,756.125,0.0250000028579998,266056.0,276.0357000732421,60.00534399414062,685.0
14,7,10,2018,6.0,6.0,23.0,6.0,0.3,10.0,74.0,1.0,50.0,756.125,0.0250000028579998,266056.0,276.0357000732421,60.00534399414062,685.0
15,7,10,2018,6.0,6.166666666666667,23.0,18.0,0.3,11.0,74.0,1.0,50.0,752.75,0.0250000039590001,266224.0,275.98539978027344,60.0017319946289,685.0
16,7,10,2018,7.0,6.333333333333333,26.0,26.0,0.3,11.0,76.0,1.0,50.0,752.75,0.0250000039590001,266224.0,275.98539978027344,60.0017319946289,685.0
17,7,10,2018,8.0,6.5,35.0,35.0,0.3,14.0,74.0,1.0,50.0,752.75,0.0250000039590001,266224.0,275.98539978027344,60.0017319946289,685.0
18,7,10,2018,8.0,6.666666666666667,51.0,52.0,0.3,22.0,64.0,1.0,50.0,750.0,0.0250000044950004,266276.0,275.94279998779297,60.00416799163818,685.0
19,7,10,2018,17.0,7.2,66.0,82.0,0.3,43.0,41.0,1.0,50.0,750.0,0.0250000044950004,266276.0,275.94279998779297,60.00416799163818,685.0
20,7,10,2018,18.0,7.633333333333334,66.0,81.0,0.3,57.0,24.0,1.0,50.0,750.0,0.0250000044950004,266276.0,275.94279998779297,60.00416799163818,685.0
21,7,10,2018,22.0,8.266666666666667,95.0,139.0,0.3,80.0,1.0,2.0,50.0,750.0625,0.0250000048620011,266332.0,275.93639984130857,60.00515599822998,685.0
22,7,10,2018,28.0,9.133333333333333,94.0,137.0,0.3,70.0,1.0,1.0,50.0,750.0625,0.0250000048620011,266332.0,275.93639984130857,60.00515599822998,685.0
23,7,10,2018,16.0,9.566666666666666,60.0,70.0,0.3,61.0,1.0,3.0,50.0,750.0625,0.0250000048620011,266332.0,275.93639984130857,60.00515599822998,685.0
0,8,10,2018,15.0,9.9,51.0,52.0,0.3,60.0,2.0,1.0,50.0,755.875,0.0250000045740008,266532.0,276.0066000366211,60.00222799682617,734.6875
1,8,10,2018,14.0,10.166666666666666,54.0,57.0,0.3,53.0,2.0,3.0,50.0,755.875,0.0250000045740008,266532.0,276.0066000366211,60.00222799682617,734.6875
2,8,10,2018,14.0,10.333333333333334,53.0,56.0,0.3,56.0,2.0,3.0,50.0,755.875,0.0250000045740008,266532.0,276.0066000366211,60.00222799682617,734.6875
3,8,10,2018,19.0,10.8,53.0,56.0,0.3,59.0,2.0,1.0,50.0,757.8125,0.0250000024580005,266352.0,276.0741998291016,60.00841999816897,844.5625
4,8,10,2018,24.0,11.4,53.0,56.0,0.3,57.0,2.0,1.0,50.0,757.8125,0.0250000024580005,266352.0,276.0741998291016,60.00841999816897,844.5625
5,8,10,2018,15.0,11.866666666666667,51.0,51.0,0.3,58.0,2.0,1.0,50.0,757.8125,0.0250000024580005,266352.0,276.0741998291016,60.00841999816897,844.5625
6,8,10,2018,17.0,12.2,44.0,44.0,0.3,59.0,2.0,1.0,50.0,759.4375,0.0250000024950001,265812.0,276.09600006103506,60.003751991271976,828.3125
7,8,10,2018,11.0,12.333333333333334,52.0,54.0,0.3,62.0,2.0,1.0,50.0,759.4375,0.0250000024950001,265812.0,276.09600006103506,60.003751991271976,828.3125
8,8,10,2018,25.0,12.833333333333334,77.0,104.0,0.3,63.0,3.0,3.0,50.0,759.4375,0.0250000024950001,265812.0,276.09600006103506,60.003751991271976,828.3125
9,8,10,2018,25.0,13.366666666666667,71.0,92.0,0.3,65.0,6.0,3.0,50.0,760.3125,0.0250000025009997,265648.0,276.0873999023437,60.00167599487305,710.625
10,8,10,2018,24.0,14.0,71.0,92.0,0.3,66.0,12.0,3.0,50.0,760.3125,0.0250000025009997,265648.0,276.0873999023437,60.00167599487305,710.625
11,8,10,2018,14.0,14.433333333333334,45.0,45.0,0.3,42.0,36.0,2.0,50.0,760.3125,0.0250000025009997,265648.0,276.0873999023437,60.00167599487305,710.625
12,8,10,2018,9.0,14.6,20.0,35.666666666666664,0.3,12.0,65.0,1.0,50.0,756.625,0.025000004098,265996.0,276.0255999755859,60.00243599700928,685.0
13,8,10,2018,7.0,14.7,25.0,26.33333333333333,0.3,10.0,80.0,2.0,50.0,756.625,0.025000004098,265996.0,276.0255999755859,60.00243599700928,685.0
14,8,10,2018,7.0,14.766666666666667,27.0,17.0,0.3,10.0,86.0,2.0,50.0,756.625,0.025000004098,265996.0,276.0255999755859,60.00243599700928,685.0
15,8,10,2018,9.0,14.766666666666667,28.0,28.0,0.3,11.0,87.0,2.0,50.0,756.75,0.0250000040680002,266344.0,276.02709991455083,60.00673199462891,685.0
16,8,10,2018,10.0,14.566666666666666,30.0,30.0,0.3,13.0,81.0,1.0,50.0,756.75,0.0250000040680002,266344.0,276.02709991455083,60.00673199462891,685.0
17,8,10,2018,9.0,14.4,38.0,38.0,0.3,23.0,70.0,1.0,50.0,756.75,0.0250000040680002,266344.0,276.02709991455083,60.00673199462891,685.0
18,8,10,2018,11.0,14.266666666666667,50.0,50.0,0.3,31.0,58.0,1.0,50.0,755.0,0.0250000044689998,266392.0,275.9997998046875,60.00667599487305,685.0
19,8,10,2018,16.0,14.366666666666667,59.0,68.0,0.3,46.0,41.0,1.0,50.0,755.0,0.0250000044689998,266392.0,275.9997998046875,60.00667599487305,685.0
20,8,10,2018,25.0,15.0,85.0,120.0,0.3,92.0,1.0,2.0,50.0,755.0,0.0250000044689998,266392.0,275.9997998046875,60.00667599487305,685.0
21,8,10,2018,24.0,15.6,89.0,128.0,0.3,82.0,2.0,2.0,50.0,752.0625,0.0250000038660001,266368.0,275.98259979248047,60.00428799438478,685.0
22,8,10,2018,13.0,15.8,68.0,85.0,0.3,54.0,24.0,1.0,50.0,752.0625,0.0250000038660001,266368.0,275.98259979248047,60.00428799438478,685.0
23,8,10,2018,5.0,15.7,46.0,46.0,0.3,20.0,47.0,1.0,50.0,752.0625,0.0250000038660001,266368.0,275.98259979248047,60.00428799438478,685.0
0,9,10,2018,4.0,15.566666666666666,57.0,63.0,0.3,18.0,45.0,1.0,50.0,754.0,0.025000002673,266804.0,276.0141000366211,60.00911199188232,743.4375
1,9,10,2018,6.0,15.2,45.0,45.0,0.3,16.0,45.0,3.0,50.0,754.0,0.025000002673,266804.0,276.0141000366211,60.00911199188232,743.4375
2,9,10,2018,2.0,14.666666666666666,16.0,8.0,0.3,9.0,52.0,1.0,50.0,754.0,0.025000002673,266804.0,276.0141000366211,60.00911199188232,743.4375
3,9,10,2018,3.0,14.033333333333331,16.0,9.0,0.3,9.0,52.0,1.0,50.0,755.75,0.0250000024239998,266836.0,276.0144998168945,60.00911199188232,821.9375
4,9,10,2018,2.0,13.166666666666666,10.0,10.0,0.3,10.0,49.5,2.0,50.0,755.75,0.0250000024239998,266836.0,276.0144998168945,60.00911199188232,821.9375
5,9,10,2018,2.0,12.7,15.0,10.0,0.3,13.0,47.0,1.0,50.0,755.75,0.0250000024239998,266836.0,276.0144998168945,60.00911199188232,821.9375
6,9,10,2018,1.0,12.233333333333333,14.0,8.0,0.3,13.0,46.0,1.0,50.0,753.0,0.0250000021379999,266652.0,276.0378997802734,60.00911199188232,827.25
7,9,10,2018,4.0,11.9,13.0,13.0,0.3,18.0,41.0,1.0,50.0,753.0,0.0250000021379999,266652.0,276.0378997802734,60.00911199188232,827.25
8,9,10,2018,2.0,11.5,26.0,26.0,0.3,12.0,46.0,1.0,50.0,753.0,0.0250000021379999,266652.0,276.0378997802734,60.00911199188232,827.25
9,9,10,2018,2.0,10.933333333333334,42.0,42.0,0.3,9.0,47.0,1.0,50.0,753.0625,0.025000001968,266688.0,276.0192999267578,60.00473599243164,715.75
10,9,10,2018,6.0,10.333333333333334,58.0,65.0,0.3,9.0,48.0,1.0,50.0,753.0625,0.025000001968,266688.0,276.0192999267578,60.00473599243164,715.75
11,9,10,2018,4.0,9.966666666666669,45.0,45.0,0.3,7.0,49.0,1.0,50.0,753.0625,0.025000001968,266688.0,276.0192999267578,60.00473599243164,715.75
12,9,10,2018,7.0,9.633333333333333,25.0,25.0,0.3,7.0,48.0,1.0,50.0,751.25,0.0250000022440012,267212.0,275.99369995117183,60.00683199310303,685.0
13,9,10,2018,6.0,9.466666666666669,31.0,31.0,0.3,7.0,50.0,3.0,50.0,751.25,0.0250000022440012,267212.0,275.99369995117183,60.00683199310303,685.0
14,9,10,2018,2.0,8.7,27.0,27.0,0.3,7.0,52.0,3.0,50.0,751.25,0.0250000022440012,267212.0,275.99369995117183,60.00683199310303,685.0
15,9,10,2018,2.0,7.933333333333334,24.0,24.0,0.3,8.0,50.0,3.0,50.0,751.6875,0.02500000337,267140.0,275.97739990234373,60.00341999816894,685.0
16,9,10,2018,2.0,7.2,15.0,12.0,0.3,8.0,48.0,3.0,50.0,751.6875,0.02500000337,267140.0,275.97739990234373,60.00341999816894,685.0
17,9,10,2018,2.0,6.8,14.0,14.0,0.3,9.0,45.0,1.0,50.0,751.6875,0.02500000337,267140.0,275.97739990234373,60.00341999816894,685.0
18,9,10,2018,1.0,6.533333333333333,21.0,21.0,0.3,12.0,42.0,1.0,50.0,745.5625,0.0250000030340012,267168.0,275.9160998535156,60.00184399414064,685.0
19,9,10,2018,6.0,6.5,29.0,29.0,0.3,18.0,34.0,1.0,50.0,745.5625,0.0250000030340012,267168.0,275.9160998535156,60.00184399414064,685.0
20,9,10,2018,7.0,6.5,33.0,33.0,0.3,23.0,28.0,1.0,50.0,745.5625,0.0250000030340012,267168.0,275.9160998535156,60.00184399414064,685.0
21,9,10,2018,5.0,6.366666666666666,31.0,31.0,0.3,25.0,24.0,3.0,50.0,748.75,0.0250000033090002,267168.0,275.94679992675776,60.00529599761962,685.0
22,9,10,2018,4.0,6.166666666666667,32.0,32.0,0.3,41.0,5.0,3.0,50.0,748.75,0.0250000033090002,267168.0,275.94679992675776,60.00529599761962,685.0
23,9,10,2018,6.0,6.066666666666666,24.0,24.0,0.3,42.0,3.0,3.0,50.0,748.75,0.0250000033090002,267168.0,275.94679992675776,60.00529599761962,685.0
0,10,10,2018,5.0,5.866666666666666,29.0,29.0,0.3,45.0,1.0,3.0,50.0,751.3125,0.0250000028150007,267320.0,275.971900024414,60.001655990600575,737.25
1,10,10,2018,4.0,5.466666666666667,26.0,26.0,0.3,45.0,2.0,3.0,50.0,751.3125,0.0250000028150007,267320.0,275.971900024414,60.001655990600575,737.25
2,10,10,2018,6.0,4.833333333333333,52.0,54.0,0.3,46.0,2.0,1.0,50.0,751.3125,0.0250000028150007,267320.0,275.971900024414,60.001655990600575,737.25
3,10,10,2018,8.0,4.3,51.0,52.0,0.3,41.0,2.0,1.0,50.0,752.0625,0.0250000024300012,267172.0,276.0207998657225,60.0045359954834,844.625
4,10,10,2018,10.0,4.2,45.0,45.0,0.3,35.0,1.0,1.0,50.0,752.0625,0.0250000024300012,267172.0,276.0207998657225,60.0045359954834,844.625
5,10,10,2018,8.0,4.3,23.0,23.0,0.3,39.0,1.0,1.0,50.0,752.0625,0.0250000024300012,267172.0,276.0207998657225,60.0045359954834,844.625
6,10,10,2018,8.0,4.433333333333334,26.0,26.0,0.3,39.0,2.0,1.0,50.0,761.3125,0.0250000024070013,266892.0,276.04199981689453,60.00487999725342,791.0
7,10,10,2018,10.0,4.566666666666666,53.0,55.0,0.3,41.0,1.0,1.0,50.0,761.3125,0.0250000024070013,266892.0,276.04199981689453,60.00487999725342,791.0
8,10,10,2018,9.0,4.8,51.0,51.0,0.3,42.0,4.0,2.0,50.0,761.3125,0.0250000024070013,266892.0,276.04199981689453,60.00487999725342,791.0
9,10,10,2018,10.0,5.033333333333333,56.0,62.0,0.3,35.0,11.0,2.0,50.0,757.3125,0.0250000028569996,267080.0,276.0332000732421,60.0032439956665,714.3125
10,10,10,2018,11.0,5.333333333333333,44.0,44.0,0.3,26.0,23.0,3.0,50.0,757.3125,0.0250000028569996,267080.0,276.0332000732421,60.0032439956665,714.3125
11,10,10,2018,13.0,5.7,29.0,29.0,0.3,16.0,37.0,3.0,50.0,757.3125,0.0250000028569996,267080.0,276.0332000732421,60.0032439956665,714.3125
12,10,10,2018,6.0,5.866666666666666,27.0,27.0,0.3,17.0,40.0,2.0,50.0,752.1875,0.0250000032850001,267604.0,275.9738000488281,60.00204799652099,685.0
13,10,10,2018,9.0,6.033333333333333,20.0,20.0,0.3,18.0,38.0,2.0,50.0,752.1875,0.0250000032850001,267604.0,275.9738000488281,60.00204799652099,685.0
14,10,10,2018,5.0,6.133333333333334,15.0,12.0,0.3,12.0,49.0,1.0,50.0,752.1875,0.0250000032850001,267604.0,275.9738000488281,60.00204799652099,685.0
15,10,10,2018,4.0,6.2,16.0,13.0,0.3,12.0,50.0,1.0,50.0,749.625,0.0250000032780002,267620.0,275.9466000366211,60.00443999481201,685.0
16,10,10,2018,7.0,6.233333333333333,23.0,23.0,0.3,15.0,50.0,2.0,50.0,749.625,0.0250000032780002,267620.0,275.9466000366211,60.00443999481201,685.0
17,10,10,2018,9.0,6.4,17.0,16.0,0.3,13.0,53.0,1.0,50.0,749.625,0.0250000032780002,267620.0,275.9466000366211,60.00443999481201,685.0
18,10,10,2018,6.0,6.366666666666666,26.0,26.0,0.3,30.0,35.0,1.0,50.0,749.1875,0.0250000031139999,268128.0,275.94419982910154,60.00243199157715,685.0
19,10,10,2018,5.0,6.333333333333333,37.0,37.0,0.3,51.0,16.0,3.0,50.0,749.1875,0.0250000031139999,268128.0,275.94419982910154,60.00243199157715,685.0
20,10,10,2018,2.0,6.333333333333333,39.0,39.0,0.3,50.0,15.0,3.0,50.0,749.1875,0.0250000031139999,268128.0,275.94419982910154,60.00243199157715,685.0
21,10,10,2018,7.0,6.5,45.0,45.0,0.3,59.0,6.0,3.0,50.0,749.0,0.0250000031129997,268192.0,275.94220001220697,60.003483993530274,685.0
22,10,10,2018,9.0,6.733333333333333,41.0,41.0,0.3,63.0,3.0,3.0,50.0,749.0,0.0250000031129997,268192.0,275.94220001220697,60.003483993530274,685.0
23,10,10,2018,4.0,6.8,42.0,42.0,0.3,61.0,3.0,3.0,50.0,749.0,0.0250000031129997,268192.0,275.94220001220697,60.003483993530274,685.0
0,11,10,2018,19.0,7.4,30.0,30.0,0.3,52.0,7.0,3.0,50.0,750.6875,0.0250000037220008,268416.0,275.96669982910146,60.00319199371338,730.0
1,11,10,2018,18.0,7.8,30.0,30.0,0.3,59.0,2.0,1.0,50.0,750.6875,0.0250000037220008,268416.0,275.96669982910146,60.00319199371338,730.0
2,11,10,2018,11.0,7.933333333333334,35.0,35.0,0.3,57.0,2.0,1.0,50.0,750.6875,0.0250000037220008,268416.0,275.96669982910146,60.00319199371338,730.0
3,11,10,2018,7.0,8.0,33.0,33.0,0.3,61.0,1.0,2.0,50.0,755.1875,0.0250000025559999,268180.0,276.036600036621,60.00435999298096,835.9375
4,11,10,2018,10.0,8.2,29.0,26.0,0.3,57.0,2.0,2.0,50.0,755.1875,0.0250000025559999,268180.0,276.036600036621,60.00435999298096,835.9375
5,11,10,2018,5.0,8.166666666666666,27.0,27.0,0.3,52.0,3.0,1.0,50.0,755.1875,0.0250000025559999,268180.0,276.036600036621,60.00435999298096,835.9375
6,11,10,2018,11.0,8.366666666666667,52.0,54.0,0.3,54.0,2.0,2.0,50.0,755.3125,0.0250000027230009,267592.0,276.04829986572264,60.00377199554443,822.6875
7,11,10,2018,6.0,8.433333333333334,42.0,42.0,0.3,54.0,2.0,2.0,50.0,755.3125,0.0250000027230009,267592.0,276.04829986572264,60.00377199554443,822.6875
8,11,10,2018,6.0,8.433333333333334,48.0,48.0,0.3,41.0,11.0,2.0,50.0,755.3125,0.0250000027230009,267592.0,276.04829986572264,60.00377199554443,822.6875
9,11,10,2018,7.0,8.4,35.0,35.0,0.3,32.0,22.0,2.0,50.0,757.6875,0.0250000030439998,267416.0,276.04759979248047,60.004667991638186,710.6875
10,11,10,2018,2.0,8.133333333333333,25.0,25.0,0.3,24.0,41.0,2.0,50.0,757.6875,0.0250000030439998,267416.0,276.04759979248047,60.004667991638186,710.6875
11,11,10,2018,2.0,7.933333333333334,21.0,21.0,0.3,20.0,44.0,2.0,50.0,757.6875,0.0250000030439998,267416.0,276.04759979248047,60.004667991638186,710.6875
12,11,10,2018,8.0,7.933333333333334,19.0,19.0,0.3,18.0,48.0,2.0,50.0,753.6875,0.0250000038900002,267696.0,275.99549987792966,60.00397999572754,685.0
13,11,10,2018,6.0,7.8,17.0,17.0,0.3,16.0,53.0,2.0,50.0,753.6875,0.0250000038900002,267696.0,275.99549987792966,60.00397999572754,685.0
14,11,10,2018,2.0,7.566666666666666,18.0,17.0,0.3,15.0,59.0,2.0,50.0,753.6875,0.0250000038900002,267696.0,275.99549987792966,60.00397999572754,685.0
15,11,10,2018,7.0,7.466666666666667,24.0,23.0,0.3,16.0,76.0,2.0,50.0,749.5,0.0250000046539995,267804.0,275.93299987792966,60.00243199157715,685.0
16,11,10,2018,1.0,7.133333333333334,25.0,25.0,0.3,14.0,81.0,2.0,50.0,749.5,0.0250000046539995,267804.0,275.93299987792966,60.00243199157715,685.0
17,11,10,2018,17.0,7.266666666666667,32.0,32.0,0.3,16.0,77.0,2.0,50.0,749.5,0.0250000046539995,267804.0,275.93299987792966,60.00243199157715,685.0
18,11,10,2018,22.0,7.8,51.0,52.0,0.3,29.0,59.0,2.0,50.0,748.8125,0.0250000047079995,267884.0,275.92419982910155,60.00226399230957,685.0
19,11,10,2018,18.0,8.1,66.0,81.0,0.3,57.0,24.0,2.0,50.0,748.8125,0.0250000047079995,267884.0,275.92419982910155,60.00226399230957,685.0
20,11,10,2018,28.0,8.866666666666667,74.0,97.0,0.3,69.0,10.0,2.0,50.0,748.8125,0.0250000047079995,267884.0,275.92419982910155,60.00226399230957,685.0
21,11,10,2018,36.0,9.933333333333334,74.0,97.0,0.3,63.0,10.0,3.0,50.0,748.5,0.0250000042720008,267880.0,275.9297998046875,60.00215199279785,685.0
22,11,10,2018,41.0,11.066666666666666,80.0,110.0,0.3,73.0,2.0,5.0,50.0,748.5,0.0250000042720008,267880.0,275.9297998046875,60.00215199279785,685.0
23,11,10,2018,54.0,12.566666666666666,84.0,117.0,0.3,76.0,1.0,4.0,50.0,748.5,0.0250000042720008,267880.0,275.9297998046875,60.00215199279785,685.0
0,12,10,2018,31.0,13.4,74.0,97.0,0.3,70.0,1.0,4.0,50.0,755.1875,0.0250000056239999,267884.0,275.9575,60.00176399230957,719.0
1,12,10,2018,29.0,14.2,83.0,115.0,0.3,70.0,1.0,4.0,50.0,755.1875,0.0250000056239999,267884.0,275.9575,60.00176399230957,719.0
2,12,10,2018,34.0,15.266666666666667,77.0,104.0,0.3,66.0,1.0,4.0,50.0,755.1875,0.0250000056239999,267884.0,275.9575,60.00176399230957,719.0
3,12,10,2018,31.0,16.066666666666666,72.0,94.0,0.3,63.0,2.0,3.0,50.0,758.8125,0.0250000039840005,267700.0,276.0325,60.00293599700928,820.375
4,12,10,2018,32.0,16.833333333333332,80.0,109.0,0.3,62.0,2.0,3.0,50.0,758.8125,0.0250000039840005,267700.0,276.0325,60.00293599700928,820.375
5,12,10,2018,24.0,17.5,77.0,103.0,0.3,61.0,2.0,3.0,50.0,758.8125,0.0250000039840005,267700.0,276.0325,60.00293599700928,820.375
6,12,10,2018,22.0,17.6,64.0,77.0,0.3,62.0,2.0,3.0,50.0,761.5625,0.0250000037009995,267136.0,276.0708999633789,60.0057559967041,809.4375
7,12,10,2018,22.0,17.733333333333334,65.0,80.0,0.3,60.0,1.0,3.0,50.0,761.5625,0.0250000037009995,267136.0,276.0708999633789,60.0057559967041,809.4375
8,12,10,2018,17.0,17.933333333333334,64.0,77.0,0.3,55.0,3.0,3.0,50.0,761.5625,0.0250000037009995,267136.0,276.0708999633789,60.0057559967041,809.4375
9,12,10,2018,24.0,18.5,55.0,60.0,0.3,48.0,10.0,3.0,50.0,762.4375,0.0250000038799997,266924.0,276.0616000366211,60.00440799713135,704.5
10,12,10,2018,14.0,18.633333333333333,60.0,70.0,0.3,50.0,16.0,3.0,50.0,762.4375,0.0250000038799997,266924.0,276.0616000366211,60.00440799713135,704.5
11,12,10,2018,31.0,19.5,62.0,73.0,0.3,56.0,20.0,3.0,50.0,762.4375,0.0250000038799997,266924.0,276.0616000366211,60.00440799713135,704.5
12,12,10,2018,32.0,20.2,63.0,76.0,0.3,59.0,29.0,4.0,50.0,758.125,0.025000004687,267252.0,276.003099975586,60.00194799804687,685.0
13,12,10,2018,37.0,21.23333333333333,65.0,79.0,0.3,45.0,59.0,6.0,50.0,758.125,0.025000004687,267252.0,276.003099975586,60.00194799804687,685.0
14,12,10,2018,49.0,22.666666666666668,68.0,81.0,0.3,40.0,79.0,7.0,50.0,758.125,0.025000004687,267252.0,276.003099975586,60.00194799804687,685.0
15,12,10,2018,55.0,24.266666666666666,75.0,83.0,0.3,33.0,90.0,8.0,50.0,755.25,0.0250000058089997,267348.0,275.95600006103507,60.00220399475098,685.0
16,12,10,2018,58.0,26.133333333333333,79.0,95.0,0.3,25.0,108.0,10.0,50.0,755.25,0.0250000058089997,267348.0,275.95600006103507,60.00220399475098,685.0
17,12,10,2018,63.0,28.166666666666668,85.0,107.0,0.3,28.0,107.0,13.0,50.0,755.25,0.0250000058089997,267348.0,275.95600006103507,60.00220399475098,685.0
18,12,10,2018,67.0,30.133333333333333,90.0,122.0,0.3,47.0,84.0,10.0,50.0,753.8125,0.0250000054749995,267320.0,275.9454000854492,60.00204399108887,685.0
19,12,10,2018,74.0,32.4,99.0,139.0,0.3,86.0,45.0,8.0,50.0,753.8125,0.0250000054749995,267320.0,275.9454000854492,60.00204399108887,685.0
20,12,10,2018,86.0,35.2,114.0,148.0,0.7,103.0,21.0,7.0,50.0,753.8125,0.0250000054749995,267320.0,275.9454000854492,60.00204399108887,685.0
21,12,10,2018,95.0,38.13333333333333,125.0,162.0,0.8,103.0,5.0,7.0,50.0,753.125,0.0250000051109995,267232.0,275.9441000366211,60.0017439956665,685.0
22,12,10,2018,97.0,41.333333333333336,128.0,169.0,1.0,103.0,1.0,5.0,50.0,753.125,0.0250000051109995,267232.0,275.9441000366211,60.0017439956665,685.0
23,12,10,2018,96.0,43.96666666666667,126.0,161.0,0.7,103.0,1.0,4.0,50.0,753.125,0.0250000051109995,267232.0,275.9441000366211,60.0017439956665,685.0
0,13,10,2018,96.0,46.43333333333333,126.0,160.0,0.7,103.0,1.0,5.0,50.0,759.9375,0.0250000065609999,267352.0,275.9780999755859,60.0050119934082,718.6875
1,13,10,2018,93.0,48.93333333333333,123.0,163.0,0.6,100.0,2.0,4.0,50.0,759.9375,0.0250000065609999,267352.0,275.9780999755859,60.0050119934082,718.6875
2,13,10,2018,82.0,50.73333333333333,109.0,155.0,0.5,98.0,2.0,3.0,50.0,759.9375,0.0250000065609999,267352.0,275.9780999755859,60.0050119934082,718.6875
3,13,10,2018,87.0,52.43333333333333,115.0,145.0,0.5,97.0,2.0,3.0,50.0,763.1875,0.0250000048510003,267084.0,276.0320999145508,60.00591199493408,801.8125
4,13,10,2018,81.0,53.766666666666666,108.0,127.0,0.3,97.0,2.0,3.0,50.0,763.1875,0.0250000048510003,267084.0,276.0320999145508,60.00591199493408,801.8125
5,13,10,2018,75.0,54.46666666666667,100.0,117.0,0.5,95.0,2.0,2.0,50.0,763.1875,0.0250000048510003,267084.0,276.0320999145508,60.00591199493408,801.8125
6,13,10,2018,72.0,55.833333333333336,96.0,107.0,0.5,95.0,2.0,2.0,50.0,766.5,0.0250000050620008,266676.0,276.07350006103513,60.00360399627686,794.0
7,13,10,2018,72.0,57.266666666666666,96.0,102.0,0.5,91.0,2.0,2.0,50.0,766.5,0.0250000050620008,266676.0,276.07350006103513,60.00360399627686,794.0
8,13,10,2018,77.0,58.7,103.0,102.0,0.5,75.0,10.0,2.0,50.0,766.5,0.0250000050620008,266676.0,276.07350006103513,60.00360399627686,794.0
9,13,10,2018,77.0,60.23333333333333,103.0,108.0,0.6,64.0,24.0,5.0,50.0,767.125,0.0250000066640004,266460.0,276.0441998291016,60.00139199066162,703.8125
10,13,10,2018,77.0,61.73333333333333,103.0,98.0,0.6,58.0,40.0,7.0,50.0,767.125,0.0250000066640004,266460.0,276.0441998291016,60.00139199066162,703.8125
11,13,10,2018,77.0,63.5,103.0,99.0,0.8,68.0,42.0,10.0,50.0,767.125,0.0250000066640004,266460.0,276.0441998291016,60.00139199066162,703.8125
12,13,10,2018,76.0,65.3,101.0,90.0,0.8,60.0,64.0,12.0,50.0,762.3125,0.0250000062889996,266560.0,276.0042999267577,60.00211599731446,685.0
13,13,10,2018,86.0,67.43333333333334,114.0,99.0,0.6,52.0,87.0,11.0,50.0,762.3125,0.0250000062889996,266560.0,276.0042999267577,60.00211599731446,685.0
14,13,10,2018,90.0,69.86666666666666,119.0,105.0,0.6,49.0,98.0,11.0,50.0,762.3125,0.0250000062889996,266560.0,276.0042999267577,60.00211599731446,685.0
15,13,10,2018,93.0,72.16666666666667,123.0,108.0,0.6,49.0,105.0,11.0,50.0,759.6875,0.0250000063049998,266608.0,275.9785000610351,60.00243199157715,685.0
16,13,10,2018,94.0,74.83333333333333,124.0,109.0,0.6,49.0,106.0,10.0,50.0,759.6875,0.0250000063049998,266608.0,275.9785000610351,60.00243199157715,685.0
17,13,10,2018,95.0,76.96666666666667,125.0,117.0,0.6,59.0,95.0,9.0,50.0,759.6875,0.0250000063049998,266608.0,275.9785000610351,60.00243199157715,685.0
18,13,10,2018,109.0,79.53333333333333,143.0,129.0,0.7,78.0,71.0,7.0,50.0,757.3125,0.0250000060869995,266592.0,275.9577999877929,60.000103996276856,685.0
19,13,10,2018,113.0,82.06666666666666,148.0,153.0,0.8,80.0,61.0,7.0,50.0,757.3125,0.0250000060869995,266592.0,275.9577999877929,60.000103996276856,685.0
20,13,10,2018,125.0,84.6,164.0,168.0,0.8,103.0,36.0,6.0,50.0,757.3125,0.0250000060869995,266592.0,275.9577999877929,60.000103996276856,685.0
21,13,10,2018,133.0,87.2,176.0,185.0,1.0,103.0,7.0,5.0,50.00041218996048,758.1875,0.0250000061380006,266644.0,275.9657998657226,60.0019759979248,685.0
22,13,10,2018,124.0,89.4,163.0,195.0,1.1,103.0,1.0,3.0,50.00041218996048,758.1875,0.0250000061380006,266644.0,275.9657998657226,60.0019759979248,685.0
23,13,10,2018,125.0,91.46666666666668,164.0,186.0,1.2,103.0,1.0,3.0,50.00041218996048,758.1875,0.0250000061380006,266644.0,275.9657998657226,60.0019759979248,685.0
0,14,10,2018,118.0,93.16666666666669,154.0,151.0,1.2,103.0,1.0,3.0,50.0,764.9375,0.0250000065940003,266916.0,275.9830999755859,60.00037199401857,710.3125
1,14,10,2018,122.0,94.76666666666668,160.0,152.0,1.1,103.0,2.0,2.0,50.0,764.9375,0.0250000065940003,266916.0,275.9830999755859,60.00037199401857,710.3125
2,14,10,2018,121.0,95.93333333333334,159.0,169.0,1.0,103.0,2.0,3.0,50.0,764.9375,0.0250000065940003,266916.0,275.9830999755859,60.00037199401857,710.3125
3,14,10,2018,117.0,96.66666666666669,153.0,161.0,0.9,101.0,2.0,2.0,50.0,771.4375,0.0250000063979998,266720.0,276.03600006103505,60.0040359954834,762.3125
4,14,10,2018,118.0,97.36666666666666,154.0,143.0,0.8,100.0,2.0,2.0,50.0,771.4375,0.0250000063979998,266720.0,276.03600006103505,60.0040359954834,762.3125
5,14,10,2018,120.0,98.16666666666669,157.0,133.0,0.8,92.0,2.0,1.0,50.0,771.4375,0.0250000063979998,266720.0,276.03600006103505,60.0040359954834,762.3125
6,14,10,2018,126.0,99.16666666666669,166.0,128.0,0.8,86.0,1.0,1.0,50.0,773.125,0.0250000062090009,266496.0,276.0728997802734,60.000915992736815,766.0
7,14,10,2018,128.0,100.33333333333331,169.0,130.0,0.8,83.0,3.0,2.0,50.0,773.125,0.0250000062090009,266496.0,276.0728997802734,60.000915992736815,766.0
8,14,10,2018,125.0,101.76666666666668,164.0,137.0,0.8,82.0,5.0,2.0,50.0,773.125,0.0250000062090009,266496.0,276.0728997802734,60.000915992736815,766.0
9,14,10,2018,131.0,103.23333333333332,173.0,150.0,0.9,88.0,6.0,3.0,50.000025005340575,772.5,0.025000007658001,266448.0,276.0413998413086,60.00128399658203,697.1875
10,14,10,2018,140.0,105.2,186.0,164.0,1.0,91.0,13.0,4.0,50.000025005340575,772.5,0.025000007658001,266448.0,276.0413998413086,60.00128399658203,697.1875
11,14,10,2018,149.0,107.66666666666669,199.0,161.0,0.9,84.0,33.0,7.0,50.000025005340575,772.5,0.025000007658001,266448.0,276.0413998413086,60.00128399658203,697.1875
12,14,10,2018,153.0,110.36666666666666,203.0,163.4,0.8,57.0,81.0,10.0,50.000025005340575,770.3125,0.0250000072729997,266708.0,276.0253997802734,60.00217599487305,685.0
13,14,10,2018,148.0,112.9,197.0,165.8,0.8,44.0,117.0,11.0,50.000025005340575,770.3125,0.0250000072729997,266708.0,276.0253997802734,60.00217599487305,685.0
14,14,10,2018,148.0,115.26666666666668,197.0,168.2,0.8,42.0,132.0,11.0,50.000025005340575,770.3125,0.0250000072729997,266708.0,276.0253997802734,60.00217599487305,685.0
15,14,10,2018,146.0,117.56666666666666,194.0,170.6,0.8,47.0,134.0,11.0,50.0,768.1875,0.0250000075679998,266812.0,276.0047998046875,60.00207599639893,685.0
16,14,10,2018,163.0,120.43333333333334,213.0,173.0,0.8,56.0,130.0,10.0,50.0,768.1875,0.0250000075679998,266812.0,276.0047998046875,60.00207599639893,685.0
17,14,10,2018,165.0,124.33333333333331,224.0,224.0,0.8,77.0,89.0,8.0,50.0,768.1875,0.0250000075679998,266812.0,276.0047998046875,60.00207599639893,685.0
18,14,10,2018,165.0,127.73333333333332,224.0,193.0,0.8,85.0,64.0,7.0,50.00001874923706,768.25,0.0250000081240013,266832.0,276.0019000244141,60.00188799285889,685.0
19,14,10,2018,165.0,130.66666666666666,224.0,208.0,0.8,102.0,33.0,6.0,50.00001874923706,768.25,0.0250000081240013,266832.0,276.0019000244141,60.00188799285889,685.0
20,14,10,2018,165.0,133.56666666666666,224.0,222.0,0.8,103.0,4.0,5.0,50.00001874923706,768.25,0.0250000081240013,266832.0,276.0019000244141,60.00188799285889,685.0
21,14,10,2018,165.0,136.3,224.0,224.0,0.9,103.0,1.0,5.0,50.0,768.25,0.0250000082729998,266792.0,276.0010998535156,60.00173999786377,685.0
22,14,10,2018,165.0,139.46666666666667,224.0,228.0,0.9,103.0,1.0,5.0,50.0,768.25,0.0250000082729998,266792.0,276.0010998535156,60.00173999786377,685.0
23,14,10,2018,165.0,142.96666666666667,224.0,234.9499999999989,1.0,103.0,1.0,5.0,50.0,768.25,0.0250000082729998,266792.0,276.0010998535156,60.00173999786377,685.0
0,15,10,2018,165.0,144.518333333333,224.0,234.9499999999989,1.1,103.0,1.0,5.0,50.00009375572205,775.875,0.0250000081820003,266796.0,276.014700012207,60.00327199554443,696.4375
1,15,10,2018,165.0,144.518333333333,224.0,234.9499999999989,1.1,103.0,1.0,4.0,50.00009375572205,775.875,0.0250000081820003,266796.0,276.014700012207,60.00327199554443,696.4375
2,15,10,2018,165.0,144.518333333333,224.0,228.0,1.0,103.0,1.0,5.0,50.00009375572205,775.875,0.0250000081820003,266796.0,276.014700012207,60.00327199554443,696.4375
3,15,10,2018,165.0,144.518333333333,224.0,234.0,1.0,103.0,1.0,4.0,50.00020000457764,778.375,0.0250000079009998,266648.0,276.0413000488281,60.00351999664306,725.0625
4,15,10,2018,165.0,144.518333333333,224.0,221.0,1.0,103.0,1.0,3.0,50.00020000457764,778.375,0.0250000079009998,266648.0,276.0413000488281,60.00351999664306,725.0625
5,15,10,2018,165.0,144.518333333333,224.0,232.0,1.0,103.0,1.0,3.0,50.00020000457764,778.375,0.0250000079009998,266648.0,276.0413000488281,60.00351999664306,725.0625
6,15,10,2018,165.0,144.518333333333,224.0,223.0,1.1,103.0,2.0,3.0,50.0,780.25,0.0250000084010008,266472.0,276.0438998413086,60.00343999481201,710.625
7,15,10,2018,165.0,144.518333333333,224.0,187.0,1.1,103.0,2.0,2.0,50.0,780.25,0.0250000084010008,266472.0,276.0438998413086,60.00343999481201,710.625
8,15,10,2018,165.0,144.518333333333,224.0,183.82352941176467,1.1,103.0,3.0,2.0,50.0,780.25,0.0250000084010008,266472.0,276.0438998413086,60.00343999481201,710.625
9,15,10,2018,165.0,144.518333333333,224.0,180.64705882352945,1.0,87.0,12.0,3.0,50.00004375457764,774.8125,0.0250000082240011,266584.0,276.00619995117194,60.00519999694824,689.4375
10,15,10,2018,165.0,144.518333333333,224.0,177.47058823529412,1.0,79.0,20.0,4.0,50.00004375457764,774.8125,0.0250000082240011,266584.0,276.00619995117194,60.00519999694824,689.4375
11,15,10,2018,165.0,144.518333333333,224.0,174.29411764705884,1.0,87.0,19.0,5.0,50.00004375457764,774.8125,0.0250000082240011,266584.0,276.00619995117194,60.00519999694824,689.4375
12,15,10,2018,165.0,144.518333333333,224.0,171.11764705882354,1.1,87.0,26.0,6.0,50.0000625038147,774.5,0.0250000078170001,266688.0,276.0047998046875,60.00373599243164,685.0
13,15,10,2018,165.0,144.518333333333,224.0,167.94117647058823,1.3,95.0,27.0,9.0,50.0000625038147,774.5,0.0250000078170001,266688.0,276.0047998046875,60.00373599243164,685.0
14,15,10,2018,165.0,144.518333333333,224.0,164.7647058823529,1.6,93.0,28.0,8.0,50.0000625038147,774.5,0.0250000078170001,266688.0,276.0047998046875,60.00373599243164,685.0
15,15,10,2018,165.0,144.518333333333,223.0,161.58823529411762,1.7,93.0,27.0,5.0,50.0,774.3125,0.0250000080060008,266616.0,276.00279998779297,60.00356799316406,685.0
16,15,10,2018,165.0,144.518333333333,222.0,158.41176470588238,1.5,86.0,29.0,3.0,50.0,774.3125,0.0250000080060008,266616.0,276.00279998779297,60.00356799316406,685.0
17,15,10,2018,165.0,144.518333333333,221.0,155.2352941176471,1.1,71.0,35.0,2.0,50.0,774.3125,0.0250000080060008,266616.0,276.00279998779297,60.00356799316406,685.0
18,15,10,2018,165.0,144.518333333333,218.0,152.05882352941177,1.1,68.0,32.0,1.0,50.00010000228882,773.5625,0.0250000080430004,266508.0,275.9969998168945,60.00313199615479,685.0
19,15,10,2018,159.0,144.518333333333,209.0,148.88235294117646,1.0,54.0,37.0,1.0,50.00010000228882,773.5625,0.0250000080430004,266508.0,275.9969998168945,60.00313199615479,685.0
20,15,10,2018,142.0,144.518333333333,189.0,145.7058823529412,1.0,53.0,37.0,1.0,50.00010000228882,773.5625,0.0250000080430004,266508.0,275.9969998168945,60.00313199615479,685.0
21,15,10,2018,155.0,144.518333333333,205.0,142.52941176470586,1.0,57.0,25.0,3.0,50.00006875038147,774.25,0.0250000079280007,266648.0,276.0025,60.0030239944458,685.0
22,15,10,2018,158.0,144.518333333333,208.0,139.35294117647058,1.0,60.0,17.0,3.0,50.00006875038147,774.25,0.0250000079280007,266648.0,276.0025,60.0030239944458,685.0
23,15,10,2018,164.0,144.518333333333,214.0,136.1764705882353,1.1,67.0,13.0,3.0,50.00006875038147,774.25,0.0250000079280007,266648.0,276.0025,60.0030239944458,685.0
0,16,10,2018,165.0,144.518333333333,215.0,133.0,1.1,73.0,7.0,3.0,50.00007500648498,763.625,0.0250000077900011,266848.0,275.99839996337886,60.00329999542236,712.5625
1,16,10,2018,165.0,144.518333333333,220.0,129.8235294117647,1.1,68.0,7.0,3.0,50.00007500648498,763.625,0.0250000077900011,266848.0,275.99839996337886,60.00329999542236,712.5625
2,16,10,2018,165.0,144.518333333333,216.0,126.64705882352942,1.1,62.0,7.0,3.0,50.00007500648498,763.625,0.0250000077900011,266848.0,275.99839996337886,60.00329999542236,712.5625
3,16,10,2018,143.0,144.518333333333,190.0,123.47058823529412,1.0,61.0,6.0,3.0,50.00003125190735,770.125,0.0250000058680009,266836.0,276.04259979248053,60.00791999816894,771.3125
4,16,10,2018,122.0,144.518333333333,160.0,120.29411764705884,0.8,45.0,18.0,3.0,50.00003125190735,770.125,0.0250000058680009,266836.0,276.04259979248053,60.00791999816894,771.3125
5,16,10,2018,101.0,144.518333333333,133.0,117.11764705882356,0.7,40.0,21.0,3.0,50.00003125190735,770.125,0.0250000058680009,266836.0,276.04259979248053,60.00791999816894,771.3125
6,16,10,2018,97.0,144.518333333333,128.0,113.94117647058825,0.7,52.0,7.0,3.0,50.00003125190735,761.0,0.0250000050799995,266524.0,276.0619000244141,60.00561599731445,811.125
7,16,10,2018,90.0,144.518333333333,119.0,110.76470588235294,0.7,59.0,2.0,3.0,50.00003125190735,761.0,0.0250000050799995,266524.0,276.0619000244141,60.00561599731445,811.125
8,16,10,2018,83.0,144.518333333333,110.0,107.58823529411764,0.8,57.0,2.0,3.0,50.00003125190735,761.0,0.0250000050799995,266524.0,276.0619000244141,60.00561599731445,811.125
9,16,10,2018,64.0,144.518333333333,86.0,104.41176470588236,0.7,55.0,5.0,1.0,50.0,767.25,0.0250000060259997,266612.0,276.0510998535156,60.0055239944458,707.6875
10,16,10,2018,52.0,144.518333333333,71.0,101.23529411764706,0.6,55.0,11.0,1.0,50.0,767.25,0.0250000060259997,266612.0,276.0510998535156,60.0055239944458,707.6875
11,16,10,2018,45.0,144.518333333333,63.0,98.05882352941175,0.5,45.0,28.0,2.0,50.0,767.25,0.0250000060259997,266612.0,276.0510998535156,60.0055239944458,707.6875
12,16,10,2018,33.0,142.0,47.0,94.88235294117648,0.3,25.0,59.0,5.0,50.0,763.5625,0.0250000068450011,266804.0,276.0072998046875,60.00353199768068,685.0
13,16,10,2018,32.0,137.16666666666666,46.0,91.7058823529412,0.3,18.0,70.0,5.0,50.0,763.5625,0.0250000068450011,266804.0,276.0072998046875,60.00353199768068,685.0
14,16,10,2018,28.0,132.2,40.0,88.52941176470587,0.3,20.0,74.0,5.0,50.0,763.5625,0.0250000068450011,266804.0,276.0072998046875,60.00353199768068,685.0
15,16,10,2018,31.0,127.33333333333331,44.0,85.3529411764706,0.3,19.0,87.0,5.0,50.0000625038147,762.6875,0.0250000075170006,266952.0,275.99209991455075,60.00212399291992,685.0
16,16,10,2018,25.0,122.26666666666668,36.0,82.17647058823529,0.3,19.0,84.0,4.0,50.0000625038147,762.6875,0.0250000075170006,266952.0,275.99209991455075,60.00212399291992,685.0
17,16,10,2018,38.0,117.3,65.0,79.0,0.3,28.0,78.0,3.0,50.0000625038147,762.6875,0.0250000075170006,266952.0,275.99209991455075,60.00212399291992,685.0
18,16,10,2018,48.0,112.43333333333334,78.0,105.0,0.5,38.0,67.0,2.0,50.0,757.875,0.0250000063020009,267040.0,275.95899993896484,60.0020719909668,685.0
19,16,10,2018,59.0,107.86666666666666,80.0,100.0,0.7,48.0,47.0,1.0,50.0,757.875,0.0250000063020009,267040.0,275.95899993896484,60.0020719909668,685.0
20,16,10,2018,65.0,103.96666666666668,88.0,89.0,0.9,43.0,45.0,1.0,50.0,757.875,0.0250000063020009,267040.0,275.95899993896484,60.0020719909668,685.0
21,16,10,2018,77.0,100.76666666666668,103.0,78.0,1.0,56.0,28.0,3.0,50.0,755.5,0.025000005748,267180.0,275.941900024414,60.00473599243164,685.0
22,16,10,2018,78.0,97.63333333333334,104.0,80.0,1.1,53.0,26.0,3.0,50.0,755.5,0.025000005748,267180.0,275.941900024414,60.00473599243164,685.0
23,16,10,2018,83.0,94.7,110.0,82.0,1.1,79.0,2.0,1.0,50.0,755.5,0.025000005748,267180.0,275.941900024414,60.00473599243164,685.0
0,17,10,2018,84.0,91.9,111.0,84.0,1.1,74.0,1.0,1.0,50.0,759.5,0.0250000067600011,267432.0,275.9776998901367,60.00495999145508,719.875
1,17,10,2018,77.0,89.16666666666667,103.0,86.0,1.0,69.0,2.0,1.0,50.0,759.5,0.0250000067600011,267432.0,275.9776998901367,60.00495999145508,719.875
2,17,10,2018,74.0,86.9,99.0,85.0,0.8,63.0,2.0,1.0,50.0,759.5,0.0250000067600011,267432.0,275.9776998901367,60.00495999145508,719.875
3,17,10,2018,72.0,84.13333333333334,96.0,84.0,0.8,61.0,2.0,3.0,50.0,760.4375,0.0250000035690013,267248.0,276.0248999023437,60.00689599609375,800.875
4,17,10,2018,67.0,81.1,90.0,78.0,0.7,58.0,2.0,3.0,50.0,760.4375,0.0250000035690013,267248.0,276.0248999023437,60.00689599609375,800.875
5,17,10,2018,63.0,77.73333333333333,85.0,72.0,0.6,56.0,2.0,3.0,50.0,760.4375,0.0250000035690013,267248.0,276.0248999023437,60.00689599609375,800.875
6,17,10,2018,57.0,74.13333333333334,78.0,66.0,0.6,53.0,2.0,3.0,50.0,759.5625,0.0250000027840007,266880.0,276.05299987792966,60.00421199798584,798.0625
7,17,10,2018,57.0,70.36666666666666,78.0,60.0,0.6,52.0,1.0,3.0,50.0,759.5625,0.0250000027840007,266880.0,276.05299987792966,60.00421199798584,798.0625
8,17,10,2018,62.0,66.9,84.0,69.0,0.7,49.0,3.0,3.0,50.0,759.5625,0.0250000027840007,266880.0,276.05299987792966,60.00421199798584,798.0625
9,17,10,2018,71.0,64.5,95.0,73.0,0.7,45.0,10.0,3.0,50.0,761.5625,0.025000004420001,266952.0,276.0319998168945,60.00205199432373,703.5
10,17,10,2018,67.0,62.66666666666666,90.0,55.0,0.6,42.0,25.0,2.0,50.0,761.5625,0.025000004420001,266952.0,276.0319998168945,60.00205199432373,703.5
11,17,10,2018,55.0,61.13333333333333,75.0,37.0,0.3,38.0,36.0,2.0,50.0,761.5625,0.025000004420001,266952.0,276.0319998168945,60.00205199432373,703.5
12,17,10,2018,20.0,58.56666666666667,29.0,19.0,0.3,24.0,56.0,1.0,50.0,755.8125,0.0250000047040004,267156.0,275.97,60.001627990722646,685.0
13,17,10,2018,11.5,55.95,18.0,1.0,0.3,19.0,56.0,3.0,50.0,755.8125,0.0250000047040004,267156.0,275.97,60.001627990722646,685.0
14,17,10,2018,3.0,53.28333333333333,21.0,5.0,0.3,14.0,68.0,3.0,50.0,755.8125,0.0250000047040004,267156.0,275.97,60.001627990722646,685.0
15,17,10,2018,18.0,51.75,26.0,9.0,0.3,15.0,69.0,3.0,50.0,754.875,0.0250000054299999,267452.0,275.9491000366211,60.00195199584961,685.0
16,17,10,2018,13.0,50.45,22.0,13.0,0.3,15.0,70.0,3.0,50.0,754.875,0.0250000054299999,267452.0,275.9491000366211,60.00195199584961,685.0
17,17,10,2018,13.0,49.38333333333333,21.0,17.0,0.3,19.0,67.0,3.0,50.0,754.875,0.0250000054299999,267452.0,275.9491000366211,60.00195199584961,685.0
18,17,10,2018,19.0,48.91666666666666,31.0,31.0,0.3,42.0,44.0,3.0,50.0,752.375,0.0250000050450004,267640.0,275.92869995117184,60.00166399383545,685.0
19,17,10,2018,32.0,48.91666666666666,56.0,61.0,0.3,82.0,10.0,3.0,50.0,752.375,0.0250000050450004,267640.0,275.92869995117184,60.00166399383545,685.0
20,17,10,2018,30.0,48.98333333333333,64.0,77.0,0.6,98.0,2.0,3.0,50.0,752.375,0.0250000050450004,267640.0,275.92869995117184,60.00166399383545,685.0
21,17,10,2018,41.0,49.31666666666667,74.0,98.0,0.7,85.0,1.0,1.0,50.0,752.0625,0.0250000048620011,267836.0,275.92790008544915,60.00175999450683,685.0
22,17,10,2018,41.0,49.85,74.0,97.0,0.6,76.0,1.0,3.0,50.0,752.0625,0.0250000048620011,267836.0,275.92790008544915,60.00175999450683,685.0
23,17,10,2018,37.0,49.81666666666667,61.0,71.0,0.3,71.0,2.0,3.0,50.0,752.0625,0.0250000048620011,267836.0,275.92790008544915,60.00175999450683,685.0
0,18,10,2018,37.0,49.45,53.0,53.0,0.3,70.0,3.0,3.0,50.0,756.0625,0.0250000058260001,268048.0,275.96119995117186,60.00149599456787,719.8125
1,18,10,2018,39.0,48.78333333333333,55.0,59.0,0.3,70.0,2.0,3.0,50.0,756.0625,0.0250000058260001,268048.0,275.96119995117186,60.00149599456787,719.8125
2,18,10,2018,37.0,47.85,58.0,66.0,0.3,72.0,2.0,1.0,50.0,756.0625,0.0250000058260001,268048.0,275.96119995117186,60.00149599456787,719.8125
3,18,10,2018,32.0,46.35,56.0,62.0,0.3,70.0,2.0,3.0,50.0,759.5,0.0250000037300009,268000.0,276.0442999267578,60.0043639907837,813.875
4,18,10,2018,30.0,44.75,55.0,60.0,0.3,67.0,2.0,3.0,50.0,759.5,0.0250000037300009,268000.0,276.0442999267578,60.0043639907837,813.875
5,18,10,2018,27.0,42.88333333333333,53.0,56.0,0.3,62.0,2.0,3.0,50.0,759.5,0.0250000037300009,268000.0,276.0442999267578,60.0043639907837,813.875
6,18,10,2018,28.0,41.016666666666666,51.0,52.0,0.3,62.0,2.0,3.0,50.0,761.5625,0.0250000044750012,267636.0,276.05799987792966,60.00329599761963,799.0
7,18,10,2018,27.0,39.35,45.0,45.0,0.3,59.0,1.0,3.0,50.0,761.5625,0.0250000044750012,267636.0,276.05799987792966,60.00329599761963,799.0
8,18,10,2018,18.0,37.48333333333333,54.0,58.0,0.3,54.0,4.0,3.0,50.0,761.5625,0.0250000044750012,267636.0,276.05799987792966,60.00329599761963,799.0
9,18,10,2018,25.0,35.916666666666664,54.0,58.0,0.3,48.0,12.0,3.0,50.0,762.625,0.0250000046520009,267732.0,276.04449981689453,60.003891998291024,693.9375
10,18,10,2018,21.0,34.38333333333333,48.0,48.0,0.3,45.0,23.0,1.0,50.0,762.625,0.0250000046520009,267732.0,276.04449981689453,60.003891998291024,693.9375
11,18,10,2018,28.0,33.21666666666667,51.0,51.0,0.3,47.0,29.0,2.0,50.0,762.625,0.0250000046520009,267732.0,276.04449981689453,60.003891998291024,693.9375
12,18,10,2018,33.0,32.416666666666664,47.0,46.0,0.3,39.0,48.0,2.0,50.0,756.75,0.0250000053260009,267880.0,275.9750997924804,60.00412799072266,685.0
13,18,10,2018,44.0,31.98333333333333,61.0,49.0,0.3,34.0,68.0,2.0,50.0,756.75,0.0250000053260009,267880.0,275.9750997924804,60.00412799072266,685.0
14,18,10,2018,45.0,31.416666666666668,63.0,46.0,0.3,33.0,77.0,1.0,50.0,756.75,0.0250000053260009,267880.0,275.9750997924804,60.00412799072266,685.0
15,18,10,2018,44.0,30.516666666666666,61.0,45.33333333333334,0.3,30.0,84.0,1.0,50.0,752.8125,0.0250000051230006,268080.0,275.93779998779297,60.001803993225096,685.0
16,18,10,2018,49.0,29.916666666666668,68.0,44.66666666666666,0.3,28.0,89.0,3.0,50.0,752.8125,0.0250000051230006,268080.0,275.93779998779297,60.001803993225096,685.0
17,18,10,2018,43.0,29.516666666666666,60.0,44.0,0.3,33.0,88.0,1.0,50.0,752.8125,0.0250000051230006,268080.0,275.93779998779297,60.001803993225096,685.0
18,18,10,2018,55.0,30.683333333333334,75.0,77.0,0.5,67.0,48.0,3.0,50.0,754.125,0.0250000052260011,268116.0,275.9497998046875,60.00194799804687,685.0
19,18,10,2018,68.0,32.56666666666667,91.0,119.0,0.7,95.0,19.0,3.0,50.0,754.125,0.0250000052260011,268116.0,275.9497998046875,60.00194799804687,685.0
20,18,10,2018,74.0,34.93333333333333,99.0,128.0,0.8,103.0,6.0,3.0,50.0,754.125,0.0250000052260011,268116.0,275.9497998046875,60.00194799804687,685.0
21,18,10,2018,77.0,36.9,103.0,134.0,0.9,103.0,2.0,1.0,50.0,752.125,0.0250000046070013,268520.0,275.9388000488281,60.00239199066162,685.0
22,18,10,2018,72.0,38.86666666666667,96.0,139.0,0.9,103.0,1.0,2.0,50.0,752.125,0.0250000046070013,268520.0,275.9388000488281,60.00239199066162,685.0
23,18,10,2018,68.0,40.7,91.0,121.0,0.8,91.0,2.0,1.0,50.0,752.125,0.0250000046070013,268520.0,275.9388000488281,60.00239199066162,685.0
0,19,10,2018,66.0,42.266666666666666,89.0,98.0,0.8,84.0,2.0,1.0,50.0,753.5,0.025000005392,268504.0,275.9495999145508,60.00493199157715,716.75
1,19,10,2018,68.0,43.46666666666667,91.0,95.0,0.8,77.0,2.0,3.0,50.0,753.5,0.025000005392,268504.0,275.9495999145508,60.00493199157715,716.75
2,19,10,2018,73.0,44.9,98.0,102.0,0.7,78.0,2.0,4.0,50.0,753.5,0.025000005392,268504.0,275.9495999145508,60.00493199157715,716.75
3,19,10,2018,71.0,45.9,95.0,112.0,0.6,78.0,2.0,4.0,50.000025005340575,758.75,0.0250000039460007,268232.0,276.0342999267578,60.00450799560547,813.5
4,19,10,2018,60.0,46.53333333333333,81.0,103.0,0.3,79.0,2.0,3.0,50.000025005340575,758.75,0.0250000039460007,268232.0,276.0342999267578,60.00450799560547,813.5
5,19,10,2018,49.0,46.93333333333333,68.0,83.0,0.3,72.0,2.0,2.0,50.000025005340575,758.75,0.0250000039460007,268232.0,276.0342999267578,60.00450799560547,813.5
6,19,10,2018,32.0,46.766666666666666,53.0,56.0,0.3,71.0,2.0,2.0,50.000025005340575,760.0625,0.0250000035650003,267712.0,276.06709991455074,60.00331999206543,804.4375
7,19,10,2018,37.0,46.7,60.0,69.0,0.3,72.0,1.0,2.0,50.000025005340575,760.0625,0.0250000035650003,267712.0,276.06709991455074,60.00331999206543,804.4375
8,19,10,2018,51.0,47.16666666666666,70.0,82.0,0.6,69.0,3.0,2.0,50.000025005340575,760.0625,0.0250000035650003,267712.0,276.06709991455074,60.00331999206543,804.4375
9,19,10,2018,56.0,47.96666666666667,76.0,74.0,0.3,54.0,17.0,2.0,50.0,761.0625,0.0250000052659995,267724.0,276.02850006103506,60.0035719909668,702.375
10,19,10,2018,49.0,48.6,68.0,73.0,0.3,52.0,29.0,3.0,50.0,761.0625,0.0250000052659995,267724.0,276.02850006103506,60.0035719909668,702.375
11,19,10,2018,46.0,49.23333333333333,64.0,62.0,0.3,46.0,44.0,3.0,50.0,761.0625,0.0250000052659995,267724.0,276.02850006103506,60.0035719909668,702.375
12,19,10,2018,54.0,50.1,74.0,63.0,0.3,47.0,58.0,3.0,50.0,755.75,0.0250000046350006,267868.0,275.9864999389648,60.00223199462891,685.0
13,19,10,2018,50.0,50.86666666666667,69.0,51.0,0.3,35.0,79.0,3.0,50.0,755.75,0.0250000046350006,267868.0,275.9864999389648,60.00223199462891,685.0
14,19,10,2018,41.0,51.63333333333333,58.0,51.0,0.3,24.0,100.0,4.0,50.0,755.75,0.0250000046350006,267868.0,275.9864999389648,60.00223199462891,685.0
15,19,10,2018,44.0,52.266666666666666,61.0,51.0,0.3,21.0,113.0,5.0,50.0,752.9375,0.0250000045890007,268448.0,275.9573999023437,60.00174799346924,685.0
16,19,10,2018,41.0,52.93333333333333,58.0,51.0,0.3,21.0,111.0,5.0,50.0,752.9375,0.0250000045890007,268448.0,275.9573999023437,60.00174799346924,685.0
17,19,10,2018,49.0,53.63333333333333,68.0,51.0,0.3,31.0,103.0,5.0,50.0,752.9375,0.0250000045890007,268448.0,275.9573999023437,60.00174799346924,685.0
18,19,10,2018,56.0,54.4,76.0,78.0,0.3,51.0,77.0,5.0,50.0,748.0625,0.0250000021250005,267276.0,275.94649993896485,60.00298399353027,685.0
19,19,10,2018,63.0,55.03333333333333,85.0,99.0,0.5,67.0,57.0,4.0,50.0,748.0625,0.0250000021250005,267276.0,275.94649993896485,60.00298399353027,685.0
20,19,10,2018,71.0,55.9,95.0,105.0,0.6,94.0,31.0,4.0,50.0,748.0625,0.0250000021250005,267276.0,275.94649993896485,60.00298399353027,685.0
21,19,10,2018,78.0,57.03333333333333,104.0,127.0,0.8,103.0,3.0,4.0,50.0,747.1875,0.0250000023769997,267260.0,275.93239990234366,60.00245599365234,685.0
22,19,10,2018,80.0,58.06666666666667,106.0,141.0,0.9,103.0,1.0,4.0,50.0,747.1875,0.0250000023769997,267260.0,275.93239990234366,60.00245599365234,685.0
23,19,10,2018,69.0,58.93333333333333,93.0,121.0,0.7,97.0,1.0,3.0,50.0,747.1875,0.0250000023769997,267260.0,275.93239990234366,60.00245599365234,685.0
0,20,10,2018,66.0,59.3,89.0,106.0,0.6,88.0,1.0,2.0,50.0,754.4375,0.0250000050230007,268136.0,275.9567999267578,60.00217999267578,706.125
1,20,10,2018,67.0,59.266666666666666,90.0,85.0,0.6,85.0,1.0,2.0,50.0,754.4375,0.0250000050230007,268136.0,275.9567999267578,60.00217999267578,706.125
2,20,10,2018,68.0,59.06666666666667,91.0,87.0,0.6,89.0,2.0,3.0,50.0,754.4375,0.0250000050230007,268136.0,275.9567999267578,60.00217999267578,706.125
3,20,10,2018,71.0,58.86666666666667,95.0,105.0,0.6,91.0,2.0,3.0,50.0,757.375,0.0250000043120011,267828.0,276.0263000488281,60.00280799102783,818.9375
4,20,10,2018,73.0,58.9,98.0,110.0,0.6,88.0,2.0,3.0,50.0,757.375,0.0250000043120011,267828.0,276.0263000488281,60.00280799102783,818.9375
5,20,10,2018,59.0,58.6,80.0,88.0,0.3,85.0,2.0,2.0,50.0,757.375,0.0250000043120011,267828.0,276.0263000488281,60.00280799102783,818.9375
6,20,10,2018,56.0,58.266666666666666,76.0,79.0,0.3,83.0,2.0,2.0,50.0,759.3125,0.02500000361,267312.0,276.05919982910154,60.00505199432373,802.9375
7,20,10,2018,56.0,57.86666666666667,76.0,74.0,0.3,82.0,1.0,2.0,50.0,759.3125,0.02500000361,267312.0,276.05919982910154,60.00505199432373,802.9375
8,20,10,2018,58.0,57.36666666666667,79.0,78.0,0.5,78.0,4.0,2.0,50.0,759.3125,0.02500000361,267312.0,276.05919982910154,60.00505199432373,802.9375
9,20,10,2018,59.0,56.96666666666667,80.0,103.0,0.5,76.0,10.0,3.0,50.0,760.75,0.0250000047939997,267224.0,276.0247998046874,60.00281999206543,694.3125
10,20,10,2018,59.0,56.93333333333333,80.0,82.0,0.3,67.0,25.0,3.0,50.0,760.75,0.0250000047939997,267224.0,276.0247998046874,60.00281999206543,694.3125
11,20,10,2018,67.0,57.53333333333333,90.0,85.0,0.5,70.0,28.0,4.0,50.0,760.75,0.0250000047939997,267224.0,276.0247998046874,60.00281999206543,694.3125
12,20,10,2018,75.0,58.96666666666667,100.0,83.0,0.5,70.0,41.0,6.0,50.0,758.0625,0.025000005218001,267280.0,275.99100006103515,60.00191599273682,685.0
13,20,10,2018,75.0,60.23333333333333,100.0,80.0,0.6,62.0,62.0,10.0,50.0,758.0625,0.025000005218001,267280.0,275.99100006103515,60.00191599273682,685.0
14,20,10,2018,59.0,60.5,80.0,63.0,0.6,45.0,88.0,12.0,50.0,758.0625,0.025000005218001,267280.0,275.99100006103515,60.00191599273682,685.0
15,20,10,2018,69.0,60.93333333333333,93.0,71.0,0.5,46.0,97.0,12.0,50.0,756.5,0.0250000052240006,267284.0,275.97489990234374,60.002215995788575,685.0
16,20,10,2018,57.0,61.2,78.0,60.0,0.3,29.0,123.0,11.0,50.0,756.5,0.0250000052240006,267284.0,275.97489990234374,60.002215995788575,685.0
17,20,10,2018,63.0,61.766666666666666,85.0,64.0,0.3,33.0,120.0,12.0,50.0,756.5,0.0250000052240006,267284.0,275.97489990234374,60.002215995788575,685.0
18,20,10,2018,69.0,62.266666666666666,93.0,90.0,0.6,50.0,96.0,10.0,50.0,757.1875,0.0250000057939998,267152.0,275.9735998535156,60.00210399627686,685.0
19,20,10,2018,81.0,63.3,108.0,113.0,0.7,70.0,70.0,7.0,50.0,757.1875,0.0250000057939998,267152.0,275.9735998535156,60.00210399627686,685.0
20,20,10,2018,87.0,64.83333333333333,115.0,118.0,0.7,87.0,51.0,7.0,50.0,757.1875,0.0250000057939998,267152.0,275.9735998535156,60.00210399627686,685.0
21,20,10,2018,95.0,66.53333333333333,125.0,133.0,0.8,103.0,15.0,7.0,50.0,757.6875,0.0250000056870002,266788.0,275.9802999877929,60.0022919921875,685.0
22,20,10,2018,103.0,68.6,135.0,125.0,0.7,103.0,27.0,8.0,50.0,757.6875,0.0250000056870002,266788.0,275.9802999877929,60.0022919921875,685.0
23,20,10,2018,106.0,70.5,139.0,150.0,0.8,103.0,8.0,6.0,50.0,757.6875,0.0250000056870002,266788.0,275.9802999877929,60.0022919921875,685.0
0,21,10,2018,107.0,72.2,140.0,170.0,1.1,103.0,1.0,5.0,50.0,766.9375,0.0250000056730005,266980.0,275.9804998779297,60.00190799713135,697.6875
1,21,10,2018,104.0,73.56666666666666,136.0,165.0,1.1,103.0,1.0,5.0,50.0,766.9375,0.0250000056730005,266980.0,275.9804998779297,60.00190799713135,697.6875
2,21,10,2018,100.0,74.53333333333333,131.0,164.0,1.0,103.0,1.0,4.0,50.0,766.9375,0.0250000056730005,266980.0,275.9804998779297,60.00190799713135,697.6875
3,21,10,2018,89.0,74.9,118.0,139.0,0.8,103.0,2.0,3.0,50.0,772.8125,0.0250000054400004,266840.0,276.01579986572256,60.00354399108887,730.9375
4,21,10,2018,89.0,75.2,118.0,108.0,0.7,103.0,1.5,2.0,50.0,772.8125,0.0250000054400004,266840.0,276.01579986572256,60.00354399108887,730.9375
5,21,10,2018,98.0,76.16666666666667,129.0,108.0,0.7,98.0,1.0,2.0,50.0,772.8125,0.0250000054400004,266840.0,276.01579986572256,60.00354399108887,730.9375
6,21,10,2018,97.0,77.2,128.0,98.0,0.8,98.0,1.0,2.0,50.0,771.25,0.025000005322,266388.0,276.0467999267578,60.0035359954834,750.0625
7,21,10,2018,96.0,78.16666666666667,126.0,101.0,0.8,97.0,1.0,3.0,50.0,771.25,0.025000005322,266388.0,276.0467999267578,60.0035359954834,750.0625
8,21,10,2018,99.0,79.2,130.0,107.0,0.8,94.0,5.0,3.0,50.0,771.25,0.025000005322,266388.0,276.0467999267578,60.0035359954834,750.0625
9,21,10,2018,105.0,80.33333333333333,138.0,117.0,1.0,88.0,10.0,3.0,50.0,771.375,0.0250000056660007,266264.0,276.0188000488281,60.0040359954834,697.125
10,21,10,2018,110.0,81.56666666666666,144.0,115.0,1.0,81.0,22.0,6.0,50.0,771.375,0.0250000056660007,266264.0,276.0188000488281,60.0040359954834,697.125
11,21,10,2018,119.0,83.56666666666666,156.0,123.4,1.1,78.0,34.0,7.0,50.0,771.375,0.0250000056660007,266264.0,276.0188000488281,60.0040359954834,697.125
12,21,10,2018,118.0,85.63333333333334,154.0,131.8,1.0,74.0,45.0,8.0,50.0,765.3125,0.0250000062080007,266428.0,275.9627999877929,60.00246799468994,685.0
13,21,10,2018,124.0,87.9,163.0,140.2,1.0,71.0,59.0,11.0,50.0,765.3125,0.0250000062080007,266428.0,275.9627999877929,60.00246799468994,685.0
14,21,10,2018,132.0,90.36666666666666,174.0,148.6,1.1,83.0,57.0,12.0,50.0,765.3125,0.0250000062080007,266428.0,275.9627999877929,60.00246799468994,685.0
15,21,10,2018,143.0,93.16666666666669,190.0,157.0,1.1,103.0,34.0,11.0,50.0,765.5,0.0250000059470012,266308.0,275.96609985351563,60.00241999816895,685.0
16,21,10,2018,137.0,95.76666666666668,181.0,145.0,1.0,100.0,42.0,13.0,50.0,765.5,0.0250000059470012,266308.0,275.96609985351563,60.00241999816895,685.0
17,21,10,2018,138.0,98.13333333333334,183.0,143.0,1.1,103.0,30.0,14.0,50.0,765.5,0.0250000059470012,266308.0,275.96609985351563,60.00241999816895,685.0
18,21,10,2018,143.0,100.4,190.0,188.0,1.3,103.0,13.0,10.0,50.0,763.3125,0.0250000056100003,266128.0,275.94869995117193,60.00219999694824,685.0
19,21,10,2018,155.0,103.06666666666666,205.0,191.0,1.5,103.0,4.0,8.0,50.0,763.3125,0.0250000056100003,266128.0,275.94869995117193,60.00219999694824,685.0
20,21,10,2018,159.0,106.4,209.0,192.0,1.6,103.0,2.0,7.0,50.0,763.3125,0.0250000056100003,266128.0,275.94869995117193,60.00219999694824,685.0
21,21,10,2018,160.0,109.43333333333334,210.0,197.0,1.8,103.0,1.0,5.0,50.0,762.5625,0.0250000055759996,266108.0,275.9425,60.00311199188232,685.0
22,21,10,2018,159.0,112.83333333333331,209.0,204.0,1.8,103.0,1.0,4.0,50.0,762.5625,0.0250000055759996,266108.0,275.9425,60.00311199188232,685.0
23,21,10,2018,156.0,115.93333333333334,206.0,212.0,1.7,103.0,1.0,4.0,50.0,762.5625,0.0250000055759996,266108.0,275.9425,60.00311199188232,685.0
0,22,10,2018,152.0,118.7,202.0,200.0,1.4,99.0,1.0,3.0,50.0,760.5,0.0250000065200012,266072.0,275.96690002441403,60.00119599151611,706.0625
1,22,10,2018,154.0,121.13333333333334,204.0,196.0,1.4,95.0,1.0,3.0,50.0,760.5,0.0250000065200012,266072.0,275.96690002441403,60.00119599151611,706.0625
2,22,10,2018,154.0,123.36666666666666,204.0,176.0,1.2,97.0,2.0,2.0,50.0,760.5,0.0250000065200012,266072.0,275.96690002441403,60.00119599151611,706.0625
3,22,10,2018,150.0,125.2,200.0,157.0,1.2,98.0,2.0,2.0,50.0,768.25,0.0250000056060012,265860.0,276.0325997924804,60.00310799407959,769.5
4,22,10,2018,152.0,126.83333333333331,202.0,158.46666666666667,1.2,93.0,2.0,2.0,50.0,768.25,0.0250000056060012,265860.0,276.0325997924804,60.00310799407959,769.5
5,22,10,2018,146.0,128.16666666666666,194.0,159.93333333333334,1.1,85.0,2.0,2.0,50.0,768.25,0.0250000056060012,265860.0,276.0325997924804,60.00310799407959,769.5
6,22,10,2018,143.0,129.36666666666667,190.0,161.4,1.1,79.0,2.0,1.0,50.0,764.3125,0.0250000046690013,265216.0,276.07009979248045,60.00563599395752,789.0
7,22,10,2018,165.0,131.56666666666666,220.0,162.86666666666667,1.2,78.0,2.0,2.0,50.0,764.3125,0.0250000046690013,265216.0,276.07009979248045,60.00563599395752,789.0
8,22,10,2018,165.0,133.9,220.0,164.33333333333334,1.3,79.0,2.0,2.0,50.0,764.3125,0.0250000046690013,265216.0,276.07009979248045,60.00563599395752,789.0
9,22,10,2018,145.0,135.76666666666668,193.0,165.8,1.3,73.0,4.0,2.0,50.0,767.25,0.0250000048270002,265436.0,276.04949981689447,60.00911199188232,695.4375
10,22,10,2018,159.0,138.1,209.0,167.26666666666662,1.2,74.0,10.0,4.0,50.0,767.25,0.0250000048270002,265436.0,276.04949981689447,60.00911199188232,695.4375
11,22,10,2018,165.0,140.8,224.0,168.73333333333332,1.3,89.0,14.0,5.0,50.0,767.25,0.0250000048270002,265436.0,276.04949981689447,60.00911199188232,695.4375
12,22,10,2018,165.0,144.06666666666666,224.0,170.2,1.2,79.0,39.0,10.0,50.0,762.0,0.0250000034270007,266232.0,276.0167999267578,60.00911199188232,685.0
13,22,10,2018,165.0,144.518333333333,224.0,171.66666666666666,1.2,73.0,69.0,16.0,50.0,762.0,0.0250000034270007,266232.0,276.0167999267578,60.00911199188232,685.0
14,22,10,2018,165.0,144.518333333333,224.0,173.13333333333333,1.2,77.0,80.0,16.0,50.0,762.0,0.0250000034270007,266232.0,276.0167999267578,60.00911199188232,685.0
15,22,10,2018,165.0,144.518333333333,224.0,174.6,1.2,78.0,84.0,14.0,50.0,759.375,0.0250000031970012,266336.0,275.99470001220703,60.00538399505615,685.0
16,22,10,2018,161.0,144.518333333333,211.0,176.06666666666663,1.0,56.0,103.0,14.0,50.0,759.375,0.0250000031970012,266336.0,275.99470001220703,60.00538399505615,685.0
17,22,10,2018,165.0,144.518333333333,224.0,177.53333333333333,1.2,97.0,62.0,9.0,50.0,759.375,0.0250000031970012,266336.0,275.99470001220703,60.00538399505615,685.0
18,22,10,2018,109.0,144.518333333333,143.0,179.0,0.3,46.0,57.0,5.0,50.0,755.3125,0.0250000044050011,266372.0,275.9408999633789,60.00306799316406,685.0
19,22,10,2018,29.0,144.518333333333,90.0,130.0,0.3,27.0,50.0,2.0,50.0,755.3125,0.0250000044050011,266372.0,275.9408999633789,60.00306799316406,685.0
20,22,10,2018,29.0,144.518333333333,70.0,90.0,0.3,42.0,34.0,1.0,50.0,755.3125,0.0250000044050011,266372.0,275.9408999633789,60.00306799316406,685.0
21,22,10,2018,33.0,144.518333333333,72.0,94.0,0.3,56.0,19.0,3.0,50.0,756.4375,0.0250000030380003,266192.0,275.9679998779297,60.00412799072266,685.0
22,22,10,2018,14.0,143.33333333333334,75.0,100.0,0.3,26.0,40.0,1.0,50.0,756.4375,0.0250000030380003,266192.0,275.9679998779297,60.00412799072266,685.0
23,22,10,2018,7.0,138.96666666666667,35.0,35.0,0.3,20.0,44.0,3.0,50.0,756.4375,0.0250000030380003,266192.0,275.9679998779297,60.00412799072266,685.0
0,23,10,2018,5.0,134.36666666666667,18.0,18.0,0.3,21.0,40.0,3.0,50.0,752.3125,0.0250000031260009,266744.0,275.98839996337887,60.00204399108887,719.0625
1,23,10,2018,5.0,129.36666666666667,14.0,13.0,0.3,15.0,46.0,3.0,50.0,752.3125,0.0250000031260009,266744.0,275.98839996337887,60.00204399108887,719.0625
2,23,10,2018,5.0,124.23333333333332,15.0,15.0,0.3,17.0,42.0,3.0,50.0,752.3125,0.0250000031260009,266744.0,275.98839996337887,60.00204399108887,719.0625
3,23,10,2018,4.0,119.03333333333332,13.0,8.0,0.3,16.0,42.0,3.0,50.0,756.4375,0.0250000022130012,266472.0,276.06009979248046,60.00713599395752,824.0625
4,23,10,2018,3.0,113.83333333333331,17.0,13.0,0.3,33.0,23.0,3.0,50.0,756.4375,0.0250000022130012,266472.0,276.06009979248046,60.00713599395752,824.0625
5,23,10,2018,13.0,109.06666666666666,31.0,31.0,0.3,51.0,4.0,1.0,50.0,756.4375,0.0250000022130012,266472.0,276.06009979248046,60.00713599395752,824.0625
6,23,10,2018,14.0,104.46666666666668,48.0,48.0,0.3,53.0,6.0,2.0,50.0,756.9375,0.0250000023570004,265832.0,276.07369995117193,60.00793599700928,807.3125
7,23,10,2018,18.0,99.93333333333334,58.0,65.0,0.3,62.0,1.0,3.0,50.0,756.9375,0.0250000023570004,265832.0,276.07369995117193,60.00793599700928,807.3125
8,23,10,2018,19.0,95.43333333333334,66.0,81.0,0.3,58.0,3.0,4.0,50.0,756.9375,0.0250000023570004,265832.0,276.07369995117193,60.00793599700928,807.3125
9,23,10,2018,20.0,91.1,67.0,84.0,0.3,54.0,10.0,8.0,50.0,758.875,0.0250000027430001,265524.0,276.0619998168945,60.001019996643066,701.4375
10,23,10,2018,26.0,86.9,77.0,104.0,0.3,54.0,14.0,6.0,50.0,758.875,0.0250000027430001,265524.0,276.0619998168945,60.001019996643066,701.4375
11,23,10,2018,14.0,82.5,63.0,76.0,0.3,33.0,33.0,3.0,50.0,758.875,0.0250000027430001,265524.0,276.0619998168945,60.001019996643066,701.4375
12,23,10,2018,4.0,77.86666666666666,26.0,26.0,0.3,12.0,57.0,1.0,50.0,752.5,0.0250000030209999,265752.0,275.9919000244141,60.00187999725342,685.0
13,23,10,2018,9.0,72.5,29.0,29.0,0.3,14.0,58.0,1.0,50.0,752.5,0.0250000030209999,265752.0,275.9919000244141,60.00187999725342,685.0
14,23,10,2018,10.0,67.16666666666667,32.0,32.0,0.3,13.0,62.0,2.0,50.0,752.5,0.0250000030209999,265752.0,275.9919000244141,60.00187999725342,685.0
15,23,10,2018,14.0,62.8,37.0,37.0,0.3,14.0,69.0,2.0,50.0,750.0,0.0250000044190008,265744.0,275.94209991455074,60.0015119934082,685.0
16,23,10,2018,10.0,57.833333333333336,37.0,37.0,0.3,16.0,67.0,2.0,50.0,750.0,0.0250000044190008,265744.0,275.94209991455074,60.0015119934082,685.0
17,23,10,2018,14.0,52.333333333333336,44.0,44.0,0.3,21.0,68.0,3.0,50.0,750.0,0.0250000044190008,265744.0,275.94209991455074,60.0015119934082,685.0
18,23,10,2018,17.0,46.4,63.0,75.0,0.3,39.0,50.0,2.0,50.0,748.4375,0.0250000044340007,265748.0,275.9239999389648,60.003203994750976,685.0
20,23,10,2018,32.0,40.46666666666667,78.0,105.0,0.3,75.0,11.0,3.0,50.0,748.4375,0.0250000044340007,265748.0,275.9239999389648,60.003203994750976,685.0
21,23,10,2018,40.0,35.03333333333333,84.0,117.0,0.3,72.0,8.0,3.0,50.0,747.8125,0.0250000041429996,265852.0,275.92339996337887,60.00222799682617,685.0
22,23,10,2018,41.0,30.066666666666663,87.0,123.0,0.3,75.0,3.0,3.0,50.0,747.8125,0.0250000041429996,265852.0,275.92339996337887,60.00222799682617,685.0
23,23,10,2018,47.0,26.266666666666666,88.0,126.0,0.5,79.0,1.0,3.0,50.0,747.8125,0.0250000041429996,265852.0,275.92339996337887,60.00222799682617,685.0
0,24,10,2018,51.0,21.866666666666667,87.0,123.0,0.3,73.0,1.0,4.0,50.0,755.1875,0.0250000045370012,266032.0,275.97570007324214,60.00172399139405,713.875
1,24,10,2018,52.0,19.966666666666665,88.0,125.0,0.5,71.0,1.0,3.0,50.0,755.1875,0.0250000045370012,266032.0,275.97570007324214,60.00172399139405,713.875
2,24,10,2018,58.0,20.933333333333334,92.0,134.0,0.5,71.0,1.0,3.0,50.0,755.1875,0.0250000045370012,266032.0,275.97570007324214,60.00172399139405,713.875
3,24,10,2018,53.0,21.73333333333333,91.0,132.0,0.3,72.0,1.0,3.0,50.0,761.1875,0.0250000042599998,265944.0,276.04799987792967,60.00386799621582,805.125
4,24,10,2018,51.0,22.33333333333333,88.0,126.0,0.3,70.0,1.0,3.0,50.0,761.1875,0.0250000042599998,265944.0,276.04799987792967,60.00386799621582,805.125
5,24,10,2018,35.0,23.03333333333333,79.0,107.0,0.3,67.0,2.0,2.0,50.0,761.1875,0.0250000042599998,265944.0,276.04799987792967,60.00386799621582,805.125
6,24,10,2018,29.0,23.766666666666666,72.0,93.0,0.3,67.0,2.0,2.0,50.0,763.375,0.0250000036740005,265436.0,276.0929998779297,60.00397199249267,796.1875
7,24,10,2018,33.0,24.7,72.0,94.0,0.3,68.0,2.0,2.0,50.0,763.375,0.0250000036740005,265436.0,276.0929998779297,60.00397199249267,796.1875
8,24,10,2018,33.0,25.633333333333333,82.0,113.0,0.6,69.0,2.0,4.0,50.0,763.375,0.0250000036740005,265436.0,276.0929998779297,60.00397199249267,796.1875
9,24,10,2018,35.0,26.633333333333333,80.0,110.0,0.6,67.0,5.0,4.0,50.0,763.25,0.0250000041620004,265392.0,276.0639999389648,60.00181999206543,698.6875
10,24,10,2018,41.0,27.866666666666667,84.0,117.0,0.5,68.0,12.0,5.0,50.0,763.25,0.0250000041620004,265392.0,276.0639999389648,60.00181999206543,698.6875
11,24,10,2018,46.0,29.3,80.0,109.0,0.3,70.0,19.0,5.0,50.0,763.25,0.0250000041620004,265392.0,276.0639999389648,60.00181999206543,698.6875
12,24,10,2018,50.0,30.53333333333333,86.0,122.0,0.5,85.0,18.0,5.0,50.0,757.625,0.0250000051780007,265744.0,275.989700012207,60.00147599792482,685.0
13,24,10,2018,52.0,31.8,91.0,132.0,0.3,92.0,20.0,6.0,50.0,757.625,0.0250000051780007,265744.0,275.989700012207,60.00147599792482,685.0
14,24,10,2018,47.0,32.766666666666666,68.0,86.0,0.3,68.0,40.0,6.0,50.0,757.625,0.0250000051780007,265744.0,275.989700012207,60.00147599792482,685.0
15,24,10,2018,52.0,33.86666666666667,71.0,66.0,0.3,51.0,55.0,6.0,50.0,756.25,0.0250000052700005,265808.0,275.9741998291016,60.00209999084473,685.0
16,24,10,2018,37.0,34.43333333333333,65.0,79.0,0.3,49.0,62.0,6.0,50.0,756.25,0.0250000052700005,265808.0,275.9741998291016,60.00209999084473,685.0
17,24,10,2018,41.0,34.93333333333333,62.0,74.0,0.3,44.0,67.0,5.0,50.0,756.25,0.0250000052700005,265808.0,275.9741998291016,60.00209999084473,685.0
18,24,10,2018,39.0,35.766666666666666,66.0,82.0,0.3,83.0,27.0,5.0,50.0,756.375,0.0250000052630007,265816.0,275.9757998657226,60.00200799560547,685.0
19,24,10,2018,61.0,37.66666666666666,90.0,129.0,1.6,103.0,4.0,6.0,50.0,756.375,0.0250000052630007,265816.0,275.9757998657226,60.00200799560547,685.0
20,24,10,2018,75.0,39.86666666666667,122.0,194.0,1.8,103.0,2.0,5.0,50.0,756.375,0.0250000052630007,265816.0,275.9757998657226,60.00200799560547,685.0
21,24,10,2018,70.0,41.86666666666667,117.0,184.0,1.8,103.0,2.0,5.0,50.0,755.1875,0.0250000049470011,265612.0,275.9685998535156,60.00269199371338,685.0
22,24,10,2018,61.0,43.43333333333333,105.0,159.0,0.9,99.0,2.0,4.0,50.0,755.1875,0.0250000049470011,265612.0,275.9685998535156,60.00269199371338,685.0
23,24,10,2018,61.0,45.13333333333333,98.5,146.5,0.75,93.0,2.0,4.0,50.0,755.1875,0.0250000049470011,265612.0,275.9685998535156,60.00269199371338,685.0
0,25,10,2018,61.0,46.7,92.0,134.0,0.6,87.0,2.0,4.0,50.0,769.5625,0.0250000054280012,265560.0,275.98549987792967,60.00329599761963,694.3125
1,25,10,2018,58.0,48.06666666666667,94.0,137.0,0.7,89.0,2.0,4.0,50.0,769.5625,0.0250000054280012,265560.0,275.98549987792967,60.00329599761963,694.3125
2,25,10,2018,60.0,49.0,91.0,131.0,0.6,86.0,2.0,3.0,50.0,769.5625,0.0250000054280012,265560.0,275.98549987792967,60.00329599761963,694.3125
3,25,10,2018,60.0,49.66666666666666,91.0,131.0,0.7,95.0,2.0,4.0,50.0,773.5625,0.0250000057650003,265376.0,276.0307998657226,60.003455993652345,736.625
4,25,10,2018,65.0,50.46666666666667,88.0,126.0,0.7,96.0,1.5,3.0,50.0,773.5625,0.0250000057650003,265376.0,276.0307998657226,60.003455993652345,736.625
5,25,10,2018,69.0,51.2,93.0,130.0,0.7,97.0,1.0,3.0,50.0,773.5625,0.0250000057650003,265376.0,276.0307998657226,60.003455993652345,736.625
6,25,10,2018,72.0,51.9,96.0,142.0,0.9,99.0,1.0,3.0,50.0,776.1875,0.0250000059040002,265240.0,276.02889984130854,60.00063199615479,715.0
7,25,10,2018,76.0,52.7,101.0,150.0,1.0,102.0,1.0,3.0,50.0,776.1875,0.0250000059040002,265240.0,276.02889984130854,60.00063199615479,715.0
8,25,10,2018,83.0,53.53333333333333,110.0,161.0,1.1,103.0,2.0,4.0,50.0,776.1875,0.0250000059040002,265240.0,276.02889984130854,60.00063199615479,715.0
9,25,10,2018,95.0,54.93333333333333,125.0,173.0,1.3,103.0,3.0,5.0,50.0,773.875,0.0250000067710001,265120.0,276.01559997558587,60.00079599761962,691.6875
10,25,10,2018,103.0,56.66666666666666,135.0,176.0,1.4,103.0,6.0,9.0,50.0,773.875,0.0250000067710001,265120.0,276.01559997558587,60.00079599761962,691.6875
11,25,10,2018,115.0,59.333333333333336,150.0,164.0,1.4,96.0,15.0,15.0,50.0,773.875,0.0250000067710001,265120.0,276.01559997558587,60.00079599761962,691.6875
12,25,10,2018,129.0,62.66666666666666,170.0,158.0,1.6,93.0,21.0,17.0,50.0,771.25,0.0250000058050006,265496.0,275.9976998901367,60.00060799407959,685.0
13,25,10,2018,125.0,65.73333333333333,164.0,151.0,1.8,101.0,14.0,17.0,50.0,771.25,0.0250000058050006,265496.0,275.9976998901367,60.00060799407959,685.0
14,25,10,2018,136.0,69.16666666666667,180.0,158.0,1.8,94.0,25.0,17.0,50.0,771.25,0.0250000058050006,265496.0,275.9976998901367,60.00060799407959,685.0
15,25,10,2018,144.0,72.8,191.0,162.0,1.8,98.0,25.0,17.0,50.0,771.125,0.0250000047660004,265880.0,276.0019998168945,60.0038039932251,685.0
16,25,10,2018,145.0,76.26666666666667,193.0,174.0,1.8,103.0,12.0,17.0,50.0,771.125,0.0250000047660004,265880.0,276.0019998168945,60.0038039932251,685.0
17,25,10,2018,151.0,79.76666666666667,201.0,185.0,1.8,103.0,6.0,17.0,50.0,771.125,0.0250000047660004,265880.0,276.0019998168945,60.0038039932251,685.0
18,25,10,2018,151.0,83.13333333333334,201.0,194.0,1.8,103.0,2.0,11.0,50.0,767.0625,0.0250000015430003,266028.0,275.9839999389648,60.00760799407959,685.0
19,25,10,2018,163.0,86.83333333333333,213.0,225.0,1.8,103.0,2.0,8.0,50.0,767.0625,0.0250000015430003,266028.0,275.9839999389648,60.00760799407959,685.0
20,25,10,2018,66.0,87.46666666666667,89.0,113.0,0.7,51.0,31.0,8.0,50.0,767.0625,0.0250000015430003,266028.0,275.9839999389648,60.00760799407959,685.0
21,25,10,2018,14.0,86.2,77.0,104.0,0.3,15.0,43.0,2.0,50.0,764.625,0.0250000012910012,265980.0,275.964700012207,60.003403991699216,685.0
22,25,10,2018,6.0,85.16666666666667,71.0,91.0,0.3,14.0,44.0,3.0,50.0,764.625,0.0250000012910012,265980.0,275.964700012207,60.003403991699216,685.0
23,25,10,2018,8.0,84.06666666666666,98.0,146.0,0.3,13.0,47.0,3.0,50.0,764.625,0.0250000012910012,265980.0,275.964700012207,60.003403991699216,685.0
0,26,10,2018,5.0,82.93333333333334,71.0,92.0,0.3,13.0,47.0,3.0,50.0,746.375,0.0250000014520008,266316.0,275.9657998657226,60.00688399505615,720.625
1,26,10,2018,3.0,81.0,54.0,57.0,0.3,14.0,47.0,3.0,50.0,746.375,0.0250000014520008,266316.0,275.9657998657226,60.00688399505615,720.625
2,26,10,2018,3.0,78.6,39.0,39.0,0.3,15.0,46.0,3.0,50.0,746.375,0.0250000014520008,266316.0,275.9657998657226,60.00688399505615,720.625
3,26,10,2018,1.0,76.3,35.0,35.0,0.3,17.0,43.0,3.0,50.0,746.875,0.0250000013939999,266476.0,275.99049987792966,60.00911199188232,827.625
4,26,10,2018,5.0,74.43333333333334,54.0,58.0,0.3,10.0,50.0,3.0,50.0,746.875,0.0250000013939999,266476.0,275.99049987792966,60.00911199188232,827.625
5,26,10,2018,3.0,72.5,79.0,108.0,0.3,8.0,54.0,3.0,50.0,746.875,0.0250000013939999,266476.0,275.99049987792966,60.00911199188232,827.625
6,26,10,2018,6.0,70.66666666666667,75.0,100.0,0.3,9.0,54.0,3.0,50.0,747.4375,0.0250000013950001,266428.0,275.99739990234366,60.00911199188232,805.75
7,26,10,2018,3.0,68.83333333333333,56.0,61.0,0.3,9.0,54.0,3.0,50.0,747.4375,0.0250000013950001,266428.0,275.99739990234366,60.00911199188232,805.75
8,26,10,2018,2.0,66.9,49.0,49.0,0.3,10.0,53.0,3.0,50.0,747.4375,0.0250000013950001,266428.0,275.99739990234366,60.00911199188232,805.75
9,26,10,2018,8.0,65.16666666666667,49.0,49.0,0.3,11.0,51.0,3.0,50.0,748.75,0.0250000012810006,266560.0,275.99759979248046,60.00823199462891,701.25
10,26,10,2018,1.0,63.03333333333333,58.0,66.0,0.3,11.0,53.0,3.0,50.0,748.75,0.0250000012810006,266560.0,275.99759979248046,60.00823199462891,701.25
11,26,10,2018,2.0,60.8,44.0,44.0,0.3,11.0,56.0,3.0,50.0,748.75,0.0250000012810006,266560.0,275.99759979248046,60.00823199462891,701.25
12,26,10,2018,2.0,58.46666666666667,42.0,42.0,0.3,10.0,56.0,3.0,50.0,746.375,0.0250000014200005,266848.0,275.966600036621,60.00874399566651,685.0
13,26,10,2018,3.0,56.03333333333333,35.0,35.0,0.3,9.0,57.0,3.0,50.0,746.375,0.0250000014200005,266848.0,275.966600036621,60.00874399566651,685.0
14,26,10,2018,5.0,53.43333333333333,57.0,63.0,0.3,9.0,56.0,3.0,50.0,746.375,0.0250000014200005,266848.0,275.966600036621,60.00874399566651,685.0
15,26,10,2018,8.0,50.53333333333333,50.0,58.0,0.3,22.0,59.0,2.0,50.0,745.9375,0.0250000013650003,266800.0,275.9632998657226,60.00911199188232,685.0
16,26,10,2018,8.0,47.36666666666667,46.0,35.0,0.3,23.0,61.0,7.0,50.0,745.9375,0.0250000013650003,266800.0,275.9632998657226,60.00911199188232,685.0
17,26,10,2018,6.0,43.73333333333333,26.0,37.0,0.3,24.0,47.0,7.0,50.0,745.9375,0.0250000013650003,266800.0,275.9632998657226,60.00911199188232,685.0
18,26,10,2018,8.0,39.7,32.0,32.0,0.3,33.0,56.0,10.0,50.0,746.0,0.025000001689,266840.0,275.95519989013667,60.00102799224854,685.0
19,26,10,2018,10.0,35.86666666666667,47.0,44.0,0.3,31.0,45.0,7.0,50.0,746.0,0.025000001689,266840.0,275.95519989013667,60.00102799224854,685.0
20,26,10,2018,14.0,31.8,41.0,41.0,0.3,16.0,48.0,13.0,50.0,746.0,0.025000001689,266840.0,275.95519989013667,60.00102799224854,685.0
21,26,10,2018,13.0,27.433333333333334,41.0,44.0,0.3,15.0,53.0,7.0,50.0,745.6875,0.0250000033849999,266892.0,275.917200012207,60.0002319946289,685.0
22,26,10,2018,13.0,23.03333333333333,42.0,45.0,0.3,24.0,54.0,13.0,50.0,745.6875,0.0250000033849999,266892.0,275.917200012207,60.0002319946289,685.0
23,26,10,2018,6.0,18.2,47.0,50.0,0.3,22.0,56.0,7.0,50.0,745.6875,0.0250000033849999,266892.0,275.917200012207,60.0002319946289,685.0
0,27,10,2018,8.0,13.433333333333334,65.0,64.0,0.3,13.0,52.0,2.0,50.0,748.6875,0.0250000020150002,267008.0,275.97619995117185,60.00556399536133,718.75
1,27,10,2018,5.0,8.166666666666666,22.0,27.0,0.3,18.0,54.0,10.0,50.0,748.6875,0.0250000020150002,267008.0,275.97619995117185,60.00556399536133,718.75
2,27,10,2018,9.0,6.266666666666667,30.0,30.0,0.3,49.0,19.0,13.0,50.0,748.6875,0.0250000020150002,267008.0,275.97619995117185,60.00556399536133,718.75
3,27,10,2018,26.0,6.666666666666667,60.0,57.0,0.3,58.0,1.0,9.0,50.0,751.3125,0.0250000019160006,266668.0,276.0252999877929,60.00741599273682,824.6875
4,27,10,2018,32.0,7.533333333333333,63.0,65.0,0.3,69.0,1.0,12.0,50.0,751.3125,0.0250000019160006,266668.0,276.0252999877929,60.00741599273682,824.6875
5,27,10,2018,23.0,8.033333333333333,64.0,64.0,0.3,60.0,1.0,10.0,50.0,751.3125,0.0250000019160006,266668.0,276.0252999877929,60.00741599273682,824.6875
6,27,10,2018,16.0,8.4,59.0,59.0,0.3,64.0,13.0,11.0,50.0,754.8125,0.0250000024220012,265856.0,276.05079986572264,60.00595199584961,801.5625
7,27,10,2018,25.0,9.133333333333333,65.0,64.0,0.3,60.0,9.0,10.0,50.0,754.8125,0.0250000024220012,265856.0,276.05079986572264,60.00595199584961,801.5625
8,27,10,2018,29.0,10.0,68.0,97.0,0.3,75.0,7.0,8.0,50.0,754.8125,0.0250000024220012,265856.0,276.05079986572264,60.00595199584961,801.5625
9,27,10,2018,37.0,11.2,71.0,97.0,0.3,63.0,18.0,6.0,50.0,757.9375,0.0250000027210004,265600.0,276.0588998413086,60.00785999298096,698.5625
10,27,10,2018,32.0,12.1,68.0,82.0,0.3,48.0,34.0,12.0,50.0,757.9375,0.0250000027210004,265600.0,276.0588998413086,60.00785999298096,698.5625
11,27,10,2018,37.0,13.233333333333333,60.0,78.0,0.3,40.0,45.0,9.0,50.0,757.9375,0.0250000027210004,265600.0,276.0588998413086,60.00785999298096,698.5625
12,27,10,2018,36.0,14.233333333333333,64.0,70.0,0.3,37.0,53.0,5.0,50.0,755.75,0.0250000023459997,265724.0,276.044400024414,60.00911199188232,685.0
13,27,10,2018,39.0,15.433333333333334,63.0,59.0,0.3,36.0,59.0,6.0,50.0,755.75,0.0250000023459997,265724.0,276.044400024414,60.00911199188232,685.0
14,27,10,2018,31.0,16.4,57.0,57.0,0.3,33.0,55.0,17.0,50.0,755.75,0.0250000023459997,265724.0,276.044400024414,60.00911199188232,685.0
15,27,10,2018,13.0,16.566666666666666,35.0,43.0,0.3,33.0,62.0,8.0,50.0,753.75,0.0250000023180004,265640.0,276.0238000488281,60.00561599731445,685.0
16,27,10,2018,14.0,17.0,43.0,40.0,0.3,30.0,66.0,13.0,50.0,753.75,0.0250000023180004,265640.0,276.0238000488281,60.00561599731445,685.0
17,27,10,2018,28.0,17.866666666666667,47.0,55.0,0.3,34.0,51.0,13.0,50.0,753.75,0.0250000023180004,265640.0,276.0238000488281,60.00561599731445,685.0
18,27,10,2018,19.0,18.433333333333334,66.0,74.0,0.3,57.0,45.0,2.0,50.0,749.0,0.0250000029260013,265388.0,275.9613000488281,60.0025359954834,685.0
19,27,10,2018,41.0,19.7,65.0,92.0,0.3,91.0,9.0,10.0,50.0,749.0,0.0250000029260013,265388.0,275.9613000488281,60.0025359954834,685.0
20,27,10,2018,43.0,20.966666666666665,82.0,109.0,0.3,97.0,14.0,8.0,50.0,749.0,0.0250000029260013,265388.0,275.9613000488281,60.0025359954834,685.0
21,27,10,2018,39.0,22.0,90.0,126.0,0.3,91.0,1.0,3.0,50.0,752.75,0.0250000026559997,265048.0,276.0066000366211,60.00617599487305,685.0
22,27,10,2018,32.0,22.8,71.0,94.0,0.3,59.0,30.0,9.0,50.0,752.75,0.0250000026559997,265048.0,276.0066000366211,60.00617599487305,685.0
23,27,10,2018,14.0,23.066666666666663,63.0,72.0,0.3,16.0,60.0,5.0,50.0,752.75,0.0250000026559997,265048.0,276.0066000366211,60.00617599487305,685.0
0,28,10,2018,10.0,23.133333333333333,42.0,36.0,0.3,16.0,70.0,10.0,50.0,761.625,0.0250000026900004,265004.0,276.02440002441404,60.008879997253416,708.625
1,28,10,2018,2.0,22.866666666666667,25.0,19.0,0.3,12.0,72.0,10.0,50.0,761.625,0.0250000026900004,265004.0,276.02440002441404,60.008879997253416,708.625
2,28,10,2018,1.0,22.433333333333334,28.0,13.0,0.3,14.0,75.0,2.0,50.0,761.625,0.0250000026900004,265004.0,276.02440002441404,60.008879997253416,708.625
3,28,10,2018,1.0,22.03333333333333,28.0,9.0,0.3,11.0,78.0,10.0,50.0,759.0625,0.0250000027540009,264676.0,276.0510998535156,60.00911199188232,805.0
4,28,10,2018,6.0,21.8,22.0,15.0,0.3,20.0,66.0,10.0,50.0,759.0625,0.0250000027540009,264676.0,276.0510998535156,60.00911199188232,805.0
5,28,10,2018,12.0,22.0,22.0,16.0,0.3,29.0,57.0,7.0,50.0,759.0625,0.0250000027540009,264676.0,276.0510998535156,60.00911199188232,805.0
6,28,10,2018,10.0,22.066666666666663,23.0,26.0,0.3,35.0,54.0,13.0,50.0,768.375,0.0250000033340007,264632.0,276.049700012207,60.00911199188232,751.5
7,28,10,2018,1.0,21.933333333333334,26.0,23.0,0.3,13.0,60.0,13.0,50.0,768.375,0.0250000033340007,264632.0,276.049700012207,60.00911199188232,751.5
8,28,10,2018,12.0,22.03333333333333,27.0,32.0,0.3,18.0,55.0,10.0,50.0,768.375,0.0250000033340007,264632.0,276.049700012207,60.00911199188232,751.5
9,28,10,2018,2.0,21.23333333333333,36.0,36.0,0.3,16.0,71.0,13.0,50.0,763.0,0.0250000030460003,264868.0,276.03269989013666,60.00911199188232,693.1875
10,28,10,2018,12.0,20.566666666666663,40.0,34.0,0.3,8.0,77.0,2.0,50.0,763.0,0.0250000030460003,264868.0,276.03269989013666,60.00911199188232,693.1875
11,28,10,2018,2.0,19.866666666666667,24.0,29.0,0.3,13.0,79.0,2.0,50.0,763.0,0.0250000030460003,264868.0,276.03269989013666,60.00911199188232,693.1875
12,28,10,2018,12.0,19.73333333333333,44.0,47.0,0.3,19.0,75.0,7.0,50.0,759.125,0.0250000026099998,265508.0,276.0016000366211,60.00911199188232,685.0
13,28,10,2018,14.0,19.366666666666667,48.0,54.0,0.3,7.0,78.0,2.0,50.0,759.125,0.0250000026099998,265508.0,276.0016000366211,60.00911199188232,685.0
14,28,10,2018,13.0,18.83333333333333,36.0,36.0,0.3,21.0,78.0,10.0,50.0,759.125,0.0250000026099998,265508.0,276.0016000366211,60.00911199188232,685.0
15,28,10,2018,15.0,18.1,49.0,54.0,0.3,16.0,72.0,7.0,50.0,757.4375,0.0250000029230006,265732.0,275.9813000488281,60.00260399627685,685.0
16,28,10,2018,10.0,17.366666666666667,71.0,81.0,0.3,14.0,77.0,8.0,50.0,757.4375,0.0250000029230006,265732.0,275.9813000488281,60.00260399627685,685.0
17,28,10,2018,13.0,16.566666666666666,79.0,92.0,0.3,12.0,83.0,10.0,50.0,757.4375,0.0250000029230006,265732.0,275.9813000488281,60.00260399627685,685.0
18,28,10,2018,11.0,15.733333333333333,31.0,31.0,0.3,17.0,69.0,7.0,50.0,753.5,0.0250000033180005,265840.0,275.93720001220703,60.00117599487304,685.0
19,28,10,2018,7.0,14.666666666666666,25.0,25.0,0.3,20.0,62.0,9.0,50.0,753.5,0.0250000033180005,265840.0,275.93720001220703,60.00117599487304,685.0
20,28,10,2018,13.0,14.066666666666666,19.0,27.0,0.3,19.0,60.0,11.0,50.0,753.5,0.0250000033180005,265840.0,275.93720001220703,60.00117599487304,685.0
21,28,10,2018,4.0,13.766666666666667,21.0,20.0,0.3,24.0,64.0,13.0,50.0,753.8125,0.0250000028220005,266064.0,275.9466998291016,60.00608799743652,685.0
22,28,10,2018,14.0,13.766666666666667,26.0,26.0,0.3,41.0,45.0,13.0,50.0,753.8125,0.0250000028220005,266064.0,275.9466998291016,60.00608799743652,685.0
23,28,10,2018,11.0,13.2,36.0,39.0,0.3,51.0,26.0,2.0,50.0,753.8125,0.0250000028220005,266064.0,275.9466998291016,60.00608799743652,685.0
0,29,10,2018,9.0,12.866666666666667,37.0,34.0,0.3,41.0,33.0,13.0,50.0,749.625,0.0250000022340007,266424.0,275.97869995117185,60.00911199188232,715.0
1,29,10,2018,9.0,11.8,28.0,20.0,0.3,54.0,16.0,10.0,50.0,749.625,0.0250000022340007,266424.0,275.97869995117185,60.00911199188232,715.0
2,29,10,2018,10.0,10.7,31.0,24.0,0.3,53.0,14.0,10.5,50.0,749.625,0.0250000022340007,266424.0,275.97869995117185,60.00911199188232,715.0
3,29,10,2018,3.0,9.5,37.0,30.0,0.3,67.0,9.0,11.0,50.0,749.4375,0.0250000018640011,266504.0,276.00509979248045,60.00827199554443,821.5
4,29,10,2018,7.0,8.666666666666666,24.0,24.0,0.3,48.0,17.5,12.0,50.0,749.4375,0.0250000018640011,266504.0,276.00509979248045,60.00827199554443,821.5
5,29,10,2018,6.0,8.4,15.0,18.0,0.3,41.0,26.0,13.0,50.0,749.4375,0.0250000018640011,266504.0,276.00509979248045,60.00827199554443,821.5
6,29,10,2018,6.0,8.266666666666667,21.0,21.0,0.3,35.0,43.0,13.0,50.0,751.75,0.0250000019770003,266312.0,276.029100036621,60.00659999084473,800.0
7,29,10,2018,5.0,8.366666666666667,27.0,26.0,0.3,53.0,11.0,1.0,50.0,751.75,0.0250000019770003,266312.0,276.029100036621,60.00659999084473,800.0
8,29,10,2018,14.0,8.8,29.0,29.0,0.3,46.0,24.0,8.0,50.0,751.75,0.0250000019770003,266312.0,276.029100036621,60.00659999084473,800.0
9,29,10,2018,4.0,8.9,33.0,27.0,0.3,18.0,47.0,8.0,50.0,753.6875,0.0250000020920001,266368.0,276.0257000732421,60.0040839920044,697.8125
10,29,10,2018,9.0,9.0,25.0,8.0,0.3,17.0,66.0,7.0,50.0,753.6875,0.0250000020920001,266368.0,276.0257000732421,60.0040839920044,697.8125
11,29,10,2018,12.0,9.0,17.0,25.0,0.3,14.0,63.0,7.0,50.0,753.6875,0.0250000020920001,266368.0,276.0257000732421,60.0040839920044,697.8125
12,29,10,2018,7.0,8.9,19.0,24.0,0.3,13.0,71.0,5.0,50.0,747.6875,0.0250000029600001,266724.0,275.94369995117194,60.00398399353029,685.0
13,29,10,2018,1.0,8.9,19.0,16.0,0.3,7.0,68.0,11.0,50.0,747.6875,0.0250000029600001,266724.0,275.94369995117194,60.00398399353029,685.0
14,29,10,2018,6.0,8.7,24.0,13.0,0.3,19.0,63.0,5.0,50.0,747.6875,0.0250000029600001,266724.0,275.94369995117194,60.00398399353029,685.0
15,29,10,2018,10.0,8.966666666666667,31.0,26.0,0.3,23.0,74.0,5.0,50.0,751.0625,0.0250000028590001,266800.0,275.98239990234373,60.00911199188232,685.0
16,29,10,2018,4.0,8.7,29.0,40.0,0.3,21.0,75.0,5.0,50.0,751.0625,0.0250000028590001,266800.0,275.98239990234373,60.00911199188232,685.0
17,29,10,2018,16.0,9.166666666666666,33.0,25.0,0.3,23.0,67.0,8.0,50.0,751.0625,0.0250000028590001,266800.0,275.98239990234373,60.00911199188232,685.0
18,29,10,2018,14.0,9.233333333333333,38.0,27.0,0.3,34.0,53.0,5.0,50.0,749.25,0.0250000026500001,267008.0,275.96669982910146,60.00741599273682,685.0
19,29,10,2018,18.0,9.366666666666667,38.0,41.0,0.3,40.0,56.0,11.0,50.0,749.25,0.0250000026500001,267008.0,275.96669982910146,60.00741599273682,685.0
20,29,10,2018,3.0,9.033333333333331,25.0,30.0,0.3,22.0,62.0,10.0,50.0,749.25,0.0250000026500001,267008.0,275.96669982910146,60.00741599273682,685.0
21,29,10,2018,3.0,8.633333333333333,30.0,30.0,0.3,22.0,50.0,1.0,50.0,744.9375,0.025000003320001,267136.0,275.9060998535156,60.00270799255371,685.0
22,29,10,2018,14.0,8.766666666666667,38.0,35.0,0.3078947368421053,26.0,51.0,2.0,50.0,744.9375,0.025000003320001,267136.0,275.9060998535156,60.00270799255371,685.0
23,29,10,2018,12.0,8.733333333333333,30.0,24.0,0.3157894736842105,23.0,51.0,13.0,50.0,744.9375,0.025000003320001,267136.0,275.9060998535156,60.00270799255371,685.0
0,30,10,2018,20.0,9.033333333333331,22.0,21.0,0.3236842105263158,39.0,35.0,7.0,50.0,749.75,0.0250000033500008,267320.0,275.9548999023437,60.00235599517822,712.625
1,30,10,2018,5.0,8.966666666666667,32.0,28.0,0.331578947368421,48.0,19.0,2.0,50.0,749.75,0.0250000033500008,267320.0,275.9548999023437,60.00235599517822,712.625
2,30,10,2018,17.0,9.1,38.0,49.0,0.3394736842105263,74.0,9.0,5.0,50.0,749.75,0.0250000033500008,267320.0,275.9548999023437,60.00235599517822,712.625
3,30,10,2018,20.0,9.633333333333333,42.0,45.0,0.3473684210526315,67.0,17.0,8.0,50.0,755.5625,0.0250000028809998,267160.0,276.0375,60.00600799560547,813.1875
4,30,10,2018,7.0,9.4,36.0,26.0,0.3552631578947368,58.0,24.0,11.0,50.0,755.5625,0.0250000028809998,267160.0,276.0375,60.00600799560547,813.1875
5,30,10,2018,8.0,9.3,45.0,37.0,0.3631578947368421,76.0,12.0,8.0,50.0,755.5625,0.0250000028809998,267160.0,276.0375,60.00600799560547,813.1875
6,30,10,2018,28.0,9.933333333333334,48.0,59.0,0.3710526315789473,69.0,8.0,11.0,50.0,754.8125,0.0250000024939999,266840.0,276.0485998535156,60.004827995300296,797.5
7,30,10,2018,29.0,10.6,62.0,52.0,0.3789473684210526,75.0,10.5,9.0,50.0,754.8125,0.0250000024939999,266840.0,276.0485998535156,60.004827995300296,797.5
8,30,10,2018,19.0,10.9,50.0,62.0,0.3868421052631579,67.0,13.0,11.0,50.0,754.8125,0.0250000024939999,266840.0,276.0485998535156,60.004827995300296,797.5
9,30,10,2018,26.0,11.666666666666666,58.0,55.0,0.3947368421052632,43.0,30.0,12.0,50.0,755.0625,0.0250000031350012,267092.0,276.0142999267578,60.00221999359131,696.5625
10,30,10,2018,18.0,12.033333333333331,52.0,52.0,0.4026315789473684,42.0,43.0,8.0,50.0,755.0625,0.0250000031350012,267092.0,276.0142999267578,60.00221999359131,696.5625
11,30,10,2018,14.0,12.3,38.0,27.0,0.4105263157894737,16.0,68.0,1.0,50.0,755.0625,0.0250000031350012,267092.0,276.0142999267578,60.00221999359131,696.5625
12,30,10,2018,14.0,12.566666666666666,23.0,31.0,0.4184210526315789,22.0,73.0,8.0,50.0,751.125,0.0250000032790005,267528.0,275.9707998657226,60.00141999816896,685.0
13,30,10,2018,12.5,12.816666666666666,25.0,10.0,0.4263157894736842,22.0,66.0,2.0,50.0,751.125,0.0250000032790005,267528.0,275.9707998657226,60.00141999816896,685.0
14,30,10,2018,11.0,12.716666666666669,29.0,12.333333333333336,0.4342105263157895,16.0,84.0,10.0,50.0,751.125,0.0250000032790005,267528.0,275.9707998657226,60.00141999816896,685.0
15,30,10,2018,13.0,13.016666666666667,37.0,14.666666666666668,0.4421052631578947,16.0,86.0,10.0,50.0,749.8125,0.0250000031909998,267544.0,275.95799987792964,60.00317599487305,685.0
16,30,10,2018,16.0,13.25,38.0,17.0,0.45,13.0,88.0,10.0,50.0,749.8125,0.0250000031909998,267544.0,275.95799987792964,60.00317599487305,685.0
17,30,10,2018,13.0,13.283333333333331,35.0,28.0,0.4578947368421053,34.0,87.0,10.0,50.0,749.8125,0.0250000031909998,267544.0,275.95799987792964,60.00317599487305,685.0
18,30,10,2018,25.0,13.883333333333333,48.0,48.0,0.4657894736842105,70.0,52.0,7.0,50.0,746.5,0.025000003444001,267740.0,275.9170999145508,60.002251991271976,685.0
19,30,10,2018,35.0,15.016666666666667,68.0,76.0,0.4736842105263158,103.0,7.0,5.0,50.0,746.5,0.025000003444001,267740.0,275.9170999145508,60.002251991271976,685.0
20,30,10,2018,29.0,15.783333333333331,60.0,75.0,0.481578947368421,94.0,21.0,8.0,50.0,746.5,0.025000003444001,267740.0,275.9170999145508,60.002251991271976,685.0
21,30,10,2018,32.0,16.516666666666666,63.0,85.0,0.4894736842105263,91.0,6.0,7.0,50.0,745.4375,0.0250000033360011,267836.0,275.9070999145508,60.00205999755861,685.0
22,30,10,2018,38.0,17.65,85.0,110.0,0.4973684210526316,89.0,5.0,8.0,50.0,745.4375,0.0250000033360011,267836.0,275.9070999145508,60.00205999755861,685.0
23,30,10,2018,38.0,18.383333333333333,85.0,113.0,0.5052631578947369,92.0,11.0,10.0,50.0,745.4375,0.0250000033360011,267836.0,275.9070999145508,60.00205999755861,685.0
0,31,10,2018,33.0,19.016666666666666,66.0,73.0,0.513157894736842,79.0,11.0,12.0,50.0,749.5,0.0250000035210009,268148.0,275.94100006103514,60.00405599212647,710.125
1,31,10,2018,40.0,19.75,60.0,78.0,0.5210526315789474,70.0,8.0,6.0,50.0,749.5,0.0250000035210009,268148.0,275.94100006103514,60.00405599212647,710.125
2,31,10,2018,40.0,20.98333333333333,66.0,90.0,0.5289473684210526,80.0,12.0,3.0,50.0,749.5,0.0250000035210009,268148.0,275.94100006103514,60.00405599212647,710.125
3,31,10,2018,38.0,22.15,69.0,83.0,0.5368421052631579,82.0,9.0,8.0,50.0,755.5,0.0250000033309999,267960.0,276.014700012207,60.00310799407959,804.375
4,31,10,2018,32.0,22.75,70.0,80.0,0.5447368421052632,80.0,8.5,3.0,50.0,755.5,0.0250000033309999,267960.0,276.014700012207,60.00310799407959,804.375
5,31,10,2018,34.0,23.48333333333333,59.0,80.0,0.5526315789473684,71.0,8.0,14.0,50.0,755.5,0.0250000033309999,267960.0,276.014700012207,60.00310799407959,804.375
6,31,10,2018,38.0,24.08333333333333,58.0,78.0,0.5605263157894738,68.0,11.0,9.0,50.0,755.25,0.0250000030080005,267496.0,276.04,60.00280799102783,794.0
7,31,10,2018,42.0,25.316666666666663,66.0,71.0,0.5684210526315789,68.0,8.0,15.0,50.0,755.25,0.0250000030080005,267496.0,276.04,60.00280799102783,794.0
8,31,10,2018,33.0,25.85,70.0,79.0,0.5763157894736842,71.0,10.0,8.0,50.0,755.25,0.0250000030080005,267496.0,276.04,60.00280799102783,794.0
9,31,10,2018,32.0,26.25,70.0,75.0,0.5842105263157895,70.0,14.0,10.0,50.0,756.3125,0.0250000033730007,267432.0,276.0142999267578,60.0017439956665,695.1875
10,31,10,2018,24.0,26.816666666666663,31.0,14.0,0.5921052631578947,61.0,23.0,15.0,50.0,756.3125,0.0250000033730007,267432.0,276.0142999267578,60.0017439956665,695.1875
11,31,10,2018,16.0,27.08333333333333,23.0,27.0,0.6,37.0,31.0,8.0,50.0,756.3125,0.0250000033730007,267432.0,276.0142999267578,60.0017439956665,695.1875
12,31,10,2018,21.0,26.85,40.0,40.0,0.5,34.0,38.0,9.0,50.0,749.875,0.0250000037450008,267660.0,275.9442999267577,60.000103996276856,685.0
13,31,10,2018,28.0,26.816666666666663,40.0,46.0,0.5333333333333333,28.0,50.0,11.0,50.0,749.875,0.0250000037450008,267660.0,275.9442999267577,60.000103996276856,685.0
14,31,10,2018,33.0,27.28333333333333,32.0,36.0,0.5666666666666667,27.0,50.0,5.0,50.0,749.875,0.0250000037450008,267660.0,275.9442999267577,60.000103996276856,685.0
15,31,10,2018,27.0,27.316666666666663,36.0,28.0,0.6,32.0,54.0,9.0,50.0,749.625,0.0250000040809996,267872.0,275.93380004882806,60.00171599578857,685.0
16,31,10,2018,24.0,27.516666666666666,43.0,35.0,0.6333333333333333,33.0,61.0,12.0,50.0,749.625,0.0250000040809996,267872.0,275.93380004882806,60.00171599578857,685.0
17,31,10,2018,33.0,28.15,61.0,59.0,0.6666666666666666,53.0,55.0,15.0,50.0,749.625,0.0250000040809996,267872.0,275.93380004882806,60.00171599578857,685.0
18,31,10,2018,31.0,28.716666666666665,63.0,76.0,0.7,89.0,12.0,4.0,50.0,746.9375,0.0250000040460005,267996.0,275.90399993896483,60.00210799407959,685.0
19,31,10,2018,50.0,29.966666666666665,91.0,122.0,0.76,103.0,6.0,14.0,50.0,746.9375,0.0250000040460005,267996.0,275.90399993896483,60.00210799407959,685.0
20,31,10,2018,64.0,31.73333333333333,95.0,119.0,0.82,103.0,9.0,3.0,50.0,746.9375,0.0250000040460005,267996.0,275.90399993896483,60.00210799407959,685.0
21,31,10,2018,72.0,33.7,109.0,154.0,0.88,103.0,6.0,4.0,50.0,746.625,0.0250000038630012,268100.0,275.90440002441403,60.00166399383545,685.0
22,31,10,2018,57.0,35.06666666666667,82.0,119.0,0.94,86.0,11.0,14.0,50.0,746.625,0.0250000038630012,268100.0,275.90440002441403,60.00166399383545,685.0
23,31,10,2018,52.0,36.36666666666667,86.0,121.0,1.0,90.0,1.0,4.0,50.0,746.625,0.0250000038630012,268100.0,275.90440002441403,60.00166399383545,685.0
0,1,11,2018,55.0,37.36666666666667,90.0,130.0,0.8,83.0,1.0,3.0,50.0,752.0625,0.0250000048939995,268372.0,275.9458999633789,60.00367199707031,709.4375
1,1,11,2018,47.0,37.766666666666666,72.0,93.0,0.7,71.0,1.0,6.5,50.0,752.0625,0.0250000048939995,268372.0,275.9458999633789,60.00367199707031,709.4375
2,1,11,2018,55.0,38.63333333333333,74.0,87.0,0.7,81.0,4.666666666666666,10.0,50.0,752.0625,0.0250000048939995,268372.0,275.9458999633789,60.00367199707031,709.4375
3,1,11,2018,49.0,39.2,74.0,98.0,0.7,73.0,8.333333333333332,3.0,50.0,756.0625,0.0250000029659997,268148.0,276.02459991455083,60.00485599517823,803.125
4,1,11,2018,53.0,39.7,66.0,90.0,0.7166666666666667,76.0,12.0,10.0,50.0,756.0625,0.0250000029659997,268148.0,276.02459991455083,60.00485599517823,803.125
5,1,11,2018,53.0,40.2,71.0,94.0,0.7333333333333333,79.0,9.25,13.0,50.0,756.0625,0.0250000029659997,268148.0,276.02459991455083,60.00485599517823,803.125
6,1,11,2018,50.0,40.766666666666666,67.0,96.0,0.75,71.0,6.5,6.0,50.0,757.0625,0.0250000033500008,267720.0,276.05380004882807,60.00258799743652,793.1875
7,1,11,2018,42.0,40.833333333333336,70.0,81.0,0.7666666666666667,77.0,3.75,2.0,50.0,757.0625,0.0250000033500008,267720.0,276.05380004882807,60.00258799743652,793.1875
8,1,11,2018,44.0,40.96666666666667,76.0,91.0,0.7833333333333333,64.0,1.0,9.0,50.0,757.0625,0.0250000033500008,267720.0,276.05380004882807,60.00258799743652,793.1875
9,1,11,2018,37.0,40.93333333333333,64.0,77.0,0.8,57.0,6.0,3.0,50.0,756.0,0.0250000039360001,267716.0,276.00720001220697,60.00146799468994,694.6875
10,1,11,2018,35.0,41.03333333333333,63.0,75.0,0.6,53.0,18.0,3.0,50.0,756.0,0.0250000039360001,267716.0,276.00720001220697,60.00146799468994,694.6875
11,1,11,2018,38.0,41.16666666666666,53.0,50.0,0.6333333333333333,53.0,30.0,10.0,50.0,756.0,0.0250000039360001,267716.0,276.00720001220697,60.00146799468994,694.6875
12,1,11,2018,35.0,41.06666666666667,67.0,74.0,0.6666666666666666,61.0,35.0,3.0,50.0,753.0,0.0250000044139996,267816.0,275.9652999877929,60.00139199066162,685.0
13,1,11,2018,69.0,41.96666666666667,88.0,84.0,0.7,55.0,70.0,17.0,50.0,753.0,0.0250000044139996,267816.0,275.9652999877929,60.00139199066162,685.0
14,1,11,2018,82.0,43.6,114.0,93.5,0.7333333333333334,48.0,97.0,17.0,50.0,753.0,0.0250000044139996,267816.0,275.9652999877929,60.00139199066162,685.0
15,1,11,2018,106.0,46.06666666666667,141.0,103.0,0.7666666666666667,46.0,110.0,17.0,50.0,752.1875,0.025000004625,267896.0,275.95269989013667,60.0017679977417,685.0
16,1,11,2018,107.0,48.833333333333336,140.0,112.5,0.8,40.0,112.0,17.0,50.0,752.1875,0.025000004625,267896.0,275.95269989013667,60.0017679977417,685.0
17,1,11,2018,116.0,52.16666666666666,150.0,122.0,0.96,61.0,100.0,17.0,50.0,752.1875,0.025000004625,267896.0,275.95269989013667,60.0017679977417,685.0
18,1,11,2018,137.0,56.03333333333333,174.0,145.0,1.12,74.0,77.0,17.0,50.0,750.0625,0.025000004439,267816.0,275.9327999877929,60.00143999481201,685.0
19,1,11,2018,161.0,60.46666666666667,208.0,181.0,1.28,98.0,63.0,13.0,50.0,750.0625,0.025000004439,267816.0,275.9327999877929,60.00143999481201,685.0
20,1,11,2018,165.0,65.13333333333334,223.0,191.0,1.44,103.0,40.0,15.0,50.0,750.0625,0.025000004439,267816.0,275.9327999877929,60.00143999481201,685.0
21,1,11,2018,165.0,69.8,217.0,182.0,1.6,103.0,14.0,8.0,50.0,749.125,0.0250000044110007,267852.0,275.92279998779287,60.001479995727536,685.0
22,1,11,2018,165.0,74.83333333333333,224.0,215.0,1.5333333333333334,103.0,11.0,11.0,50.0,749.125,0.0250000044110007,267852.0,275.92279998779287,60.001479995727536,685.0
23,1,11,2018,165.0,79.33333333333333,215.0,195.0,1.4666666666666666,103.0,6.0,15.0,50.0,749.125,0.0250000044110007,267852.0,275.92279998779287,60.001479995727536,685.0
0,2,11,2018,155.0,83.46666666666667,205.0,182.0,1.4,103.0,1.0,7.0,50.0,753.5625,0.0250000047460012,268040.0,275.93619995117183,60.00171599578857,704.8125
1,2,11,2018,146.0,86.66666666666667,194.0,151.0,1.35,103.0,5.0,12.0,50.0,753.5625,0.0250000047460012,268040.0,275.93619995117183,60.00171599578857,704.8125
2,2,11,2018,139.0,89.16666666666667,186.0,149.0,1.3,101.0,9.0,12.0,50.0,753.5625,0.0250000047460012,268040.0,275.93619995117183,60.00171599578857,704.8125
3,2,11,2018,165.0,92.26666666666668,215.0,165.0,1.25,103.0,8.0,9.0,50.0,759.8125,0.0250000049610007,267752.0,276.00079986572257,60.00177199554443,782.8125
4,2,11,2018,165.0,95.9,216.0,173.0,1.2,103.0,5.666666666666666,9.0,50.0,759.8125,0.0250000049610007,267752.0,276.00079986572257,60.00177199554443,782.8125
5,2,11,2018,132.0,98.56666666666666,171.0,162.0,1.15,103.0,3.333333333333333,4.0,50.0,759.8125,0.0250000049610007,267752.0,276.00079986572257,60.00177199554443,782.8125
6,2,11,2018,98.0,100.0,129.0,131.0,1.1,102.0,1.0,5.0,50.0,762.625,0.0250000050600003,267240.0,276.0438000488281,60.00269599151611,774.9375
7,2,11,2018,101.0,101.8,127.0,127.0,1.125,103.0,1.0,15.0,50.0,762.625,0.0250000050600003,267240.0,276.0438000488281,60.00269599151611,774.9375
8,2,11,2018,96.0,103.16666666666669,120.0,133.0,1.15,98.0,1.0,9.0,50.0,762.625,0.0250000050600003,267240.0,276.0438000488281,60.00269599151611,774.9375
9,2,11,2018,101.0,104.9,127.0,144.0,1.175,101.0,14.0,5.0,50.0,762.125,0.0250000054470002,266948.0,276.0113000488281,60.00139999389648,692.625
10,2,11,2018,90.0,106.13333333333334,119.0,127.0,1.2,92.0,8.0,7.0,50.0,762.125,0.0250000054470002,266948.0,276.0113000488281,60.00139999389648,692.625
11,2,11,2018,94.0,107.5,124.0,111.0,1.3,90.0,16.0,10.0,50.0,762.125,0.0250000054470002,266948.0,276.0113000488281,60.00139999389648,692.625
12,2,11,2018,112.0,109.56666666666666,146.0,117.0,1.5,103.0,21.0,13.0,50.0,755.75,0.0250000050920005,267116.0,275.95369995117187,60.00133199310303,685.0
13,2,11,2018,129.0,112.46666666666668,178.0,142.0,1.375,103.0,32.0,14.0,50.0,755.75,0.0250000050920005,267116.0,275.95369995117187,60.00133199310303,685.0
14,2,11,2018,145.0,115.83333333333331,193.0,152.0,1.25,103.0,36.0,17.0,50.0,755.75,0.0250000050920005,267116.0,275.95369995117187,60.00133199310303,685.0
15,2,11,2018,150.0,119.6,200.0,157.5,1.125,103.0,58.0,17.0,50.0,754.0,0.0250000051429998,267212.0,275.9351998901367,60.00155199432373,685.0
16,2,11,2018,143.0,123.2,190.0,163.0,1.0,69.0,82.0,17.0,50.0,754.0,0.0250000051429998,267212.0,275.9351998901367,60.00155199432373,685.0
17,2,11,2018,161.0,127.3,211.0,168.5,1.22,96.0,64.0,17.0,50.0,754.0,0.0250000051429998,267212.0,275.9351998901367,60.00155199432373,685.0
18,2,11,2018,165.0,131.76666666666668,211.0,174.0,1.44,103.0,5.0,17.0,50.0,752.75,0.0250000049010012,267076.0,275.92579986572264,60.0010719909668,685.0
19,2,11,2018,165.0,135.46666666666667,224.0,200.0,1.66,103.0,12.0,10.0,50.0,752.75,0.0250000049010012,267076.0,275.92579986572264,60.0010719909668,685.0
20,2,11,2018,165.0,140.06666666666666,224.0,234.9499999999989,1.8,103.0,11.0,16.0,50.0,752.75,0.0250000049010012,267076.0,275.92579986572264,60.0010719909668,685.0
21,2,11,2018,165.0,142.93333333333334,224.0,234.9499999999989,1.8,103.0,1.0,6.0,50.0,753.25,0.0250000048890002,267048.0,275.93100006103515,60.00135599517822,685.0
22,2,11,2018,165.0,144.518333333333,224.0,234.9499999999989,1.8,103.0,5.0,5.0,50.0,753.25,0.0250000048890002,267048.0,275.93100006103515,60.00135599517822,685.0
23,2,11,2018,165.0,144.518333333333,224.0,234.9499999999989,1.7,103.0,2.0,5.0,50.0,753.25,0.0250000048890002,267048.0,275.93100006103515,60.00135599517822,685.0
0,3,11,2018,165.0,144.518333333333,224.0,229.0,1.6,103.0,5.0,16.0,50.0,753.1875,0.0250000055360011,267116.0,275.9422998046875,60.0010359954834,706.375
1,3,11,2018,165.0,144.518333333333,224.0,211.0,1.5,103.0,6.0,15.5,50.0,753.1875,0.0250000055360011,267116.0,275.9422998046875,60.0010359954834,706.375
2,3,11,2018,165.0,144.518333333333,224.0,208.0,1.4,103.0,12.0,15.0,50.0,753.1875,0.0250000055360011,267116.0,275.9422998046875,60.0010359954834,706.375
3,3,11,2018,165.0,144.518333333333,215.0,185.0,1.3,103.0,10.0,5.0,50.0,759.5,0.0250000055090002,266816.0,276.01079986572256,60.001595993042,792.75
4,3,11,2018,161.0,144.518333333333,211.0,176.0,1.3555555555555556,103.0,8.0,8.0,50.0,759.5,0.0250000055090002,266816.0,276.01079986572256,60.001595993042,792.75
5,3,11,2018,162.0,144.518333333333,204.0,168.0,1.4111111111111112,103.0,11.0,12.0,50.0,759.5,0.0250000055090002,266816.0,276.01079986572256,60.001595993042,792.75
6,3,11,2018,164.0,144.518333333333,209.0,175.5,1.4666666666666668,97.0,8.0,11.0,50.0,761.4375,0.0250000053449999,266420.0,276.05199981689447,60.00518399810791,783.9375
7,3,11,2018,165.0,144.518333333333,223.0,183.0,1.522222222222222,98.0,8.0,14.0,50.0,761.4375,0.0250000053449999,266420.0,276.05199981689447,60.00518399810791,783.9375
8,3,11,2018,165.0,144.518333333333,218.0,190.5,1.5777777777777782,91.0,12.0,11.0,50.0,761.4375,0.0250000053449999,266420.0,276.05199981689447,60.00518399810791,783.9375
9,3,11,2018,165.0,144.518333333333,224.0,198.0,1.6333333333333333,92.0,2.0,12.0,50.0,762.5,0.025000005334001,266340.0,276.04,60.00489599609375,692.8125
10,3,11,2018,165.0,144.518333333333,224.0,205.5,1.6888888888888889,103.0,8.0,12.0,50.0,762.5,0.025000005334001,266340.0,276.04,60.00489599609375,692.8125
11,3,11,2018,165.0,144.518333333333,224.0,213.0,1.7444444444444445,103.0,22.0,17.0,50.0,762.5,0.025000005334001,266340.0,276.04,60.00489599609375,692.8125
12,3,11,2018,165.0,144.518333333333,224.0,214.0909090909091,1.8,103.0,20.0,14.0,50.0,756.25,0.0250000055590011,266604.0,275.9739999389648,60.00227599334717,685.0
13,3,11,2018,165.0,144.518333333333,224.0,215.1818181818182,1.6,103.0,63.0,17.0,50.0,756.25,0.0250000055590011,266604.0,275.9739999389648,60.00227599334717,685.0
14,3,11,2018,165.0,144.518333333333,224.0,216.27272727272728,1.4,99.0,86.0,17.0,50.0,756.25,0.0250000055590011,266604.0,275.9739999389648,60.00227599334717,685.0
15,3,11,2018,165.0,144.518333333333,224.0,217.3636363636364,1.2,44.0,128.0,17.0,50.00003749847412,755.0,0.0250000054180007,266600.0,275.9635998535156,60.00196799468994,685.0
16,3,11,2018,165.0,144.518333333333,224.0,218.45454545454547,1.2,36.0,138.0,17.0,50.00003749847412,755.0,0.0250000054180007,266600.0,275.9635998535156,60.00196799468994,685.0
17,3,11,2018,165.0,144.518333333333,218.0,219.54545454545453,1.2153846153846153,48.0,125.0,17.0,50.00003749847412,755.0,0.0250000054180007,266600.0,275.9635998535156,60.00196799468994,685.0
18,3,11,2018,165.0,144.518333333333,224.0,220.63636363636363,1.2307692307692306,91.0,72.0,17.0,50.00013125419618,756.625,0.0250000054810009,266632.0,275.979400024414,60.00187999725342,685.0
19,3,11,2018,165.0,144.518333333333,224.0,221.72727272727272,1.2461538461538462,96.0,71.0,11.0,50.00013125419618,756.625,0.0250000054810009,266632.0,275.979400024414,60.00187999725342,685.0
20,3,11,2018,165.0,144.518333333333,224.0,222.8181818181818,1.2615384615384615,103.0,45.0,13.0,50.00013125419618,756.625,0.0250000054810009,266632.0,275.979400024414,60.00187999725342,685.0
21,3,11,2018,165.0,144.518333333333,224.0,223.9090909090909,1.2769230769230768,103.0,15.0,16.0,50.00011250495911,756.75,0.0250000056340005,266712.0,275.9780999755859,60.00423999786377,685.0
22,3,11,2018,165.0,144.518333333333,224.0,225.0,1.2923076923076922,103.0,5.0,9.0,50.00011250495911,756.75,0.0250000056340005,266712.0,275.9780999755859,60.00423999786377,685.0
23,3,11,2018,165.0,144.518333333333,224.0,234.9499999999989,1.3076923076923077,103.0,5.0,12.0,50.00011250495911,756.75,0.0250000056340005,266712.0,275.9780999755859,60.00423999786377,685.0
0,4,11,2018,165.0,144.518333333333,224.0,234.9499999999989,1.3230769230769228,103.0,8.0,12.0,50.00011250495911,771.4375,0.0250000056800004,267032.0,275.9872998046875,60.00651999664306,691.5625
1,4,11,2018,165.0,144.518333333333,224.0,234.9499999999989,1.3384615384615384,103.0,6.5,12.0,50.00011250495911,771.4375,0.0250000056800004,267032.0,275.9872998046875,60.00651999664306,691.5625
2,4,11,2018,165.0,144.518333333333,224.0,234.0,1.3538461538461537,103.0,5.0,8.0,50.00011250495911,771.4375,0.0250000056800004,267032.0,275.9872998046875,60.00651999664306,691.5625
3,4,11,2018,165.0,144.518333333333,224.0,224.0909090909091,1.3692307692307693,103.0,8.0,8.0,50.00030625343323,769.4375,0.025000005725,267252.0,275.9713000488281,60.007703994750976,714.3125
4,4,11,2018,165.0,144.518333333333,224.0,214.1818181818182,1.3846153846153846,103.0,4.5,6.0,50.00030625343323,769.4375,0.025000005725,267252.0,275.9713000488281,60.007703994750976,714.3125
5,4,11,2018,165.0,144.518333333333,224.0,204.27272727272728,1.4,100.0,1.0,4.0,50.00030625343323,769.4375,0.025000005725,267252.0,275.9713000488281,60.007703994750976,714.3125
6,4,11,2018,165.0,144.518333333333,224.0,194.3636363636364,1.2999999999999998,92.0,14.0,11.0,50.00030625343323,767.375,0.0250000045730006,267480.0,275.9642999267578,60.00636799621582,713.3125
7,4,11,2018,165.0,144.518333333333,224.0,184.45454545454547,1.2,95.0,1.0,3.0,50.00030625343323,767.375,0.0250000045730006,267480.0,275.9642999267578,60.00636799621582,713.3125
8,4,11,2018,165.0,144.518333333333,224.0,174.54545454545456,1.4,93.0,1.0,3.0,50.00030625343323,767.375,0.0250000045730006,267480.0,275.9642999267578,60.00636799621582,713.3125
9,4,11,2018,160.0,144.518333333333,218.0,164.63636363636363,1.1749999999999998,83.0,9.0,9.0,50.0,768.1875,0.0250000046740006,267756.0,275.96419982910146,60.00505199432373,687.4375
10,4,11,2018,66.0,144.518333333333,94.0,154.72727272727275,0.95,44.0,13.0,9.0,50.0,768.1875,0.0250000046740006,267756.0,275.96419982910146,60.00505199432373,687.4375
11,4,11,2018,35.0,144.518333333333,61.0,144.8181818181818,0.725,31.0,17.0,12.0,50.0,768.1875,0.0250000046740006,267756.0,275.96419982910146,60.00505199432373,687.4375
12,4,11,2018,33.0,144.518333333333,47.0,134.9090909090909,0.5,34.0,15.0,1.0,50.0,767.75,0.0250000047110002,268172.0,275.96009979248043,60.00466399383545,685.0
13,4,11,2018,32.0,144.518333333333,46.0,125.0,0.3,30.0,20.0,3.0,50.0,767.75,0.0250000047110002,268172.0,275.96009979248043,60.00466399383545,685.0
14,4,11,2018,40.0,144.518333333333,42.0,115.0909090909091,0.3,33.0,29.0,5.0,50.0,767.75,0.0250000047110002,268172.0,275.96009979248043,60.00466399383545,685.0
15,4,11,2018,28.0,144.518333333333,40.0,105.1818181818182,0.3,29.0,17.0,1.0,50.00015625,766.5,0.0250000044059995,268128.0,275.9504998779296,60.00273999786377,685.0
16,4,11,2018,36.0,144.518333333333,51.0,95.27272727272728,0.3,46.0,14.0,1.0,50.00015625,766.5,0.0250000044059995,268128.0,275.9504998779296,60.00273999786377,685.0
17,4,11,2018,28.0,144.518333333333,40.0,85.36363636363637,0.3,39.0,6.0,1.0,50.00015625,766.5,0.0250000044059995,268128.0,275.9504998779296,60.00273999786377,685.0
18,4,11,2018,29.0,144.518333333333,40.0,75.45454545454547,0.3,37.0,9.0,13.0,50.000056257247934,760.9375,0.0250000039370004,268588.0,275.9032998657226,60.00125999450685,685.0
19,4,11,2018,21.0,144.518333333333,30.0,65.54545454545456,0.3,42.0,5.0,13.0,50.000056257247934,760.9375,0.0250000039370004,268588.0,275.9032998657226,60.00125999450685,685.0
20,4,11,2018,23.0,144.518333333333,37.0,55.63636363636365,0.3,45.0,14.0,7.0,50.000056257247934,760.9375,0.0250000039370004,268588.0,275.9032998657226,60.00125999450685,685.0
21,4,11,2018,18.0,140.58333333333334,31.0,45.72727272727275,0.3,36.0,12.0,10.0,50.0,760.0,0.0250000037970002,268720.0,275.8955999755859,60.00164399719238,685.0
22,4,11,2018,22.0,135.51666666666668,25.0,35.81818181818184,0.3,41.0,5.0,13.0,50.0,760.0,0.0250000037970002,268720.0,275.8955999755859,60.00164399719238,685.0
23,4,11,2018,15.0,130.25,21.0,25.909090909090928,0.3,42.0,2.0,1.0,50.0,760.0,0.0250000037970002,268720.0,275.8955999755859,60.00164399719238,685.0
0,5,11,2018,19.0,124.41666666666669,29.0,16.0,0.3,48.0,2.0,5.0,50.0,752.0625,0.0250000037240013,268968.0,275.91489990234373,60.00160799407959,705.6875
1,5,11,2018,15.0,117.85,23.0,21.0,0.3,45.0,2.0,3.0,50.0,752.0625,0.0250000037240013,268968.0,275.91489990234373,60.00160799407959,705.6875
2,5,11,2018,25.0,110.61666666666666,32.0,32.0,0.3,42.0,8.0,13.0,50.0,752.0625,0.0250000037240013,268968.0,275.91489990234373,60.00160799407959,705.6875
3,5,11,2018,19.0,103.91666666666669,27.0,26.0,0.3,36.0,2.0,3.0,50.0,754.8125,0.025000003382001,268820.0,275.9716998291016,60.00337199401857,781.375
4,5,11,2018,29.0,97.58333333333331,40.0,29.0,0.38,45.0,6.0,2.0,50.0,754.8125,0.025000003382001,268820.0,275.9716998291016,60.00337199401857,781.375
5,5,11,2018,28.0,90.25,34.0,32.0,0.46,42.0,6.0,2.0,50.0,754.8125,0.025000003382001,268820.0,275.9716998291016,60.00337199401857,781.375
6,5,11,2018,32.0,83.08333333333333,35.0,35.0,0.5399999999999999,41.0,9.0,10.0,50.0,759.9375,0.0250000036040004,268308.0,275.981900024414,60.00373199462891,749.625
7,5,11,2018,26.0,75.71666666666667,41.0,37.0,0.6199999999999999,40.0,9.0,13.0,50.0,759.9375,0.0250000036040004,268308.0,275.981900024414,60.00373199462891,749.625
8,5,11,2018,21.0,68.75,38.0,38.0,0.7,34.0,1.0,3.0,50.0,759.9375,0.0250000036040004,268308.0,275.981900024414,60.00373199462891,749.625
9,5,11,2018,29.0,61.81666666666667,34.0,34.0,0.6499999999999999,48.0,16.0,5.0,50.0,758.4375,0.0250000041509997,268376.0,275.9732000732421,60.00135999298096,690.3125
10,5,11,2018,27.0,54.96666666666667,34.0,37.0,0.6,37.0,22.0,11.0,50.0,758.4375,0.0250000041509997,268376.0,275.9732000732421,60.00135999298096,690.3125
11,5,11,2018,20.0,48.03333333333333,22.0,20.0,0.5499999999999999,33.0,31.0,1.0,50.0,758.4375,0.0250000041509997,268376.0,275.9732000732421,60.00135999298096,690.3125
12,5,11,2018,28.0,42.13333333333333,25.0,29.0,0.5,35.0,33.0,12.0,50.0,758.25,0.0250000047450009,268596.0,275.9627999877929,60.001559997558594,685.0
13,5,11,2018,32.0,37.06666666666667,38.0,32.0,0.45,24.0,40.0,8.0,50.0,758.25,0.0250000047450009,268596.0,275.9627999877929,60.001559997558594,685.0
14,5,11,2018,29.0,32.166666666666664,35.0,35.0,0.4,33.0,38.0,6.0,50.0,758.25,0.0250000047450009,268596.0,275.9627999877929,60.001559997558594,685.0
15,5,11,2018,34.0,27.966666666666665,49.0,38.0,0.35,31.0,44.0,5.0,50.0,753.5625,0.025000004555,268752.0,275.9185998535156,60.00394799804688,685.0
16,5,11,2018,27.0,26.666666666666668,39.0,30.0,0.3,33.0,24.0,1.0,50.0,753.5625,0.025000004555,268752.0,275.9185998535156,60.00394799804688,685.0
17,5,11,2018,31.0,26.53333333333333,44.0,40.0,0.3,44.0,11.0,1.0,50.0,753.5625,0.025000004555,268752.0,275.9185998535156,60.00394799804688,685.0
18,5,11,2018,39.0,26.73333333333333,55.0,53.0,0.6,51.0,3.0,3.0,50.0,751.25,0.0250000039579998,268828.0,275.9029998779297,60.00575199127197,685.0
19,5,11,2018,44.0,27.133333333333333,73.0,65.0,0.5,55.0,8.0,7.0,50.0,751.25,0.0250000039579998,268828.0,275.9029998779297,60.00575199127197,685.0
20,5,11,2018,40.0,27.133333333333333,61.0,44.0,0.4,55.0,11.0,11.0,50.0,751.25,0.0250000039579998,268828.0,275.9029998779297,60.00575199127197,685.0
21,5,11,2018,35.0,27.366666666666667,50.0,42.0,0.3,46.0,3.0,1.0,50.0,750.1875,0.0250000037190001,268992.0,275.8954000854492,60.00131999206543,685.0
22,5,11,2018,39.0,27.466666666666665,55.0,44.0,0.5,48.0,1.0,1.0,50.0,750.1875,0.0250000037190001,268992.0,275.8954000854492,60.00131999206543,685.0
23,5,11,2018,37.0,27.766666666666666,57.0,64.0,0.6,50.0,1.0,1.0,50.0,750.1875,0.0250000037190001,268992.0,275.8954000854492,60.00131999206543,685.0
0,6,11,2018,45.0,28.3,63.0,73.0,0.8,49.0,1.0,1.0,50.0,758.4375,0.0250000038910005,269128.0,275.941900024414,60.00464399719238,698.0625
1,6,11,2018,41.0,28.966666666666665,58.0,65.0,0.7,54.0,2.0,1.0,50.0,758.4375,0.0250000038910005,269128.0,275.941900024414,60.00464399719238,698.0625
2,6,11,2018,36.0,29.4,55.0,72.0,0.5,55.0,12.0,11.0,50.0,758.4375,0.0250000038910005,269128.0,275.941900024414,60.00464399719238,698.0625
3,6,11,2018,21.0,29.5,30.0,22.0,0.3,54.0,4.0,1.0,50.0,758.125,0.0250000019589997,269132.0,275.9688000488281,60.006483993530274,758.3125
4,6,11,2018,10.0,29.1,28.0,23.0,0.3,56.0,3.5,1.0,50.0,758.125,0.0250000019589997,269132.0,275.9688000488281,60.006483993530274,758.3125
5,6,11,2018,11.0,28.966666666666665,31.0,31.0,0.3,59.0,3.0,1.0,50.0,758.125,0.0250000019589997,269132.0,275.9688000488281,60.006483993530274,758.3125
6,6,11,2018,10.0,28.666666666666668,35.0,35.0,0.3,63.0,1.0,1.0,50.00041218996048,759.75,0.0250000019330009,268820.0,275.9795999145508,60.00444799804689,744.0
7,6,11,2018,19.0,28.8,41.0,25.0,0.4,72.0,8.0,2.0,50.00041218996048,759.75,0.0250000019330009,268820.0,275.9795999145508,60.00444799804689,744.0
8,6,11,2018,8.0,28.23333333333333,39.0,39.0,0.5,58.0,6.0,3.0,50.00041218996048,759.75,0.0250000019330009,268820.0,275.9795999145508,60.00444799804689,744.0
9,6,11,2018,14.0,28.066666666666663,51.0,51.0,0.6,52.0,11.0,3.0,50.0,759.0625,0.0250000030620005,268748.0,275.95389984130856,60.00149999237061,689.0625
10,6,11,2018,16.0,27.633333333333333,52.0,44.0,0.45,47.0,23.0,14.0,50.0,759.0625,0.0250000030620005,268748.0,275.95389984130856,60.00149999237061,689.0625
11,6,11,2018,8.0,26.966666666666665,33.0,33.0,0.3,32.0,29.0,4.0,50.0,759.0625,0.0250000030620005,268748.0,275.95389984130856,60.00149999237061,689.0625
12,6,11,2018,2.0,25.966666666666665,25.0,25.0,0.3,31.0,48.0,3.0,50.0,757.375,0.0250000026120003,268820.0,275.941900024414,60.00331999206543,685.0
13,6,11,2018,8.0,25.366666666666667,24.0,24.0,0.3,26.0,37.0,3.0,50.0,757.375,0.0250000026120003,268820.0,275.941900024414,60.00331999206543,685.0
14,6,11,2018,8.0,24.933333333333334,29.0,24.0,0.3,36.0,33.0,1.0,50.0,757.375,0.0250000026120003,268820.0,275.941900024414,60.00331999206543,685.0
15,6,11,2018,8.0,24.23333333333333,22.0,22.0,0.3,31.0,32.0,3.0,50.0,753.625,0.0250000033650007,268812.0,275.8980999755859,60.00179999542236,685.0
16,6,11,2018,10.0,23.666666666666668,34.0,34.0,0.3,37.0,26.0,2.0,50.0,753.625,0.0250000033650007,268812.0,275.8980999755859,60.00179999542236,685.0
17,6,11,2018,11.0,23.366666666666667,48.0,48.0,0.3,48.0,15.0,2.0,50.0,753.625,0.0250000033650007,268812.0,275.8980999755859,60.00179999542236,685.0
18,6,11,2018,15.0,22.933333333333334,62.0,74.0,0.6,61.0,3.0,2.0,50.0,751.4375,0.0250000033299997,268712.0,275.87639984130857,60.00171999359131,685.0
19,6,11,2018,35.0,23.03333333333333,70.0,92.0,0.6499999999999999,62.0,1.0,12.0,50.0,751.4375,0.0250000033299997,268712.0,275.87639984130857,60.00171999359131,685.0
20,6,11,2018,36.0,23.266666666666666,71.0,92.0,0.7,64.0,2.0,2.0,50.0,751.4375,0.0250000033299997,268712.0,275.87639984130857,60.00171999359131,685.0
21,6,11,2018,45.0,23.633333333333333,82.0,114.0,0.8,63.0,2.0,2.0,50.0,751.0,0.0250000032839998,268580.0,275.8725,60.00061999511719,685.0
22,6,11,2018,50.0,24.4,88.0,112.0,0.8,68.0,3.5,1.0,50.0,751.0,0.0250000032839998,268580.0,275.8725,60.00061999511719,685.0
23,6,11,2018,45.0,24.866666666666667,81.0,112.0,0.8,69.0,5.0,7.0,50.0,751.0,0.0250000032839998,268580.0,275.8725,60.00061999511719,685.0
0,7,11,2018,40.0,24.9,87.0,125.0,0.8,57.0,8.0,2.0,50.0,752.5,0.0250000033790003,268536.0,275.9102999877929,60.00179999542236,697.25
1,7,11,2018,34.0,24.566666666666663,72.0,93.0,0.8,51.0,2.0,2.0,50.0,752.5,0.0250000033790003,268536.0,275.9102999877929,60.00179999542236,697.25
2,7,11,2018,27.0,24.133333333333333,58.0,65.0,0.7,47.0,2.0,1.0,50.0,752.5,0.0250000033790003,268536.0,275.9102999877929,60.00179999542236,697.25
3,7,11,2018,21.0,23.666666666666668,47.0,47.0,0.6,45.0,2.0,1.0,50.0,754.375,0.0250000026939995,268288.0,275.9647998046874,60.00497999572754,775.5625
4,7,11,2018,45.0,23.866666666666667,52.0,63.0,0.6142857142857142,59.0,12.0,9.0,50.0,754.375,0.0250000026939995,268288.0,275.9647998046874,60.00497999572754,775.5625
5,7,11,2018,39.0,23.933333333333334,64.0,73.0,0.6285714285714286,57.0,1.0,1.0,50.0,754.375,0.0250000026939995,268288.0,275.9647998046874,60.00497999572754,775.5625
6,7,11,2018,32.0,23.5,64.0,67.0,0.6428571428571428,46.0,12.0,9.0,50.0,759.625,0.0250000024580005,267704.0,275.99470001220703,60.00360399627686,751.3125
7,7,11,2018,28.0,23.066666666666663,63.0,77.0,0.6571428571428571,65.0,8.5,10.0,50.0,759.625,0.0250000024580005,267704.0,275.99470001220703,60.00360399627686,751.3125
8,7,11,2018,20.0,22.53333333333333,64.0,62.0,0.6714285714285714,61.0,5.0,12.0,50.0,759.625,0.0250000024580005,267704.0,275.99470001220703,60.00360399627686,751.3125
9,7,11,2018,24.0,22.633333333333333,68.0,69.0,0.6857142857142857,57.0,6.0,9.0,50.0,757.8125,0.0250000026060007,267480.0,275.9713998413086,60.00377599334717,688.5625
10,7,11,2018,20.0,22.966666666666665,62.0,73.0,0.7,56.0,4.0,4.0,50.0,757.8125,0.0250000026060007,267480.0,275.9713998413086,60.00377599334717,688.5625
11,7,11,2018,27.0,23.5,72.0,93.0,0.8,54.0,9.0,6.0,50.0,757.8125,0.0250000026060007,267480.0,275.9713998413086,60.00377599334717,688.5625
12,7,11,2018,35.0,24.33333333333333,62.0,58.0,0.7333333333333334,55.0,11.0,9.0,50.0,756.625,0.0250000034580007,267236.0,275.9504000854492,60.00193999481201,685.0
13,7,11,2018,31.0,24.73333333333333,61.0,74.0,0.6666666666666666,62.0,14.0,2.0,50.0,756.625,0.0250000034580007,267236.0,275.9504000854492,60.00193999481201,685.0
14,7,11,2018,30.0,25.466666666666665,54.0,58.0,0.6,53.0,18.0,3.0,50.0,756.625,0.0250000034580007,267236.0,275.9504000854492,60.00193999481201,685.0
15,7,11,2018,34.0,26.133333333333333,54.0,58.0,0.5,51.0,20.0,2.0,50.00018125534058,755.8125,0.0250000037230011,267196.0,275.94,60.00200399780272,685.0
16,7,11,2018,46.0,27.133333333333333,56.0,58.0,0.55,56.0,26.0,12.0,50.00018125534058,755.8125,0.0250000037230011,267196.0,275.94,60.00200399780272,685.0
17,7,11,2018,47.0,28.433333333333334,65.0,75.0,0.6,69.0,5.0,2.0,50.00018125534058,755.8125,0.0250000037230011,267196.0,275.94,60.00200399780272,685.0
18,7,11,2018,48.0,29.966666666666665,79.0,103.0,0.75,75.0,8.0,6.0,50.0,754.9375,0.0250000038109999,266652.0,275.9322998046875,60.00183999633789,685.0
19,7,11,2018,55.0,31.53333333333333,82.0,113.0,0.9,74.0,1.0,3.0,50.0,754.9375,0.0250000038109999,266652.0,275.9322998046875,60.00183999633789,685.0
20,7,11,2018,56.0,33.13333333333333,78.0,106.0,1.0,70.0,1.0,3.0,50.0,754.9375,0.0250000038109999,266652.0,275.9322998046875,60.00183999633789,685.0
21,7,11,2018,62.0,34.93333333333333,84.0,109.0,1.2,70.0,1.0,3.0,50.0,754.375,0.025000003982,266440.0,275.9239999389648,60.00097999572754,685.0
22,7,11,2018,65.0,36.766666666666666,99.0,123.0,1.2666666666666666,75.0,1.0,10.0,50.0,754.375,0.025000003982,266440.0,275.9239999389648,60.00097999572754,685.0
23,7,11,2018,76.0,38.93333333333333,103.0,144.0,1.3333333333333333,67.0,1.0,2.0,50.0,754.375,0.025000003982,266440.0,275.9239999389648,60.00097999572754,685.0
0,8,11,2018,71.0,40.8,95.0,130.0,1.4,70.0,1.0,3.0,50.0,750.25,0.0250000040260013,266316.0,275.92009979248047,60.001299995422364,695.0
1,8,11,2018,71.0,42.0,95.0,129.0,1.4,71.0,1.0,3.0,50.0,750.25,0.0250000040260013,266316.0,275.92009979248047,60.001299995422364,695.0
2,8,11,2018,75.0,43.3,100.0,116.0,1.4,70.0,1.0,4.0,50.0,750.25,0.0250000040260013,266316.0,275.92009979248047,60.001299995422364,695.0
3,8,11,2018,78.0,44.4,104.0,117.0,1.4,69.0,1.0,4.0,50.0,753.3125,0.0250000033550001,265916.0,275.9791998291016,60.00250799560547,788.875
4,8,11,2018,81.0,45.43333333333333,108.0,140.0,1.2,68.0,1.0,3.0,50.0,753.3125,0.0250000033550001,265916.0,275.9791998291016,60.00250799560547,788.875
5,8,11,2018,61.0,45.96666666666667,84.0,117.0,1.0,73.0,1.0,2.0,50.0,753.3125,0.0250000033550001,265916.0,275.9791998291016,60.00250799560547,788.875
6,8,11,2018,75.0,47.13333333333333,100.0,144.0,1.4,77.0,1.0,3.0,50.0,754.0625,0.0250000031430013,265288.0,276.01669982910147,60.00569599151611,781.3125
7,8,11,2018,67.0,48.23333333333333,95.0,139.0,1.2,79.0,1.0,3.0,50.0,754.0625,0.0250000031430013,265288.0,276.01669982910147,60.00569599151611,781.3125
8,8,11,2018,62.0,49.4,91.0,138.0,1.1333333333333333,81.0,8.0,7.0,50.0,754.0625,0.0250000031430013,265288.0,276.01669982910147,60.00569599151611,781.3125
9,8,11,2018,49.0,50.333333333333336,94.0,130.0,1.0666666666666669,72.0,1.0,7.0,50.0,757.1875,0.0250000031170006,265240.0,276.00320007324217,60.00260799407959,687.4375
10,8,11,2018,47.0,50.4,80.0,110.0,1.0,69.0,4.0,3.0,50.0,757.1875,0.0250000031170006,265240.0,276.00320007324217,60.00260799407959,687.4375
11,8,11,2018,47.0,50.66666666666666,70.0,89.0,0.8,66.0,12.0,4.0,50.0,757.1875,0.0250000031170006,265240.0,276.00320007324217,60.00260799407959,687.4375
12,8,11,2018,52.0,51.333333333333336,71.0,85.0,0.9,69.0,19.0,5.0,50.0,754.5,0.0250000042040012,265352.0,275.9622998046874,60.00167999267578,685.0
13,8,11,2018,66.0,52.6,89.0,102.0,0.9,77.0,20.0,6.0,50.0,754.5,0.0250000042040012,265352.0,275.9622998046874,60.00167999267578,685.0
14,8,11,2018,80.0,54.6,106.0,103.0,1.0,72.0,30.0,9.0,50.0,754.5,0.0250000042040012,265352.0,275.9622998046874,60.00167999267578,685.0
15,8,11,2018,92.0,56.86666666666667,121.0,102.0,1.0,67.0,37.0,12.0,50.0,751.6875,0.0250000046300012,265424.0,275.92499999999995,60.00143599700928,685.0
16,8,11,2018,116.0,60.06666666666667,151.0,137.0,1.4,78.0,34.0,16.0,50.0,751.6875,0.0250000046300012,265424.0,275.92499999999995,60.00143599700928,685.0
17,8,11,2018,114.0,62.96666666666667,149.0,149.0,1.3,93.0,14.0,13.0,50.0,751.6875,0.0250000046300012,265424.0,275.92499999999995,60.00143599700928,685.0
18,8,11,2018,114.0,65.6,149.0,154.0,1.3,103.0,2.0,9.0,50.0,747.5625,0.0250000037939995,265504.0,275.89479980468747,60.00143599700928,685.0
19,8,11,2018,114.0,68.36666666666666,149.0,167.0,1.6,98.0,2.0,7.0,50.0,747.5625,0.0250000037939995,265504.0,275.89479980468747,60.00143599700928,685.0
20,8,11,2018,106.0,70.9,139.0,144.0,1.5,84.0,3.0,5.0,50.0,747.5625,0.0250000037939995,265504.0,275.89479980468747,60.00143599700928,685.0
21,8,11,2018,93.0,72.86666666666666,123.0,116.0,1.2,74.0,3.0,6.0,50.0,748.3125,0.0250000038990005,265752.0,275.9013000488281,60.00335599517823,685.0
22,8,11,2018,90.0,74.33333333333333,119.0,104.0,1.1,69.0,4.0,5.0,50.0,748.3125,0.0250000038990005,265752.0,275.9013000488281,60.00335599517823,685.0
23,8,11,2018,87.0,75.66666666666667,115.0,102.0,1.0,70.0,2.0,3.0,50.0,748.3125,0.0250000038990005,265752.0,275.9013000488281,60.00335599517823,685.0
0,9,11,2018,97.0,77.3,128.0,116.0,1.2,72.0,1.0,2.0,50.0,751.375,0.0250000045699998,266196.0,275.94850006103513,60.00545999145508,706.4375
1,9,11,2018,130.0,79.8,171.0,152.0,1.6,77.0,1.0,2.0,50.0,751.375,0.0250000045699998,266196.0,275.94850006103513,60.00545999145508,706.4375
2,9,11,2018,143.0,82.7,190.0,171.0,1.8,79.0,1.0,2.0,50.0,751.375,0.0250000045699998,266196.0,275.94850006103513,60.00545999145508,706.4375
3,9,11,2018,147.0,85.53333333333333,196.0,179.0,1.6,82.0,1.0,2.0,50.0,752.25,0.0250000017760004,266344.0,276.03100006103506,60.00911199188232,805.75
4,9,11,2018,139.0,88.0,184.0,167.0,1.6,80.0,1.0,2.0,50.0,752.25,0.0250000017760004,266344.0,276.03100006103506,60.00911199188232,805.75
5,9,11,2018,121.0,89.5,159.0,148.0,1.3,78.0,1.0,2.0,50.0,752.25,0.0250000017760004,266344.0,276.03100006103506,60.00911199188232,805.75
6,9,11,2018,122.0,91.2,160.0,162.0,1.5,78.0,1.0,2.0,50.0,751.9375,0.0250000016169995,266180.0,276.0403997802734,60.00442399597168,788.125
7,9,11,2018,117.0,92.73333333333332,153.0,158.0,1.6,81.0,1.0,2.0,50.0,751.9375,0.0250000016169995,266180.0,276.0403997802734,60.00442399597168,788.125
8,9,11,2018,113.0,94.0,148.0,171.0,1.7,80.0,2.0,2.0,50.0,751.9375,0.0250000016169995,266180.0,276.0403997802734,60.00442399597168,788.125
9,9,11,2018,38.0,92.66666666666669,62.0,74.0,0.6,37.0,32.0,2.0,50.0,753.0625,0.0250000017400011,266592.0,276.0178997802734,60.00298399353027,687.6875
10,9,11,2018,22.5,90.71666666666668,46.0,52.0,0.45,25.0,45.5,2.5,50.0,753.0625,0.0250000017400011,266592.0,276.0178997802734,60.00298399353027,687.6875
11,9,11,2018,7.0,88.91666666666667,30.0,30.0,0.3,13.0,59.0,3.0,50.0,753.0625,0.0250000017400011,266592.0,276.0178997802734,60.00298399353027,687.6875
12,9,11,2018,3.0,86.51666666666667,20.0,17.0,0.3,13.0,63.0,3.0,50.0,750.3125,0.0250000017640013,267024.0,275.9880999755859,60.00469999694824,685.0
13,9,11,2018,3.0,84.38333333333334,21.0,9.0,0.3,11.0,67.0,3.0,50.0,750.3125,0.0250000017640013,267024.0,275.9880999755859,60.00469999694824,685.0
14,9,11,2018,1.0,82.35,21.0,15.0,0.3,13.0,67.0,3.0,50.0,750.3125,0.0250000017640013,267024.0,275.9880999755859,60.00469999694824,685.0
15,9,11,2018,4.0,80.85,21.0,21.0,0.3,14.0,66.0,3.0,50.0,745.5,0.0250000019530002,267016.0,275.92999999999995,60.00274799346924,685.0
16,9,11,2018,5.0,79.45,36.0,36.0,0.3,14.0,67.0,3.0,50.0,745.5,0.0250000019530002,267016.0,275.92999999999995,60.00274799346924,685.0
17,9,11,2018,4.0,78.01666666666667,31.0,31.0,0.3,18.0,60.0,3.0,50.0,745.5,0.0250000019530002,267016.0,275.92999999999995,60.00274799346924,685.0
18,9,11,2018,3.0,76.38333333333334,27.0,27.0,0.3,24.0,52.0,3.0,50.0,745.8125,0.0250000018390007,267672.0,275.93579986572263,60.002879997253416,685.0
19,9,11,2018,7.0,74.41666666666667,39.0,39.0,0.3,28.0,47.0,3.0,50.0,745.8125,0.0250000018390007,267672.0,275.93579986572263,60.002879997253416,685.0
20,9,11,2018,7.0,71.98333333333333,30.0,30.0,0.3,27.0,45.0,3.0,50.0,745.8125,0.0250000018390007,267672.0,275.93579986572263,60.002879997253416,685.0
21,9,11,2018,8.0,69.18333333333334,36.0,36.0,0.3,43.0,28.0,1.0,50.0,744.875,0.0250000019000005,267940.0,275.9238998413086,60.00458399200439,685.0
22,9,11,2018,9.0,65.61666666666666,49.0,49.0,0.3,57.0,13.0,3.0,50.0,744.875,0.0250000019000005,267940.0,275.9238998413086,60.00458399200439,685.0
23,9,11,2018,6.0,62.016666666666666,41.0,41.0,0.3,45.0,21.0,3.0,50.0,744.875,0.0250000019000005,267940.0,275.9238998413086,60.00458399200439,685.0
0,10,11,2018,4.0,58.35,35.0,35.0,0.3,38.0,26.0,3.0,50.0,752.0625,0.0250000019170008,268176.0,275.94259979248045,60.00173999786377,702.625
1,10,11,2018,3.0,54.65,29.0,29.0,0.3,29.0,33.0,3.0,50.0,752.0625,0.0250000019170008,268176.0,275.94259979248045,60.00173999786377,702.625
2,10,11,2018,6.0,51.31666666666667,26.0,26.0,0.3,36.0,27.0,3.0,50.0,752.0625,0.0250000019170008,268176.0,275.94259979248045,60.00173999786377,702.625
3,10,11,2018,5.0,48.38333333333333,28.0,28.0,0.3,53.0,12.0,3.0,50.0,754.1875,0.0250000018640011,268012.0,275.98509979248047,60.0040239944458,779.125
4,10,11,2018,5.0,45.55,30.0,26.0,0.3,59.0,8.5,1.0,50.0,754.1875,0.0250000018640011,268012.0,275.98509979248047,60.0040239944458,779.125
5,10,11,2018,3.0,42.75,32.0,32.0,0.3,56.0,5.0,3.0,50.0,754.1875,0.0250000018640011,268012.0,275.98509979248047,60.0040239944458,779.125
6,10,11,2018,5.0,39.68333333333333,36.0,36.0,0.3,64.0,1.0,1.0,50.0,755.0625,0.0250000018969997,267632.0,275.99380004882806,60.00244399261474,762.9375
7,10,11,2018,9.0,35.65,51.0,51.0,0.3,58.0,1.0,2.0,50.0,755.0625,0.0250000018969997,267632.0,275.99380004882806,60.00244399261474,762.9375
8,10,11,2018,17.0,31.45,61.0,71.0,0.7,55.0,2.0,2.0,50.0,755.0625,0.0250000018969997,267632.0,275.99380004882806,60.00244399261474,762.9375
9,10,11,2018,19.0,27.183333333333334,68.0,85.0,0.7,52.0,6.0,3.0,50.0,756.6875,0.025000002022,267588.0,275.9876998901367,60.00201599121094,685.875
10,10,11,2018,16.0,23.08333333333333,64.0,78.0,0.6,48.0,13.0,2.0,50.0,756.6875,0.025000002022,267588.0,275.9876998901367,60.00201599121094,685.875
11,10,11,2018,10.0,19.383333333333333,43.0,43.0,0.3,38.0,23.0,2.0,50.0,756.6875,0.025000002022,267588.0,275.9876998901367,60.00201599121094,685.875
12,10,11,2018,8.0,15.583333333333334,23.0,23.0,0.3,28.0,35.0,1.0,50.0,755.6875,0.0250000028930008,267772.0,275.96600006103506,60.00135599517822,685.0
13,10,11,2018,7.0,11.916666666666666,18.0,18.0,0.3,27.0,39.0,2.0,50.0,755.6875,0.0250000028930008,267772.0,275.96600006103506,60.00135599517822,685.0
14,10,11,2018,9.0,8.45,28.0,28.0,0.3,31.0,37.0,2.0,50.0,755.6875,0.0250000028930008,267772.0,275.96600006103506,60.00135599517822,685.0
15,10,11,2018,11.0,7.55,37.0,37.0,0.3,31.0,37.0,2.0,50.0,756.5,0.025000002913,267616.0,275.97369995117185,60.00213999176025,685.0
16,10,11,2018,8.0,7.066666666666666,38.0,38.0,0.3,34.0,35.0,2.0,50.0,756.5,0.025000002913,267616.0,275.97369995117185,60.00213999176025,685.0
17,10,11,2018,16.0,7.366666666666666,45.0,45.0,0.3,35.0,33.0,2.0,50.0,756.5,0.025000002913,267616.0,275.97369995117185,60.00213999176025,685.0
18,10,11,2018,22.0,8.0,59.0,67.0,0.3,52.0,17.0,2.0,50.0,755.75,0.0250000031550005,267496.0,275.96350006103506,60.00236799621582,685.0
19,10,11,2018,28.0,8.833333333333334,66.0,82.0,0.6,66.0,5.0,3.0,50.0,755.75,0.0250000031550005,267496.0,275.96350006103506,60.00236799621582,685.0
20,10,11,2018,28.0,9.733333333333333,68.0,85.0,0.6,71.0,1.0,3.0,50.0,755.75,0.0250000031550005,267496.0,275.96350006103506,60.00236799621582,685.0
21,10,11,2018,33.0,10.7,67.0,83.0,0.7,71.0,1.0,4.0,50.0,755.5,0.0250000036340002,267440.0,275.9548999023437,60.00143999481201,685.0
22,10,11,2018,42.0,11.933333333333334,70.0,89.0,0.6,69.0,2.0,4.0,50.0,755.5,0.0250000036340002,267440.0,275.9548999023437,60.00143999481201,685.0
23,10,11,2018,44.0,13.266666666666667,73.0,95.0,0.6,61.0,10.0,4.0,50.0,755.5,0.0250000036340002,267440.0,275.9548999023437,60.00143999481201,685.0
0,11,11,2018,32.0,14.233333333333333,58.0,65.0,0.6,56.0,16.0,3.0,50.0,749.1875,0.0250000036079995,267620.0,275.93850006103514,60.001955993652345,702.1875
1,11,11,2018,34.0,15.133333333333333,68.0,85.0,0.7,69.0,1.0,3.0,50.0,749.1875,0.0250000036079995,267620.0,275.93850006103514,60.001955993652345,702.1875
2,11,11,2018,28.0,15.833333333333334,66.0,81.0,0.6,69.0,2.0,3.0,50.0,749.1875,0.0250000036079995,267620.0,275.93850006103514,60.001955993652345,702.1875
3,11,11,2018,22.0,16.3,64.0,78.0,0.7,68.0,1.0,3.0,50.0,752.6875,0.0250000035950001,267348.0,276.0010998535156,60.00433599090576,799.875
4,11,11,2018,29.0,16.966666666666665,74.0,97.0,0.7,68.0,2.0,3.0,50.0,752.6875,0.0250000035950001,267348.0,276.0010998535156,60.00433599090576,799.875
5,11,11,2018,31.0,17.8,73.0,95.0,0.7,71.0,2.0,4.0,50.0,752.6875,0.0250000035950001,267348.0,276.0010998535156,60.00433599090576,799.875
6,11,11,2018,36.0,18.866666666666667,79.0,108.0,0.8,72.0,1.0,4.0,50.0,754.5625,0.0250000032759998,266884.0,276.0298999023437,60.00615199279786,781.9375
7,11,11,2018,41.0,20.133333333333333,83.0,115.0,0.8,69.0,1.0,4.0,50.0,754.5625,0.0250000032759998,266884.0,276.0298999023437,60.00615199279786,781.9375
8,11,11,2018,31.0,20.966666666666665,84.0,117.0,0.9,66.0,1.0,4.0,50.0,754.5625,0.0250000032759998,266884.0,276.0298999023437,60.00615199279786,781.9375
9,11,11,2018,38.0,22.066666666666663,87.0,124.0,1.0,66.0,3.0,5.0,50.0,755.375,0.0250000033720005,266868.0,276.00720001220697,60.0032559967041,686.75
10,11,11,2018,51.0,23.6,99.0,147.0,0.9,73.0,6.0,6.0,50.0,755.375,0.0250000033720005,266868.0,276.00720001220697,60.0032559967041,686.75
11,11,11,2018,51.0,25.2,84.0,118.0,0.7,54.0,22.0,8.0,50.0,755.375,0.0250000033720005,266868.0,276.00720001220697,60.0032559967041,686.75
12,11,11,2018,44.0,26.5,64.0,77.0,0.6,31.0,50.0,7.0,50.0,752.0,0.0250000037430003,267092.0,275.9702999877929,60.00234799194336,685.0
13,11,11,2018,44.0,27.666666666666668,61.0,61.0,0.6,22.0,65.0,7.0,50.0,752.0,0.0250000037430003,267092.0,275.9702999877929,60.00234799194336,685.0
14,11,11,2018,46.0,28.633333333333333,64.0,62.0,0.6,24.0,68.0,6.0,50.0,752.0,0.0250000037430003,267092.0,275.9702999877929,60.00234799194336,685.0
15,11,11,2018,46.0,29.53333333333333,64.0,60.0,0.5,20.0,77.0,6.0,50.0,751.125,0.0250000041530001,267096.0,275.95139984130856,60.00323999786377,685.0
16,11,11,2018,44.0,30.466666666666665,61.0,62.0,0.5,21.0,79.0,6.0,50.0,751.125,0.0250000041530001,267096.0,275.95139984130856,60.00323999786377,685.0
17,11,11,2018,47.0,31.7,65.0,67.0,0.6,30.0,70.0,5.0,50.0,751.125,0.0250000041530001,267096.0,275.95139984130856,60.00323999786377,685.0
18,11,11,2018,59.0,33.4,80.0,102.0,0.8,62.0,36.0,4.0,50.0,747.8125,0.0250000040150005,267080.0,275.91739990234373,60.001667991638186,685.0
19,11,11,2018,73.0,35.6,98.0,122.0,0.7,63.0,28.0,4.0,50.0,747.8125,0.0250000040150005,267080.0,275.91739990234373,60.001667991638186,685.0
20,11,11,2018,75.0,37.8,100.0,121.0,0.9,82.0,9.0,3.0,50.0,747.8125,0.0250000040150005,267080.0,275.91739990234373,60.001667991638186,685.0
21,11,11,2018,85.0,40.266666666666666,113.0,138.0,0.9,89.0,2.0,3.0,50.0,746.9375,0.0250000041519999,267072.0,275.9044998168945,60.001603996276856,685.0
22,11,11,2018,91.0,43.03333333333333,120.0,139.0,0.9,81.0,6.0,4.0,50.0,746.9375,0.0250000041519999,267072.0,275.9044998168945,60.001603996276856,685.0
23,11,11,2018,98.0,45.766666666666666,129.0,134.0,0.9,86.0,2.0,4.0,50.0,746.9375,0.0250000041519999,267072.0,275.9044998168945,60.001603996276856,685.0
0,12,11,2018,101.0,48.4,133.0,138.0,1.0,90.0,1.0,3.0,50.0,749.8125,0.025000004575001,267204.0,275.9182000732422,60.00199599456787,701.625
1,12,11,2018,102.0,50.86666666666667,134.0,134.0,1.0,84.0,1.0,2.0,50.0,749.8125,0.025000004575001,267204.0,275.9182000732422,60.00199599456787,701.625
2,12,11,2018,98.0,53.2,129.0,136.0,1.1,82.0,1.0,4.0,50.0,749.8125,0.025000004575001,267204.0,275.9182000732422,60.00199599456787,701.625
3,12,11,2018,94.0,55.23333333333333,124.0,142.0,1.1,80.0,1.0,4.0,50.0,754.75,0.025000004253,267056.0,275.98759979248047,60.00213999176025,786.1875
4,12,11,2018,81.0,56.53333333333333,108.0,130.0,1.0,76.0,1.0,3.0,50.0,754.75,0.025000004253,267056.0,275.98759979248047,60.00213999176025,786.1875
5,12,11,2018,65.0,57.23333333333333,88.0,108.0,0.9,72.0,1.0,2.0,50.0,754.75,0.025000004253,267056.0,275.98759979248047,60.00213999176025,786.1875
6,12,11,2018,60.0,58.16666666666666,81.0,101.0,1.0,72.0,2.0,2.0,50.0,756.75,0.0250000045539997,266632.0,276.0263000488281,60.00366399383545,777.3125
7,12,11,2018,58.0,58.96666666666667,79.0,107.0,1.0,70.0,1.0,2.0,50.0,756.75,0.0250000045539997,266632.0,276.0263000488281,60.00366399383545,777.3125
8,12,11,2018,62.0,60.1,89.0,128.0,1.1,61.0,1.0,2.0,50.0,756.75,0.0250000045539997,266632.0,276.0263000488281,60.00366399383545,777.3125
9,12,11,2018,63.0,61.46666666666667,85.0,117.0,1.1,60.0,4.0,2.0,50.0,758.25,0.0250000047130007,266628.0,276.0047998046875,60.0032319946289,685.5625
10,12,11,2018,69.0,62.8,93.0,110.0,1.1,70.0,9.0,5.0,50.0,758.25,0.0250000047130007,266628.0,276.0047998046875,60.0032319946289,685.5625
11,12,11,2018,78.0,64.36666666666666,104.0,116.0,1.0,72.0,18.0,8.0,50.0,758.25,0.0250000047130007,266628.0,276.0047998046875,60.0032319946289,685.5625
12,12,11,2018,80.0,65.83333333333333,106.0,103.0,1.0,71.0,27.0,8.0,50.0,753.4375,0.0250000046900007,266732.0,275.95600006103507,60.00200399780272,685.0
13,12,11,2018,88.0,67.4,116.0,107.0,1.0,71.0,36.0,8.0,50.0,753.4375,0.0250000046900007,266732.0,275.95600006103507,60.00200399780272,685.0
14,12,11,2018,94.0,69.5,124.0,112.0,1.0,64.0,45.0,8.0,50.0,753.4375,0.0250000046900007,266732.0,275.95600006103507,60.00200399780272,685.0
15,12,11,2018,119.0,72.2,156.0,133.0,1.1,51.0,61.0,10.0,50.0,750.5625,0.0250000046100001,266784.0,275.9264999389648,60.00345999145508,685.0
16,12,11,2018,135.0,75.0,179.0,144.33333333333334,1.2,47.0,69.0,16.0,50.0,750.5625,0.0250000046100001,266784.0,275.9264999389648,60.00345999145508,685.0
17,12,11,2018,140.0,77.96666666666667,186.0,155.66666666666666,1.2,59.0,57.0,13.0,50.0,750.5625,0.0250000046100001,266784.0,275.9264999389648,60.00345999145508,685.0
18,12,11,2018,153.0,81.6,203.0,167.0,1.4,81.0,32.0,9.0,50.0,748.8125,0.0250000044180005,266860.0,275.9104998779297,60.00281999206543,685.0
19,12,11,2018,165.0,85.86666666666666,222.0,197.0,1.5,103.0,7.0,8.0,50.0,748.8125,0.0250000044180005,266860.0,275.9104998779297,60.00281999206543,685.0
20,12,11,2018,165.0,90.43333333333334,224.0,210.0,1.6,103.0,2.0,8.0,50.0,748.8125,0.0250000044180005,266860.0,275.9104998779297,60.00281999206543,685.0
21,12,11,2018,165.0,94.96666666666668,224.0,214.0,1.6,103.0,1.0,6.0,50.0,747.5,0.0250000041519999,266852.0,275.90119995117186,60.00156799316406,685.0
22,12,11,2018,165.0,99.66666666666669,224.0,219.0,1.8,103.0,1.0,5.0,50.0,747.5,0.0250000041519999,266852.0,275.90119995117186,60.00156799316406,685.0
23,12,11,2018,165.0,104.0,224.0,215.0,1.8,103.0,1.0,4.0,50.0,747.5,0.0250000041519999,266852.0,275.90119995117186,60.00156799316406,685.0
0,13,11,2018,165.0,107.86666666666666,224.0,221.0,1.8,103.0,1.0,4.0,50.0,756.5,0.0250000046750009,267000.0,275.9188998413086,60.00169199371338,695.6875
1,13,11,2018,165.0,111.16666666666669,222.0,221.0,1.8,98.0,1.0,4.0,50.0,756.5,0.0250000046750009,267000.0,275.9188998413086,60.00169199371338,695.6875
2,13,11,2018,148.0,113.6,197.0,177.0,1.4,92.0,2.0,3.0,50.0,756.5,0.0250000046750009,267000.0,275.9188998413086,60.00169199371338,695.6875
3,13,11,2018,142.0,115.5,189.0,169.0,1.4,89.0,1.0,3.0,50.0,762.4375,0.0250000053020007,266876.0,275.96669982910146,60.00188399505616,743.0625
4,13,11,2018,130.0,116.8,171.0,149.0,1.3,84.0,2.0,3.0,50.0,762.4375,0.0250000053020007,266876.0,275.96669982910146,60.00188399505616,743.0625
5,13,11,2018,119.0,117.5,156.0,128.0,1.2,78.0,2.0,2.0,50.0,762.4375,0.0250000053020007,266876.0,275.96669982910146,60.00188399505616,743.0625
6,13,11,2018,104.0,117.6,136.0,121.0,1.2,72.0,2.0,2.0,50.0,764.6875,0.0250000072560012,266512.0,275.9972998046875,60.00299199676514,742.5625
7,13,11,2018,106.0,117.73333333333332,139.0,125.0,1.2,70.0,1.0,2.0,50.0,764.6875,0.0250000072560012,266512.0,275.9972998046875,60.00299199676514,742.5625
8,13,11,2018,111.0,118.16666666666669,145.0,138.0,1.4,70.0,1.0,2.0,50.0,764.6875,0.0250000072560012,266512.0,275.9972998046875,60.00299199676514,742.5625
9,13,11,2018,114.0,118.83333333333331,149.0,148.0,1.5,70.0,3.0,3.0,50.0,765.25,0.0250000062760002,266624.0,275.98669982910155,60.00148399353027,685.5
10,13,11,2018,128.0,120.4,169.0,157.0,1.4,72.0,5.0,4.0,50.0,765.25,0.0250000062760002,266624.0,275.98669982910155,60.00148399353027,685.5
11,13,11,2018,148.0,123.16666666666669,197.0,154.0,1.4,73.0,11.0,6.0,50.0,765.25,0.0250000062760002,266624.0,275.98669982910155,60.00148399353027,685.5
12,13,11,2018,164.0,126.63333333333334,214.0,160.23076923076923,1.6,87.0,14.0,8.0,50.0,760.875,0.0250000058399997,266820.0,275.95009979248044,60.00151599121094,685.0
13,13,11,2018,165.0,131.1,224.0,166.46153846153842,1.8,103.0,15.0,9.0,50.0,760.875,0.0250000058399997,266820.0,275.95009979248044,60.00151599121094,685.0
14,13,11,2018,165.0,136.1,224.0,172.6923076923077,1.8,103.0,12.0,9.0,50.0,760.875,0.0250000058399997,266820.0,275.95009979248044,60.00151599121094,685.0
15,13,11,2018,165.0,141.7,224.0,178.9230769230769,1.8,103.0,17.0,8.0,50.0,759.1875,0.0250000054369997,266940.0,275.93759979248046,60.00185599517823,685.0
16,13,11,2018,165.0,144.518333333333,224.0,185.15384615384616,1.8,74.0,38.0,10.0,50.0,759.1875,0.0250000054369997,266940.0,275.93759979248046,60.00185599517823,685.0
17,13,11,2018,165.0,144.518333333333,224.0,191.38461538461544,1.8,59.0,39.0,6.0,50.0,759.1875,0.0250000054369997,266940.0,275.93759979248046,60.00185599517823,685.0
18,13,11,2018,165.0,144.518333333333,224.0,197.61538461538456,1.8,60.0,35.0,4.0,50.0,757.375,0.0250000049479994,266932.0,275.924700012207,60.00017199707031,685.0
19,13,11,2018,165.0,144.518333333333,224.0,203.84615384615384,1.8,78.0,14.0,4.0,50.0,757.375,0.0250000049479994,266932.0,275.924700012207,60.00017199707031,685.0
20,13,11,2018,165.0,144.518333333333,224.0,210.0769230769231,1.8,90.0,1.0,3.0,50.0,757.375,0.0250000049479994,266932.0,275.924700012207,60.00017199707031,685.0
21,13,11,2018,165.0,144.518333333333,224.0,216.3076923076923,1.8,91.0,1.0,3.0,50.0,757.8125,0.0250000051100012,267016.0,275.92749999999995,60.000103996276856,685.0
22,13,11,2018,165.0,144.518333333333,224.0,222.5384615384616,1.8,89.0,1.0,3.0,50.0,757.8125,0.0250000051100012,267016.0,275.92749999999995,60.000103996276856,685.0
23,13,11,2018,165.0,144.518333333333,224.0,228.7692307692308,1.8,82.0,1.0,3.0,50.0,757.8125,0.0250000051100012,267016.0,275.92749999999995,60.000103996276856,685.0
0,14,11,2018,165.0,144.518333333333,224.0,234.9499999999989,1.8,79.0,2.0,3.0,50.0,762.5625,0.0250000055710002,267252.0,275.93919982910154,60.00371199798584,694.125
1,14,11,2018,165.0,144.518333333333,224.0,229.1351351351352,1.8,77.0,2.0,3.0,50.0,762.5625,0.0250000055710002,267252.0,275.93919982910154,60.00371199798584,694.125
2,14,11,2018,165.0,144.518333333333,224.0,223.27027027027023,1.8,74.0,2.0,3.0,50.0,762.5625,0.0250000055710002,267252.0,275.93919982910154,60.00371199798584,694.125
3,14,11,2018,165.0,144.518333333333,224.0,217.40540540540545,1.8,71.0,2.0,2.0,50.0,764.75,0.0250000060729999,267076.0,275.95309997558587,60.00315999603272,719.0
4,14,11,2018,165.0,144.518333333333,224.0,211.54054054054052,1.8,71.0,1.5,2.0,50.0,764.75,0.0250000060729999,267076.0,275.95309997558587,60.00315999603272,719.0
5,14,11,2018,165.0,144.518333333333,224.0,205.6756756756757,1.8,61.0,1.0,2.0,50.0,764.75,0.0250000060729999,267076.0,275.95309997558587,60.00315999603272,719.0
6,14,11,2018,165.0,144.518333333333,224.0,199.8108108108108,1.8,59.0,1.0,2.0,50.0,764.875,0.0250000060840006,266768.0,275.9697998046874,60.00236399078369,724.625
7,14,11,2018,165.0,144.518333333333,224.0,193.945945945946,1.8,59.0,10.0,2.0,50.0,764.875,0.0250000060840006,266768.0,275.9697998046874,60.00236399078369,724.625
8,14,11,2018,165.0,144.518333333333,224.0,188.0810810810811,1.8,55.0,18.0,2.0,50.0,764.875,0.0250000060840006,266768.0,275.9697998046874,60.00236399078369,724.625
9,14,11,2018,165.0,144.518333333333,224.0,182.21621621621625,1.8,58.0,13.0,2.0,50.0,765.875,0.0250000055619999,266812.0,275.969100036621,60.00180799102783,685.5
10,14,11,2018,165.0,144.518333333333,224.0,176.35135135135135,1.8,58.0,8.0,1.0,50.0,765.875,0.0250000055619999,266812.0,275.969100036621,60.00180799102783,685.5
11,14,11,2018,165.0,144.518333333333,224.0,170.48648648648648,1.8,48.0,17.0,1.0,50.0,765.875,0.0250000055619999,266812.0,275.969100036621,60.00180799102783,685.5
12,14,11,2018,165.0,144.518333333333,224.0,164.6216216216216,1.8,50.0,20.0,1.0,50.0,765.125,0.0250000061020012,267104.0,275.9594998168945,60.00149599456787,685.0
13,14,11,2018,165.0,144.518333333333,224.0,158.75675675675674,1.8,46.0,30.0,1.0,50.0,765.125,0.0250000061020012,267104.0,275.9594998168945,60.00149599456787,685.0
14,14,11,2018,165.0,144.518333333333,224.0,152.89189189189187,1.8,41.0,36.0,1.0,50.0,765.125,0.0250000061020012,267104.0,275.9594998168945,60.00149599456787,685.0
15,14,11,2018,165.0,144.518333333333,224.0,147.02702702702703,1.7,34.0,63.0,1.0,50.0,764.0,0.0250000058469995,267184.0,275.9508999633789,60.00213599395752,685.0
16,14,11,2018,165.0,144.518333333333,224.0,141.16216216216216,1.7,35.0,67.0,1.0,50.0,764.0,0.0250000058469995,267184.0,275.9508999633789,60.00213599395752,685.0
17,14,11,2018,165.0,144.518333333333,224.0,135.29729729729732,1.8,43.0,55.0,1.0,50.0,764.0,0.0250000058469995,267184.0,275.9508999633789,60.00213599395752,685.0
18,14,11,2018,165.0,144.518333333333,224.0,129.43243243243245,1.8,52.0,41.0,1.0,50.0,763.125,0.025000005601,267280.0,275.94419982910154,60.00172399139405,685.0
19,14,11,2018,165.0,144.518333333333,224.0,123.56756756756756,1.7,56.0,31.0,1.0,50.0,763.125,0.025000005601,267280.0,275.94419982910154,60.00172399139405,685.0
20,14,11,2018,165.0,144.518333333333,224.0,117.70270270270272,1.7,52.0,30.0,1.0,50.0,763.125,0.025000005601,267280.0,275.94419982910154,60.00172399139405,685.0
21,14,11,2018,165.0,144.518333333333,224.0,111.83783783783784,1.7,60.0,17.0,3.0,50.0,761.9375,0.0250000052960012,267332.0,275.9354998779297,60.00233999633789,685.0
22,14,11,2018,165.0,144.518333333333,224.0,105.97297297297294,1.6,46.0,23.0,3.0,50.0,761.9375,0.0250000052960012,267332.0,275.9354998779297,60.00233999633789,685.0
23,14,11,2018,165.0,144.518333333333,224.0,100.1081081081081,1.8,66.0,6.0,3.0,50.0,761.9375,0.0250000052960012,267332.0,275.9354998779297,60.00233999633789,685.0
0,15,11,2018,165.0,144.518333333333,224.0,94.24324324324324,1.8,73.0,1.0,3.0,50.0,768.0,0.0250000051290001,267700.0,275.975,60.00911199188232,690.6875
1,15,11,2018,165.0,144.518333333333,224.0,88.37837837837839,1.7,72.0,2.0,3.0,50.0,768.0,0.0250000051290001,267700.0,275.975,60.00911199188232,690.6875
2,15,11,2018,165.0,144.518333333333,224.0,82.51351351351352,1.8,70.0,2.0,1.0,50.0,768.0,0.0250000051290001,267700.0,275.975,60.00911199188232,690.6875
3,15,11,2018,165.0,144.518333333333,224.0,76.64864864864866,1.8,58.0,1.0,3.0,50.0,767.1875,0.0250000027220007,267832.0,275.974100036621,60.00911199188232,718.75
4,15,11,2018,165.0,144.518333333333,224.0,70.78378378378378,1.8,59.0,2.0,3.0,50.0,767.1875,0.0250000027220007,267832.0,275.974100036621,60.00911199188232,718.75
5,15,11,2018,165.0,144.518333333333,224.0,64.91891891891889,1.8,55.0,2.0,3.0,50.0,767.1875,0.0250000027220007,267832.0,275.974100036621,60.00911199188232,718.75
6,15,11,2018,165.0,144.518333333333,224.0,59.05405405405406,1.8,53.0,2.0,3.0,50.0,764.5,0.0250000025760009,267736.0,275.9822998046875,60.0072679977417,725.25
7,15,11,2018,165.0,144.518333333333,224.0,53.18918918918919,1.8,56.0,2.0,1.0,50.0,764.5,0.0250000025760009,267736.0,275.9822998046875,60.0072679977417,725.25
8,15,11,2018,153.0,144.518333333333,203.0,47.32432432432432,1.5,57.0,3.0,1.0,50.0,764.5,0.0250000025760009,267736.0,275.9822998046875,60.0072679977417,725.25
9,15,11,2018,39.0,144.518333333333,55.0,41.45945945945945,0.7,34.0,18.0,2.0,50.0,766.25,0.0250000016649998,268052.0,275.9780999755859,60.00545199584961,685.5625
10,15,11,2018,13.0,144.518333333333,19.0,35.594594594594575,0.3,18.0,33.0,2.0,50.0,766.25,0.0250000016649998,268052.0,275.9780999755859,60.00545199584961,685.5625
11,15,11,2018,12.0,144.518333333333,17.0,29.729729729729737,0.3,19.0,33.0,1.0,50.0,766.25,0.0250000016649998,268052.0,275.9780999755859,60.00545199584961,685.5625
12,15,11,2018,13.0,144.518333333333,19.0,23.86486486486487,0.3,21.0,31.0,3.0,50.0,763.6875,0.0250000009490009,268584.0,275.9607000732421,60.0072199935913,685.0
13,15,11,2018,16.0,144.518333333333,23.0,18.0,0.5,23.0,29.0,3.0,50.0,763.6875,0.0250000009490009,268584.0,275.9607000732421,60.0072199935913,685.0
14,15,11,2018,15.0,144.518333333333,21.0,19.0,0.5,24.0,31.0,3.0,50.0,763.6875,0.0250000009490009,268584.0,275.9607000732421,60.0072199935913,685.0
15,15,11,2018,14.0,144.518333333333,24.0,24.0,0.3,26.0,34.0,3.0,50.0,761.3125,0.0250000009080004,268584.0,275.94,60.008815994262704,685.0
16,15,11,2018,11.0,144.518333333333,16.0,16.0,0.3,17.0,49.0,1.0,50.0,761.3125,0.0250000009080004,268584.0,275.94,60.008815994262704,685.0
17,15,11,2018,7.0,144.518333333333,16.0,16.0,0.3,18.0,49.0,3.0,50.0,761.3125,0.0250000009080004,268584.0,275.94,60.008815994262704,685.0
18,15,11,2018,9.0,140.36666666666667,22.0,22.0,0.3,24.0,44.0,1.0,50.0,759.1875,0.0250000009690001,269072.0,275.9195999145508,60.0075119934082,685.0
19,15,11,2018,8.0,132.76666666666668,15.0,10.0,0.3,22.0,47.0,1.0,50.0,759.1875,0.0250000009690001,269072.0,275.9195999145508,60.0075119934082,685.0
20,15,11,2018,5.0,125.83333333333331,29.0,29.0,0.3,16.0,53.0,1.0,50.0,759.1875,0.0250000009690001,269072.0,275.9195999145508,60.0075119934082,685.0
21,15,11,2018,4.0,119.03333333333332,17.0,17.0,0.3,22.0,46.0,1.0,50.0,755.875,0.0250000010860003,269228.0,275.8869998168945,60.00205999755861,685.0
22,15,11,2018,6.0,112.3,15.0,9.0,0.3,20.0,47.0,1.0,50.0,755.875,0.0250000010860003,269228.0,275.8869998168945,60.00205999755861,685.0
23,15,11,2018,2.0,105.4,18.0,18.0,0.3,22.0,44.0,1.0,50.0,755.875,0.0250000010860003,269228.0,275.8869998168945,60.00205999755861,685.0
0,16,11,2018,5.0,98.53333333333332,20.0,20.0,0.3,27.0,38.0,1.0,50.0,741.75,0.0250000015130005,269412.0,275.8955999755859,60.003591995239255,703.0625
1,16,11,2018,5.0,91.86666666666666,24.0,24.0,0.3,35.0,30.0,1.0,50.0,741.75,0.0250000015130005,269412.0,275.8955999755859,60.003591995239255,703.0625
2,16,11,2018,2.0,85.3,19.0,19.0,0.3,30.0,34.0,2.0,50.0,741.75,0.0250000015130005,269412.0,275.8955999755859,60.003591995239255,703.0625
3,16,11,2018,2.0,78.46666666666667,24.0,24.0,0.3,28.0,36.0,2.0,50.0,743.6875,0.0250000020270012,269160.0,275.9354998779297,60.00434799194336,798.375
4,16,11,2018,3.0,72.06666666666666,15.0,15.0,0.3,29.0,36.0,2.0,50.0,743.6875,0.0250000020270012,269160.0,275.9354998779297,60.00434799194336,798.375
5,16,11,2018,3.0,65.63333333333334,12.0,12.0,0.3,21.0,36.0,2.0,50.0,743.6875,0.0250000020270012,269160.0,275.9354998779297,60.00434799194336,798.375
6,16,11,2018,4.0,59.266666666666666,19.0,19.0,0.5,29.0,30.0,3.0,50.0,744.3125,0.0250000016150008,268396.0,275.95369995117187,60.00533599090576,780.125
7,16,11,2018,5.0,53.06666666666667,22.0,19.0,0.6,44.0,16.0,3.0,50.0,744.3125,0.0250000016150008,268396.0,275.95369995117187,60.00533599090576,780.125
8,16,11,2018,5.0,46.8,30.0,30.0,0.7,44.0,17.0,4.0,50.0,744.3125,0.0250000016150008,268396.0,275.95369995117187,60.00533599090576,780.125
9,16,11,2018,11.0,40.3,32.0,32.0,0.7,39.0,23.0,4.0,50.0,746.75,0.0250000023250002,268340.0,275.93630004882806,60.00384399414062,685.5
10,16,11,2018,4.0,33.6,16.0,16.0,0.5,28.0,35.0,3.0,50.0,746.75,0.0250000023250002,268340.0,275.93630004882806,60.00384399414062,685.5
11,16,11,2018,7.0,26.766666666666666,14.0,14.0,0.5,24.0,41.0,3.0,50.0,746.75,0.0250000023250002,268340.0,275.93630004882806,60.00384399414062,685.5
12,16,11,2018,9.0,20.066666666666663,14.0,12.0,0.3,22.0,45.0,2.0,50.0,744.8125,0.0250000025290008,268336.0,275.9104000854492,60.00264799499512,685.0
13,16,11,2018,8.0,13.333333333333334,23.0,23.0,0.3,25.0,45.0,2.0,50.0,744.8125,0.0250000025290008,268336.0,275.9104000854492,60.00264799499512,685.0
14,16,11,2018,13.0,8.666666666666666,23.0,23.0,0.3,24.0,48.0,2.0,50.0,744.8125,0.0250000025290008,268336.0,275.9104000854492,60.00264799499512,685.0
15,16,11,2018,19.0,8.0,34.0,34.0,0.5,26.0,52.0,2.0,50.0,741.5625,0.025000001712,268692.0,275.888699951172,60.00267199707032,685.0
16,16,11,2018,17.0,8.133333333333333,37.0,37.0,0.3,31.0,46.0,2.0,50.0,741.5625,0.025000001712,268692.0,275.888699951172,60.00267199707032,685.0
17,16,11,2018,17.0,8.3,42.0,42.0,0.5,42.0,27.0,2.0,50.0,741.5625,0.025000001712,268692.0,275.888699951172,60.00267199707032,685.0
18,16,11,2018,26.0,8.733333333333333,59.0,67.0,0.6,55.0,15.0,3.0,50.0,741.5,0.0250000010930001,268516.0,275.9032998657226,60.0040719909668,685.0
19,16,11,2018,34.0,9.333333333333334,62.0,74.0,0.6,62.0,9.0,4.0,50.0,741.5,0.0250000010930001,268516.0,275.9032998657226,60.0040719909668,685.0
20,16,11,2018,38.0,10.1,63.0,75.0,0.7,60.0,8.0,4.0,50.0,741.5,0.0250000010930001,268516.0,275.9032998657226,60.0040719909668,685.0
21,16,11,2018,42.0,11.033333333333331,67.0,83.0,1.1,69.0,3.0,4.0,50.0,742.0625,0.0250000010919999,268408.0,275.91019989013665,60.00307599639893,685.0
22,16,11,2018,43.0,12.1,76.0,101.0,0.9,68.0,1.0,4.0,50.0,742.0625,0.0250000010919999,268408.0,275.91019989013665,60.00307599639893,685.0
23,16,11,2018,39.0,13.166666666666666,68.0,85.0,1.0,63.0,1.0,3.0,50.0,742.0625,0.0250000010919999,268408.0,275.91019989013665,60.00307599639893,685.0
0,17,11,2018,32.0,13.933333333333334,60.0,69.0,1.0,65.0,1.0,4.0,50.0,744.3125,0.0250000010909996,268280.0,275.92,60.00439999389648,694.125
1,17,11,2018,42.0,15.066666666666666,74.0,98.0,1.0,66.0,1.0,5.0,50.0,744.3125,0.0250000010909996,268280.0,275.92,60.00439999389648,694.125
2,17,11,2018,54.0,16.7,77.0,104.0,1.0,66.0,1.0,4.0,50.0,744.3125,0.0250000010909996,268280.0,275.92,60.00439999389648,694.125
3,17,11,2018,42.0,17.966666666666665,70.0,89.0,1.0,65.0,1.0,4.0,50.0,745.25,0.0250000010870006,267888.0,275.9682998657226,60.006315994262685,797.6875
4,17,11,2018,40.0,19.1,67.0,84.0,1.1,64.0,1.0,4.0,50.0,745.25,0.0250000010870006,267888.0,275.9682998657226,60.006315994262685,797.6875
5,17,11,2018,56.0,20.9,76.0,99.0,1.1,62.0,2.0,5.0,50.0,745.25,0.0250000010870006,267888.0,275.9682998657226,60.006315994262685,797.6875
6,17,11,2018,80.0,23.4,106.0,143.0,1.2,62.0,2.0,8.0,50.0,746.625,0.0250000010850001,267272.0,275.99779998779303,60.0065119934082,781.8125
7,17,11,2018,78.0,25.83333333333333,104.0,152.0,1.3,64.0,1.0,6.0,50.0,746.625,0.0250000010850001,267272.0,275.99779998779303,60.0065119934082,781.8125
8,17,11,2018,60.0,27.766666666666666,93.0,136.0,1.2,61.0,1.0,5.0,50.0,746.625,0.0250000010850001,267272.0,275.99779998779303,60.0065119934082,781.8125
9,17,11,2018,53.0,29.466666666666665,89.0,127.0,1.1,65.0,2.0,6.0,50.0,748.9375,0.0250000015390012,267292.0,275.961600036621,60.00446799468994,685.5625
10,17,11,2018,46.0,30.9,82.0,114.0,1.2,70.0,5.0,8.0,50.0,748.9375,0.0250000015390012,267292.0,275.961600036621,60.00446799468994,685.5625
11,17,11,2018,52.0,32.53333333333333,81.0,112.0,1.2,69.0,10.0,11.0,50.0,748.9375,0.0250000015390012,267292.0,275.961600036621,60.00446799468994,685.5625
12,17,11,2018,67.0,34.63333333333333,90.0,120.0,1.1,63.0,18.0,11.0,50.0,747.1875,0.0250000018470008,267532.0,275.9354000854492,60.00402799224854,685.0
13,17,11,2018,54.0,36.266666666666666,74.0,96.0,0.9,48.0,32.0,10.0,50.0,747.1875,0.0250000018470008,267532.0,275.9354000854492,60.00402799224854,685.0
14,17,11,2018,60.0,38.1,81.0,86.0,0.9,44.0,41.0,11.0,50.0,747.1875,0.0250000018470008,267532.0,275.9354000854492,60.00402799224854,685.0
15,17,11,2018,64.0,39.86666666666667,86.0,79.0,0.8,44.0,45.0,10.0,50.0,746.0625,0.0250000015489999,267588.0,275.9291000366211,60.00487599182129,685.0
16,17,11,2018,64.0,41.86666666666667,86.0,83.0,0.8,53.0,43.0,11.0,50.0,746.0625,0.0250000015489999,267588.0,275.9291000366211,60.00487599182129,685.0
17,17,11,2018,69.0,43.93333333333333,93.0,103.0,0.9,65.0,27.0,11.0,50.0,746.0625,0.0250000015489999,267588.0,275.9291000366211,60.00487599182129,685.0
18,17,11,2018,73.0,46.06666666666667,98.0,124.0,1.1,88.0,5.0,9.0,50.0,745.875,0.0250000020350012,267492.0,275.916900024414,60.00359999084473,685.0
19,17,11,2018,93.0,48.9,123.0,160.0,1.3,88.0,3.0,9.0,50.0,745.875,0.0250000020350012,267492.0,275.916900024414,60.00359999084473,685.0
20,17,11,2018,100.0,51.8,131.0,162.0,1.4,86.0,2.0,8.0,50.0,745.875,0.0250000020350012,267492.0,275.916900024414,60.00359999084473,685.0
21,17,11,2018,99.0,54.46666666666667,130.0,159.0,1.6,91.0,1.0,7.0,50.0,744.3125,0.0250000015709996,267508.0,275.9088998413086,60.00240799713135,685.0
22,17,11,2018,100.0,57.23333333333333,131.0,176.0,1.6,90.0,1.0,7.0,50.0,744.3125,0.0250000015709996,267508.0,275.9088998413086,60.00240799713135,685.0
23,17,11,2018,91.0,59.7,120.0,162.0,1.6,83.0,1.0,7.0,50.0,744.3125,0.0250000015709996,267508.0,275.9088998413086,60.00240799713135,685.0
0,18,11,2018,81.0,61.53333333333333,108.0,126.0,1.4,76.0,1.0,6.0,50.0,744.8125,0.0250000015600007,267536.0,275.9172998046875,60.00344799804687,700.75
1,18,11,2018,69.0,62.7,93.0,102.0,1.3,70.0,1.0,5.0,50.0,744.8125,0.0250000015600007,267536.0,275.9172998046875,60.00344799804687,700.75
2,18,11,2018,70.0,63.766666666666666,94.0,111.0,1.3,71.0,2.0,5.0,50.0,744.8125,0.0250000015600007,267536.0,275.9172998046875,60.00344799804687,700.75
3,18,11,2018,70.0,64.7,94.0,120.0,1.3,71.0,2.0,5.0,50.0,747.5,0.025000001089001,267468.0,275.9772998046875,60.0060719909668,791.125
4,18,11,2018,77.0,65.83333333333333,103.0,134.0,1.2,70.0,1.5,5.0,50.0,747.5,0.025000001089001,267468.0,275.9772998046875,60.0060719909668,791.125
5,18,11,2018,64.0,66.66666666666667,87.0,124.0,1.1,67.0,1.0,5.0,50.0,747.5,0.025000001089001,267468.0,275.9772998046875,60.0060719909668,791.125
6,18,11,2018,67.0,67.83333333333333,90.0,130.0,1.2,69.0,1.0,5.0,50.0,746.375,0.0250000010870006,266952.0,275.9947998046875,60.0045239944458,780.875
7,18,11,2018,65.0,68.6,88.0,115.0,1.2,66.0,1.0,4.0,50.0,746.375,0.0250000010870006,266952.0,275.9947998046875,60.0045239944458,780.875
8,18,11,2018,48.0,68.4,67.0,84.0,1.0,65.0,3.0,4.0,50.0,746.375,0.0250000010870006,266952.0,275.9947998046875,60.0045239944458,780.875
9,18,11,2018,37.0,68.23333333333333,69.0,88.0,1.0,60.0,9.0,6.0,50.0,747.3125,0.0250000010900013,267184.0,275.95729980468747,60.003103996276856,685.5
10,18,11,2018,50.0,68.56666666666666,101.0,151.0,1.2,71.0,7.0,8.0,50.0,747.3125,0.0250000010900013,267184.0,275.95729980468747,60.003103996276856,685.5
11,18,11,2018,26.0,67.56666666666666,67.0,84.0,0.7,32.0,42.0,6.0,50.0,747.3125,0.0250000010900013,267184.0,275.95729980468747,60.003103996276856,685.5
12,18,11,2018,11.0,65.26666666666667,62.0,74.0,0.3,16.0,59.0,5.0,50.0,745.875,0.0250000012490004,267428.0,275.9369000244141,60.00263199615478,685.0
13,18,11,2018,8.0,62.93333333333333,46.0,46.0,0.3,16.0,63.0,4.0,50.0,745.875,0.0250000012490004,267428.0,275.9369000244141,60.00263199615478,685.0
14,18,11,2018,15.0,61.43333333333333,56.0,61.0,0.5,24.0,68.0,5.0,50.0,745.875,0.0250000012490004,267428.0,275.9369000244141,60.00263199615478,685.0
15,18,11,2018,25.0,60.5,57.0,63.0,0.6,27.0,70.0,5.0,50.0,744.75,0.0250000012529995,267696.0,275.9241000366211,60.00305199432373,685.0
16,18,11,2018,24.0,59.766666666666666,55.0,59.0,0.6,27.0,68.0,4.0,50.0,744.75,0.0250000012529995,267696.0,275.9241000366211,60.00305199432373,685.0
17,18,11,2018,21.0,58.73333333333333,65.0,80.0,0.5,32.0,54.0,3.0,50.0,744.75,0.0250000012529995,267696.0,275.9241000366211,60.00305199432373,685.0
18,18,11,2018,13.0,56.93333333333333,66.0,82.0,0.5,46.0,34.0,2.0,50.0,743.6875,0.025000001255,267748.0,275.911600036621,60.00239999389648,685.0
19,18,11,2018,16.0,55.66666666666666,66.0,81.0,0.6,46.0,34.0,2.0,50.0,743.6875,0.025000001255,267748.0,275.911600036621,60.00239999389648,685.0
20,18,11,2018,16.0,54.2,65.0,80.0,0.6,55.0,27.0,3.0,50.0,743.6875,0.025000001255,267748.0,275.911600036621,60.00239999389648,685.0
21,18,11,2018,18.0,52.66666666666666,67.0,84.0,0.6,55.0,25.0,3.0,50.0,743.0,0.0250000012560002,267716.0,275.90350006103506,60.0034759979248,685.0
22,18,11,2018,16.0,51.06666666666667,74.0,97.0,0.7,73.0,6.0,3.0,50.0,743.0,0.0250000012560002,267716.0,275.90350006103506,60.0034759979248,685.0
23,18,11,2018,24.0,49.56666666666667,88.0,125.0,1.0,81.0,2.0,4.0,50.0,743.0,0.0250000012560002,267716.0,275.90350006103506,60.0034759979248,685.0
0,19,11,2018,34.0,48.266666666666666,85.0,120.0,0.9,77.0,1.0,4.0,50.0,743.5625,0.0250000010919999,267628.0,275.9132998657226,60.00232799530029,699.0625
1,19,11,2018,23.0,45.93333333333333,71.0,92.0,0.9,62.0,4.0,3.0,50.0,743.5625,0.0250000010919999,267628.0,275.9132998657226,60.00232799530029,699.0625
2,19,11,2018,16.0,43.13333333333333,61.0,71.0,0.8,59.0,3.0,2.0,50.0,743.5625,0.0250000010919999,267628.0,275.9132998657226,60.00232799530029,699.0625
3,19,11,2018,20.0,40.5,60.0,69.0,0.8,62.0,2.0,2.0,50.0,746.3125,0.0250000012340005,267416.0,275.9632000732421,60.00363999176025,790.5625
4,19,11,2018,19.0,37.8,63.0,75.0,0.8,64.0,1.0,3.0,50.0,746.3125,0.0250000012340005,267416.0,275.9632000732421,60.00363999176025,790.5625
5,19,11,2018,27.0,35.666666666666664,76.0,102.0,0.8,65.0,1.0,3.0,50.0,746.3125,0.0250000012340005,267416.0,275.9632000732421,60.00363999176025,790.5625
6,19,11,2018,22.0,33.7,70.0,90.0,0.7,65.0,1.0,3.0,50.0,747.625,0.025000001724001,266816.0,275.989700012207,60.00698399353029,777.6875
7,19,11,2018,22.0,32.13333333333333,69.0,87.0,0.8,67.0,1.0,3.0,50.0,747.625,0.025000001724001,266816.0,275.989700012207,60.00698399353029,777.6875
8,19,11,2018,20.0,30.466666666666665,74.0,98.0,0.9,65.0,2.0,4.0,50.0,747.625,0.025000001724001,266816.0,275.989700012207,60.00698399353029,777.6875
9,19,11,2018,19.0,28.766666666666666,75.0,100.0,0.9,63.0,6.0,4.0,50.0,748.875,0.0250000018520001,266804.0,275.9563000488281,60.00315999603272,685.5
10,19,11,2018,24.0,27.0,73.0,96.0,0.9,61.0,9.0,5.0,50.0,748.875,0.0250000018520001,266804.0,275.9563000488281,60.00315999603272,685.5
11,19,11,2018,25.0,25.7,71.0,92.0,0.9,61.0,13.0,5.0,50.0,748.875,0.0250000018520001,266804.0,275.9563000488281,60.00315999603272,685.5
12,19,11,2018,31.0,24.5,71.0,91.0,0.9,62.0,18.0,7.0,50.0,746.9375,0.0250000018589999,266920.0,275.93470001220703,60.00219599151611,685.0
13,19,11,2018,53.0,24.1,82.0,113.0,1.0,66.0,21.0,11.0,50.0,746.9375,0.0250000018589999,266920.0,275.93470001220703,60.00219599151611,685.0
14,19,11,2018,62.0,24.566666666666663,85.0,120.0,1.0,69.0,24.0,13.0,50.0,746.9375,0.0250000018589999,266920.0,275.93470001220703,60.00219599151611,685.0
15,19,11,2018,72.0,25.73333333333333,96.0,123.0,1.1,69.0,28.0,15.0,50.0,745.25,0.025000001348,267100.0,275.9263998413086,60.0035359954834,685.0
16,19,11,2018,85.0,26.9,113.0,125.0,1.1,79.0,23.0,15.0,50.0,745.25,0.025000001348,267100.0,275.9263998413086,60.0035359954834,685.0
17,19,11,2018,100.0,29.366666666666667,131.0,150.0,1.3,96.0,10.0,13.0,50.0,745.25,0.025000001348,267100.0,275.9263998413086,60.0035359954834,685.0
18,19,11,2018,123.0,33.1,161.0,172.0,1.5,103.0,2.0,12.0,50.0,744.4375,0.0250000015140008,267148.0,275.9129000854492,60.00416399383545,685.0
19,19,11,2018,130.0,37.16666666666666,171.0,175.0,1.6,103.0,2.0,12.0,50.0,744.4375,0.0250000015140008,267148.0,275.9129000854492,60.00416399383545,685.0
20,19,11,2018,133.0,41.1,176.0,195.0,1.8,103.0,2.0,10.0,50.0,744.4375,0.0250000015140008,267148.0,275.9129000854492,60.00416399383545,685.0
21,19,11,2018,120.0,44.266666666666666,157.0,202.0,1.8,103.0,2.0,8.0,50.0,743.9375,0.0250000015130005,267400.0,275.907200012207,60.00437599182129,685.0
22,19,11,2018,101.0,46.833333333333336,136.0,221.0,1.65,98.0,1.0,8.0,50.0,743.9375,0.0250000015130005,267400.0,275.907200012207,60.00437599182129,685.0
23,19,11,2018,98.0,49.4,133.0,215.0,1.5,97.0,1.0,7.0,50.0,743.9375,0.0250000015130005,267400.0,275.907200012207,60.00437599182129,685.0
0,20,11,2018,86.0,51.833333333333336,114.0,151.0,1.3,93.0,1.0,6.0,50.0,749.4375,0.0250000020589996,267532.0,275.9172998046875,60.00552799224854,700.6875
1,20,11,2018,72.0,53.7,96.0,129.0,1.3,88.0,1.0,6.0,50.0,749.4375,0.0250000020589996,267532.0,275.9172998046875,60.00552799224854,700.6875
2,20,11,2018,67.0,55.4,90.0,117.0,1.4,83.0,1.0,5.0,50.0,749.4375,0.0250000020589996,267532.0,275.9172998046875,60.00552799224854,700.6875
3,20,11,2018,71.0,57.16666666666666,95.0,122.0,1.3,83.0,1.0,5.0,50.0,749.25,0.0250000013190005,267656.0,275.97269989013665,60.00764799499512,782.1875
4,20,11,2018,67.0,58.86666666666667,90.0,108.0,1.2,82.0,1.0,5.0,50.0,749.25,0.0250000013190005,267656.0,275.97269989013665,60.00764799499512,782.1875
5,20,11,2018,61.0,60.1,83.0,102.0,1.2,79.0,1.0,5.0,50.0,749.25,0.0250000013190005,267656.0,275.97269989013665,60.00764799499512,782.1875
6,20,11,2018,55.0,60.8,81.0,112.0,1.3,82.0,1.0,7.0,50.0,756.25,0.025000001317,267412.0,275.9872998046875,60.00697199249267,748.0
7,20,11,2018,49.0,61.66666666666666,76.0,101.0,1.2,82.0,1.0,10.0,50.0,756.25,0.025000001317,267412.0,275.9872998046875,60.00697199249267,748.0
8,20,11,2018,42.0,62.53333333333333,78.0,105.0,1.2,80.0,3.0,9.0,50.0,756.25,0.025000001317,267412.0,275.9872998046875,60.00697199249267,748.0
9,20,11,2018,27.0,62.766666666666666,73.0,96.0,0.8,68.0,11.0,6.0,50.0,752.125,0.0250000015089996,267732.0,275.95509979248044,60.00377599334717,685.5
10,20,11,2018,24.0,62.93333333333333,70.5,91.0,0.7,50.5,27.0,5.0,50.0,752.125,0.0250000015089996,267732.0,275.95509979248044,60.00377599334717,685.5
11,20,11,2018,21.0,62.73333333333333,68.0,86.0,0.6,33.0,43.0,4.0,50.0,752.125,0.0250000015089996,267732.0,275.95509979248044,60.00377599334717,685.5
12,20,11,2018,19.0,62.63333333333333,62.0,74.0,1.8,30.0,47.0,4.0,50.0,750.4375,0.0250000015249997,268148.0,275.93739990234366,60.00272399139404,685.0
13,20,11,2018,20.0,62.56666666666667,110.0,73.0,1.8,29.0,48.0,5.0,50.0,750.4375,0.0250000015249997,268148.0,275.93739990234366,60.00272399139404,685.0
14,20,11,2018,16.0,62.43333333333333,58.0,65.0,1.8,22.0,56.0,4.0,50.0,750.4375,0.0250000015249997,268148.0,275.93739990234366,60.00272399139404,685.0
15,20,11,2018,17.0,62.36666666666667,63.0,75.0,1.8,25.0,54.0,4.0,50.0,749.1875,0.0250000013410002,268380.0,275.92739990234367,60.00303999328613,685.0
16,20,11,2018,31.0,62.6,80.0,110.0,1.8,61.0,23.0,5.0,50.0,749.1875,0.0250000013410002,268380.0,275.92739990234367,60.00303999328613,685.0
17,20,11,2018,46.0,63.3,93.0,135.0,1.8,81.0,8.0,6.0,50.0,749.1875,0.0250000013410002,268380.0,275.92739990234367,60.00303999328613,685.0
18,20,11,2018,55.0,64.1,100.0,149.0,1.8,90.0,2.0,5.0,50.0,747.625,0.0250000015620011,268624.0,275.9063000488281,60.00381199645996,685.0
19,20,11,2018,63.0,64.43333333333334,115.0,179.0,1.8,91.0,2.0,6.0,50.0,747.625,0.0250000015620011,268624.0,275.9063000488281,60.00381199645996,685.0
20,20,11,2018,68.0,64.63333333333334,114.0,177.0,1.8,89.0,2.0,7.0,50.0,747.625,0.0250000015620011,268624.0,275.9063000488281,60.00381199645996,685.0
21,20,11,2018,74.0,64.7,117.0,184.0,1.8,94.0,2.0,7.0,50.0,747.3125,0.0250000020899996,268756.0,275.89410003662107,60.00468399810791,685.0
22,20,11,2018,69.0,64.16666666666667,116.0,182.0,1.8,89.0,2.0,6.0,50.0,747.3125,0.0250000020899996,268756.0,275.89410003662107,60.00468399810791,685.0
23,20,11,2018,41.0,62.2,81.0,112.0,1.8,79.0,1.0,5.0,50.0,747.3125,0.0250000020899996,268756.0,275.89410003662107,60.00468399810791,685.0
0,21,11,2018,22.0,58.833333333333336,64.0,78.0,1.8,73.0,2.0,5.0,50.0,742.875,0.0250000020660013,268948.0,275.8975,60.00321599578857,700.1875
1,21,11,2018,13.0,54.93333333333333,49.0,49.0,1.8,49.0,16.0,2.0,50.0,742.875,0.0250000020660013,268948.0,275.8975,60.00321599578857,700.1875
2,21,11,2018,24.0,51.3,72.0,93.0,1.8,67.0,3.0,4.0,50.0,742.875,0.0250000020660013,268948.0,275.8975,60.00321599578857,700.1875
3,21,11,2018,46.0,48.833333333333336,96.0,142.0,1.8,68.0,1.0,4.0,50.0,741.875,0.0250000010930001,268788.0,275.94029998779297,60.00692399597168,797.375
4,21,11,2018,53.0,47.23333333333333,79.0,108.0,1.8,64.0,1.0,3.0,50.0,741.875,0.0250000010930001,268788.0,275.94029998779297,60.00692399597168,797.375
5,21,11,2018,40.0,45.3,64.0,77.0,1.8,62.0,1.0,3.0,50.0,741.875,0.0250000010930001,268788.0,275.94029998779297,60.00692399597168,797.375
6,21,11,2018,40.0,43.766666666666666,65.0,79.0,1.8,59.0,1.0,3.0,50.0,743.5,0.025000001089001,268016.0,275.9604000854492,60.0062799911499,778.0625
7,21,11,2018,27.0,42.266666666666666,39.0,57.0,1.8,57.0,9.0,3.0,50.0,743.5,0.025000001089001,268016.0,275.9604000854492,60.0062799911499,778.0625
8,21,11,2018,3.0,40.13333333333333,20.0,35.0,1.8,39.0,27.0,2.0,50.0,743.5,0.025000001089001,268016.0,275.9604000854492,60.0062799911499,778.0625
9,21,11,2018,3.0,37.86666666666667,14.0,13.0,1.8,18.0,44.0,3.0,50.0,744.6875,0.0250000015500001,268128.0,275.93079986572263,60.00426399230957,685.5
10,21,11,2018,4.0,35.766666666666666,17.0,17.0,1.8,18.0,46.0,3.0,50.0,744.6875,0.0250000015500001,268128.0,275.93079986572263,60.00426399230957,685.5
11,21,11,2018,1.0,33.766666666666666,19.0,19.0,1.8,14.0,52.0,3.0,50.0,744.6875,0.0250000015500001,268128.0,275.93079986572263,60.00426399230957,685.5
12,21,11,2018,5.0,32.1,27.0,27.0,1.66,18.0,52.0,2.0,50.0,743.0625,0.0250000015520006,268372.0,275.9114999389648,60.00437599182129,685.0
13,21,11,2018,9.5,30.78333333333333,15.0,13.0,1.0800000000000018,23.0,47.0,2.0,50.0,743.0625,0.0250000015520006,268372.0,275.9114999389648,60.00437599182129,685.0
14,21,11,2018,14.0,29.85,20.0,19.666666666666668,0.5,20.0,52.0,1.0,50.0,743.0625,0.0250000015520006,268372.0,275.9114999389648,60.00437599182129,685.0
15,21,11,2018,25.0,29.78333333333333,36.0,26.333333333333336,0.3,24.0,51.0,3.0,50.0,742.3125,0.0250000015569999,268604.0,275.90259979248043,60.00357999420166,685.0
16,21,11,2018,25.0,29.816666666666663,36.0,33.0,0.3,30.0,43.0,4.0,50.0,742.3125,0.0250000015569999,268604.0,275.90259979248043,60.00357999420166,685.0
17,21,11,2018,27.0,30.016666666666666,44.0,44.0,0.3,36.0,37.0,5.0,50.0,742.3125,0.0250000015569999,268604.0,275.90259979248043,60.00357999420166,685.0
18,21,11,2018,33.0,30.48333333333333,57.0,64.0,0.6,61.0,15.0,5.0,50.0,741.25,0.025000001569001,268588.0,275.8894998168945,60.00214799499512,685.0
19,21,11,2018,43.0,31.25,68.0,85.0,0.7,71.0,6.0,5.0,50.0,741.25,0.025000001569001,268588.0,275.8894998168945,60.00214799499512,685.0
20,21,11,2018,50.0,32.38333333333333,76.0,101.0,0.9,82.0,2.0,5.0,50.0,741.25,0.025000001569001,268588.0,275.8894998168945,60.00214799499512,685.0
21,21,11,2018,53.0,33.583333333333336,83.0,115.0,1.1,80.0,2.0,4.0,50.0,740.75,0.025000001577001,268604.0,275.88320007324216,60.00296399688721,685.0
22,21,11,2018,53.0,34.31666666666667,87.0,124.0,1.0,70.0,1.0,5.0,50.0,740.75,0.025000001577001,268604.0,275.88320007324216,60.00296399688721,685.0
23,21,11,2018,50.0,34.45,77.0,104.0,0.9,65.0,1.0,4.0,50.0,740.75,0.025000001577001,268604.0,275.88320007324216,60.00296399688721,685.0
0,22,11,2018,52.0,34.35,77.0,104.0,1.0,68.0,1.0,4.0,50.0,741.3125,0.0250000010970011,268744.0,275.8923999023437,60.00359599304199,700.75
1,22,11,2018,55.0,34.083333333333336,82.0,113.0,1.2,67.0,1.0,4.0,50.0,741.3125,0.0250000010970011,268744.0,275.8923999023437,60.00359599304199,700.75
2,22,11,2018,51.0,33.516666666666666,76.0,101.0,1.1,65.0,1.0,4.0,50.0,741.3125,0.0250000010970011,268744.0,275.8923999023437,60.00359599304199,700.75
3,22,11,2018,39.0,32.35,63.0,76.0,0.9,59.0,1.0,3.0,50.0,744.0625,0.0250000010909996,268568.0,275.9444998168945,60.00405999755859,789.25
4,22,11,2018,23.0,30.816666666666663,47.0,47.0,0.9,53.0,2.5,3.0,50.0,744.0625,0.0250000010909996,268568.0,275.9444998168945,60.00405999755859,789.25
5,22,11,2018,20.0,30.116666666666667,41.0,41.0,0.7,50.0,4.0,2.0,50.0,744.0625,0.0250000010909996,268568.0,275.9444998168945,60.00405999755859,789.25
6,22,11,2018,18.0,29.98333333333333,44.0,44.0,0.6,51.0,5.0,3.0,50.0,743.9375,0.0250000010880008,268028.0,275.96600006103506,60.00528799438477,777.3125
7,22,11,2018,18.0,30.15,57.0,64.0,0.7,59.0,1.0,3.0,50.0,743.9375,0.0250000010880008,268028.0,275.96600006103506,60.00528799438477,777.3125
8,22,11,2018,20.0,30.016666666666666,58.0,66.0,0.9,60.0,2.0,4.0,50.0,743.9375,0.0250000010880008,268028.0,275.96600006103506,60.00528799438477,777.3125
9,22,11,2018,21.5,29.2,62.0,73.5,0.9,60.0,6.0,4.5,50.0,744.4375,0.0250000010930001,268008.0,275.92999999999995,60.0035719909668,685.5
10,22,11,2018,23.0,28.2,66.0,81.0,0.9,60.0,10.0,5.0,50.0,744.4375,0.0250000010930001,268008.0,275.92999999999995,60.0035719909668,685.5
11,22,11,2018,23.0,27.633333333333333,58.0,65.0,0.7,56.0,18.0,4.0,50.0,744.4375,0.0250000010930001,268008.0,275.92999999999995,60.0035719909668,685.5
12,22,11,2018,21.0,27.0,51.0,54.5,0.5,44.0,30.5,4.0,50.0,742.8125,0.0250000010950006,268104.0,275.9107000732421,60.00335199737549,685.0
13,22,11,2018,19.0,26.73333333333333,44.0,44.0,0.3,32.0,43.0,4.0,50.0,742.8125,0.0250000010950006,268104.0,275.9107000732421,60.00335199737549,685.0
14,22,11,2018,24.0,27.433333333333334,48.0,48.0,0.3,32.0,48.0,4.0,50.0,742.8125,0.0250000010950006,268104.0,275.9107000732421,60.00335199737549,685.0
15,22,11,2018,29.0,28.3,52.0,53.0,0.3,33.0,48.0,4.0,50.0,741.9375,0.0250000010960008,268092.0,275.9004998779297,60.00295199584961,685.0
16,22,11,2018,28.5,29.116666666666667,52.0,53.5,0.4,37.5,43.5,4.0,50.0,741.9375,0.0250000010960008,268092.0,275.9004998779297,60.00295199584961,685.0
17,22,11,2018,28.0,30.016666666666666,52.0,54.0,0.5,42.0,39.0,4.0,50.0,741.9375,0.0250000010960008,268092.0,275.9004998779297,60.00295199584961,685.0
18,22,11,2018,41.0,31.216666666666665,67.0,83.0,0.6,58.0,24.0,4.0,50.0,737.8125,0.0250000018109995,268344.0,275.83209991455084,60.000103996276856,685.0
19,22,11,2018,49.0,32.53333333333333,69.0,87.0,0.7,64.0,20.0,5.0,50.0,737.8125,0.0250000018109995,268344.0,275.83209991455084,60.000103996276856,685.0
20,22,11,2018,74.0,34.53333333333333,99.0,113.0,0.9,88.0,5.0,6.0,50.0,737.8125,0.0250000018109995,268344.0,275.83209991455084,60.000103996276856,685.0
21,22,11,2018,82.0,36.43333333333333,109.0,127.0,1.0,86.0,2.0,6.0,50.0,735.375,0.0250000018830001,268112.0,275.7991000366211,60.000103996276856,685.0
22,22,11,2018,93.0,38.7,123.0,126.0,1.0,85.0,2.0,6.0,50.0,735.375,0.0250000018830001,268112.0,275.7991000366211,60.000103996276856,685.0
23,22,11,2018,94.0,40.93333333333333,124.0,142.0,1.1,87.0,2.0,5.0,50.0,735.375,0.0250000018830001,268112.0,275.7991000366211,60.000103996276856,685.0
0,23,11,2018,101.0,43.2,133.0,152.0,1.4,88.0,2.0,5.0,50.0,756.625,0.0250000024110004,267004.0,275.88619995117193,60.00195999145508,691.0625
1,23,11,2018,82.5,44.516666666666666,109.5,127.0,1.2999999999999998,79.5,1.5,4.5,50.0,756.625,0.0250000024110004,267004.0,275.88619995117193,60.00195999145508,691.0625
2,23,11,2018,64.0,44.98333333333333,86.0,102.0,1.2,71.0,1.0,4.0,50.0,756.625,0.0250000024110004,267004.0,275.88619995117193,60.00195999145508,691.0625
3,23,11,2018,75.0,45.71666666666667,100.0,123.0,1.2,79.0,1.0,5.0,50.0,758.8125,0.0250000022050011,266656.0,275.9217999267578,60.00545199584961,725.375
4,23,11,2018,85.0,46.78333333333333,113.0,136.0,1.2,88.0,2.0,6.0,50.0,758.8125,0.0250000022050011,266656.0,275.9217999267578,60.00545199584961,725.375
5,23,11,2018,87.0,48.016666666666666,115.0,150.0,1.2,91.0,1.0,6.0,50.0,758.8125,0.0250000022050011,266656.0,275.9217999267578,60.00545199584961,725.375
6,23,11,2018,69.0,48.583333333333336,93.0,126.0,1.2,81.0,1.0,5.0,50.0,762.0625,0.0250000022730007,266176.0,275.9339999389648,60.00775999450683,712.0625
7,23,11,2018,56.0,48.61666666666667,79.0,107.0,1.1,78.0,1.0,5.0,50.0,762.0625,0.0250000022730007,266176.0,275.9339999389648,60.00775999450683,712.0625
8,23,11,2018,56.0,48.78333333333333,83.0,115.0,1.2,76.0,2.0,5.0,50.0,762.0625,0.0250000022730007,266176.0,275.9339999389648,60.00775999450683,712.0625
9,23,11,2018,51.0,49.18333333333333,82.0,113.0,1.4,75.0,3.0,9.0,50.0,761.125,0.0250000026980005,266532.0,275.92679992675784,60.00164399719238,685.4375
10,23,11,2018,61.0,50.45,83.0,116.0,1.7,75.0,4.0,14.0,50.0,761.125,0.0250000026980005,266532.0,275.92679992675784,60.00164399719238,685.4375
11,23,11,2018,60.0,51.78333333333333,84.0,117.0,1.8,74.0,5.0,17.0,50.0,761.125,0.0250000026980005,266532.0,275.92679992675784,60.00164399719238,685.4375
12,23,11,2018,57.0,53.083333333333336,78.0,99.0,1.8,71.0,8.0,17.0,50.0,758.8125,0.0250000027350001,266996.0,275.9047998046874,60.00118799591065,685.0
13,23,11,2018,59.0,54.45,80.0,96.0,1.8,70.0,11.0,17.0,50.0,758.8125,0.0250000027350001,266996.0,275.9047998046874,60.00118799591065,685.0
14,23,11,2018,64.0,55.91666666666666,86.0,98.0,1.6,63.0,17.0,17.0,50.0,758.8125,0.0250000027350001,266996.0,275.9047998046874,60.00118799591065,685.0
15,23,11,2018,63.0,57.3,85.0,94.0,1.4,60.0,20.0,17.0,50.0,757.1875,0.0250000026760008,267168.0,275.89,60.00197199249268,685.0
16,23,11,2018,77.0,59.1,103.0,92.0,1.4,60.0,22.0,17.0,50.0,757.1875,0.0250000026760008,267168.0,275.89,60.00197199249268,685.0
17,23,11,2018,96.0,61.53333333333333,126.0,105.0,1.4,69.0,16.0,13.0,50.0,757.1875,0.0250000026760008,267168.0,275.89,60.00197199249268,685.0
18,23,11,2018,96.0,64.03333333333333,126.0,117.0,1.6,87.0,4.0,12.0,50.0,755.75,0.0250000022759996,267236.0,275.8783999633789,60.00445999145508,685.0
19,23,11,2018,109.0,67.03333333333333,143.0,132.0,1.5,84.0,4.0,9.0,50.0,755.75,0.0250000022759996,267236.0,275.8783999633789,60.00445999145508,685.0
20,23,11,2018,113.0,70.0,148.0,127.0,1.4,86.0,2.0,8.0,50.0,755.75,0.0250000022759996,267236.0,275.8783999633789,60.00445999145508,685.0
21,23,11,2018,111.0,72.73333333333333,145.0,124.0,1.5,84.0,3.0,8.0,50.0,755.9375,0.0250000020160004,267380.0,275.88169982910154,60.00207999420166,685.0
22,23,11,2018,108.0,75.38333333333334,141.0,119.0,1.6,86.0,1.0,8.0,50.0,755.9375,0.0250000020160004,267380.0,275.88169982910154,60.00207999420166,685.0
23,23,11,2018,107.0,78.01666666666667,140.0,121.0,1.7,86.0,1.0,7.0,50.0,755.9375,0.0250000020160004,267380.0,275.88169982910154,60.00207999420166,685.0
0,24,11,2018,106.0,80.18333333333334,139.0,123.0,1.6,81.0,1.0,8.0,50.0,742.3125,0.0250000022689998,267588.0,275.87829986572257,60.00331199645996,697.0625
1,24,11,2018,103.0,81.98333333333333,135.0,111.0,1.5,78.0,1.0,7.0,50.0,742.3125,0.0250000022689998,267588.0,275.87829986572257,60.00331199645996,697.0625
2,24,11,2018,105.0,83.01666666666667,138.0,105.0,1.4,75.0,1.0,4.0,50.0,742.3125,0.0250000022689998,267588.0,275.87829986572257,60.00331199645996,697.0625
3,24,11,2018,101.0,83.65,133.0,104.0,1.5,73.0,1.0,4.0,50.0,748.25,0.0250000024580005,267488.0,275.96269989013666,60.00540399169922,784.1875
4,24,11,2018,93.0,83.65,123.0,97.25,1.3,70.0,1.0,3.0,50.0,748.25,0.0250000024580005,267488.0,275.96269989013666,60.00540399169922,784.1875
5,24,11,2018,102.0,83.91666666666667,134.0,90.5,1.4,60.0,1.0,2.0,50.0,748.25,0.0250000024580005,267488.0,275.96269989013666,60.00540399169922,784.1875
6,24,11,2018,82.0,83.28333333333333,109.0,83.75,1.5,59.0,1.0,2.0,50.0,748.375,0.0250000022180006,266988.0,275.98579986572264,60.00769599151612,772.5625
7,24,11,2018,65.0,82.7,88.0,77.0,1.2,61.0,1.0,2.0,50.0,748.375,0.0250000022180006,266988.0,275.98579986572264,60.00769599151612,772.5625
8,24,11,2018,52.0,82.3,71.0,70.0,1.6,59.0,2.0,2.0,50.0,748.375,0.0250000022180006,266988.0,275.98579986572264,60.00769599151612,772.5625
9,24,11,2018,51.0,81.5,70.0,77.0,1.2,52.0,7.0,3.0,50.0,750.75,0.0250000027729999,266976.0,275.964700012207,60.00271599578858,685.4375
10,24,11,2018,52.0,80.4,71.0,85.0,1.3,60.0,9.0,5.0,50.0,750.75,0.0250000027729999,266976.0,275.964700012207,60.00271599578858,685.4375
11,24,11,2018,69.0,79.8,93.0,91.0,1.2,60.0,23.0,8.0,50.0,750.75,0.0250000027729999,266976.0,275.964700012207,60.00271599578858,685.4375
12,24,11,2018,99.0,80.8,130.0,106.0,1.1,53.0,41.0,12.0,50.0,747.625,0.0250000028130002,266996.0,275.92970001220704,60.00482399749756,685.0
13,24,11,2018,118.5,82.88333333333334,156.5,111.0,1.3,53.5,48.5,13.0,50.0,747.625,0.0250000028130002,266996.0,275.92970001220704,60.00482399749756,685.0
14,24,11,2018,138.0,85.61666666666666,183.0,116.0,1.5,54.0,56.0,14.0,50.0,747.625,0.0250000028130002,266996.0,275.92970001220704,60.00482399749756,685.0
15,24,11,2018,127.0,88.15,167.0,121.0,1.3,55.0,51.0,12.0,50.0,743.875,0.0250000025350004,266928.0,275.892200012207,60.001903991699216,685.0
16,24,11,2018,117.0,90.01666666666667,153.0,126.0,1.3,59.0,43.0,11.0,50.0,743.875,0.0250000025350004,266928.0,275.892200012207,60.001903991699216,685.0
17,24,11,2018,155.0,93.18333333333334,205.0,168.0,1.5,77.0,32.0,9.0,50.0,743.875,0.0250000025350004,266928.0,275.892200012207,60.001903991699216,685.0
18,24,11,2018,165.0,96.96666666666668,220.5,186.5,1.6,87.0,21.5,8.5,50.0,742.8125,0.0250000026709996,266792.0,275.8769000244141,60.00223199462891,685.0
19,24,11,2018,165.0,101.2,224.0,205.0,1.7,97.0,11.0,8.0,50.0,742.8125,0.0250000026709996,266792.0,275.8769000244141,60.00223199462891,685.0
20,24,11,2018,165.0,105.43333333333334,224.0,212.0,1.7,103.0,3.0,7.0,50.0,742.8125,0.0250000026709996,266792.0,275.8769000244141,60.00223199462891,685.0
21,24,11,2018,165.0,109.93333333333334,224.0,221.5,1.8,103.0,2.5,5.5,50.0,742.9375,0.0250000027799997,266912.0,275.87720001220697,60.00236799621582,685.0
22,24,11,2018,165.0,114.2,224.0,231.0,1.8,103.0,2.0,4.0,50.0,742.9375,0.0250000027799997,266912.0,275.87720001220697,60.00236799621582,685.0
23,24,11,2018,165.0,116.7,221.0,213.0,1.8,93.0,1.0,3.0,50.0,742.9375,0.0250000027799997,266912.0,275.87720001220697,60.00236799621582,685.0
0,25,11,2018,150.0,118.5,200.0,157.0,1.8,87.0,1.0,3.0,50.0,742.5,0.0250000025350004,266972.0,275.8804998779296,60.0019759979248,697.5
1,25,11,2018,145.0,119.7,193.0,155.0,1.8,85.0,1.0,2.0,50.0,742.5,0.0250000025350004,266972.0,275.8804998779296,60.0019759979248,697.5
2,25,11,2018,146.0,120.8,194.0,163.0,1.8,82.0,1.0,2.0,50.0,742.5,0.0250000025350004,266972.0,275.8804998779296,60.0019759979248,697.5
3,25,11,2018,130.0,121.43333333333334,171.0,145.0,1.7,79.0,1.0,2.0,50.0,747.5625,0.0250000023110006,266996.0,275.965,60.00250399780274,786.125
4,25,11,2018,99.0,121.13333333333334,130.0,103.0,1.4,79.0,1.0,3.0,50.0,747.5625,0.0250000023110006,266996.0,275.965,60.00250399780274,786.125
5,25,11,2018,111.0,121.26666666666668,145.0,118.0,1.5,84.0,1.0,3.0,50.0,747.5625,0.0250000023110006,266996.0,275.965,60.00250399780274,786.125
6,25,11,2018,91.0,120.76666666666668,120.0,101.0,1.4,73.0,1.0,2.0,50.0,750.25,0.0250000021480005,266584.0,276.00820007324216,60.00271599578858,772.375
7,25,11,2018,80.0,120.0,106.0,93.0,1.3,71.0,1.0,2.0,50.0,750.25,0.0250000021480005,266584.0,276.00820007324216,60.00271599578858,772.375
8,25,11,2018,64.0,118.63333333333334,86.0,81.0,1.3,67.0,1.0,2.0,50.0,750.25,0.0250000021480005,266584.0,276.00820007324216,60.00271599578858,772.375
9,25,11,2018,62.0,117.33333333333331,84.0,104.0,1.5,64.0,3.0,4.0,50.0,751.125,0.0250000024050008,266628.0,275.9797998046875,60.003483993530274,685.4375
10,25,11,2018,85.0,117.06666666666666,113.0,117.0,1.4,71.0,11.0,8.0,50.0,751.125,0.0250000024050008,266628.0,275.9797998046875,60.003483993530274,685.4375
11,25,11,2018,99.0,116.96666666666668,130.0,120.0,1.4,77.0,16.0,10.0,50.0,751.125,0.0250000024050008,266628.0,275.9797998046875,60.003483993530274,685.4375
12,25,11,2018,95.0,117.4,125.0,114.0,1.4,77.0,21.0,9.0,50.0,746.0,0.0250000026399996,266740.0,275.9189999389648,60.00228399658203,685.0
13,25,11,2018,95.0,118.4,125.0,112.0,1.3,74.0,27.0,8.0,50.0,746.0,0.0250000026399996,266740.0,275.9189999389648,60.00228399658203,685.0
14,25,11,2018,87.0,119.56666666666666,115.0,103.0,1.2,76.0,27.0,8.0,50.0,746.0,0.0250000026399996,266740.0,275.9189999389648,60.00228399658203,685.0
15,25,11,2018,82.0,120.6,109.0,105.0,1.1,69.0,31.0,8.0,50.0,743.8125,0.0250000027479995,266756.0,275.89149993896484,60.00295999145508,685.0
16,25,11,2018,76.0,121.4,101.0,100.0,1.0,63.0,34.0,8.0,50.0,743.8125,0.0250000027479995,266756.0,275.89149993896484,60.00295999145508,685.0
17,25,11,2018,81.0,121.8,108.0,112.0,1.0,75.0,22.0,8.0,50.0,743.8125,0.0250000027479995,266756.0,275.89149993896484,60.00295999145508,685.0
18,25,11,2018,100.0,121.83333333333331,131.0,135.0,1.2,98.0,6.0,8.0,50.0,742.375,0.0250000027830004,266512.0,275.8741000366211,60.00191999816894,685.0
19,25,11,2018,106.0,121.41666666666669,139.0,140.0,1.3,103.0,2.0,9.0,50.0,742.375,0.0250000027830004,266512.0,275.8741000366211,60.00191999816894,685.0
20,25,11,2018,121.0,120.85,159.0,153.0,1.4,103.0,2.0,11.0,50.0,742.375,0.0250000027830004,266512.0,275.8741000366211,60.00191999816894,685.0
21,25,11,2018,126.0,120.81666666666666,166.0,157.0,1.6,103.0,2.0,9.0,50.0,741.8125,0.0250000028269998,266448.0,275.86679992675784,60.00171199798584,685.0
22,25,11,2018,124.0,121.05,163.0,157.0,1.8,101.0,2.0,6.0,50.0,741.8125,0.0250000028269998,266448.0,275.86679992675784,60.00171199798584,685.0
23,25,11,2018,123.0,119.98333333333332,161.0,156.0,1.8,96.0,1.0,5.0,50.0,741.8125,0.0250000028269998,266448.0,275.86679992675784,60.00171199798584,685.0
0,26,11,2018,119.0,118.26666666666668,156.0,153.0,1.8,87.0,1.0,4.0,50.0,755.3125,0.025000003246,266424.0,275.8826998901367,60.00105199432373,691.0
1,26,11,2018,118.0,116.0,154.0,139.0,1.8,84.0,1.0,4.0,50.0,755.3125,0.025000003246,266424.0,275.8826998901367,60.00105199432373,691.0
2,26,11,2018,118.0,113.56666666666666,154.0,143.0,1.8,85.0,1.0,4.0,50.0,755.3125,0.025000003246,266424.0,275.8826998901367,60.00105199432373,691.0
3,26,11,2018,122.0,111.03333333333332,160.0,146.0,1.8,83.0,1.0,4.0,50.0,761.625,0.0250000034900009,266432.0,275.9375,60.00369999694824,721.8125
4,26,11,2018,115.0,108.03333333333332,150.0,140.0,1.8,82.0,1.5,4.0,50.0,761.625,0.0250000034900009,266432.0,275.9375,60.00369999694824,721.8125
5,26,11,2018,138.0,106.93333333333334,183.0,164.0,1.8,87.0,2.0,4.0,50.0,761.625,0.0250000034900009,266432.0,275.9375,60.00369999694824,721.8125
6,26,11,2018,124.0,106.06666666666666,163.0,153.0,1.8,87.0,2.0,4.0,50.0,764.0,0.0250000035820007,266064.0,275.9813998413086,60.00435199737549,724.5
7,26,11,2018,115.0,105.06666666666666,150.0,129.0,1.8,90.0,2.0,5.0,50.0,764.0,0.0250000035820007,266064.0,275.9813998413086,60.00435199737549,724.5
8,26,11,2018,118.0,104.13333333333334,154.0,149.0,1.8,89.0,2.0,4.0,50.0,764.0,0.0250000035820007,266064.0,275.9813998413086,60.00435199737549,724.5
9,26,11,2018,138.0,104.4,183.0,183.0,1.8,101.0,3.0,6.0,50.0,764.375,0.0250000039140004,266232.0,275.9644998168945,60.00389599609375,685.4375
10,26,11,2018,165.0,106.66666666666669,217.0,203.0,1.8,103.0,6.0,9.0,50.0,764.375,0.0250000039140004,266232.0,275.9644998168945,60.00389599609375,685.4375
11,26,11,2018,165.0,109.73333333333332,224.0,224.0,1.8,103.0,9.0,11.0,50.0,764.375,0.0250000039140004,266232.0,275.9644998168945,60.00389599609375,685.4375
12,26,11,2018,165.0,113.73333333333332,224.0,216.0,1.8,103.0,19.0,16.0,50.0,762.0,0.0250000048610009,266468.0,275.93579986572263,60.0027559967041,685.0
13,26,11,2018,165.0,119.0,224.0,231.0,1.8,103.0,27.0,17.0,50.0,762.0,0.0250000048610009,266468.0,275.93579986572263,60.0027559967041,685.0
14,26,11,2018,165.0,125.3,224.0,234.9499999999989,1.8,103.0,32.0,17.0,50.0,762.0,0.0250000048610009,266468.0,275.93579986572263,60.0027559967041,685.0
15,26,11,2018,165.0,131.4,224.0,234.9499999999989,1.8,103.0,31.0,17.0,50.0,759.625,0.0250000042480006,266796.0,275.9180999755859,60.00311999511719,685.0
16,26,11,2018,165.0,136.5,224.0,234.9499999999989,1.8,103.0,21.0,17.0,50.0,759.625,0.0250000042480006,266796.0,275.9180999755859,60.00311999511719,685.0
17,26,11,2018,165.0,142.9,224.0,234.9499999999989,1.8,103.0,4.0,12.0,50.0,759.625,0.0250000042480006,266796.0,275.9180999755859,60.00311999511719,685.0
18,26,11,2018,165.0,144.518333333333,224.0,234.9499999999989,1.8,103.0,2.0,9.0,50.0,763.8125,0.0250000030570011,267220.0,275.9632998657226,60.00911199188232,685.0
19,26,11,2018,165.0,144.518333333333,224.0,234.9499999999989,1.8,103.0,2.0,9.0,50.0,763.8125,0.0250000030570011,267220.0,275.9632998657226,60.00911199188232,685.0
20,26,11,2018,165.0,144.518333333333,224.0,234.9499999999989,1.8,103.0,2.0,10.0,50.0,763.8125,0.0250000030570011,267220.0,275.9632998657226,60.00911199188232,685.0
21,26,11,2018,165.0,144.518333333333,224.0,234.9499999999989,1.8,103.0,2.0,12.0,50.0,760.25,0.0250000009770002,267544.0,275.9466000366211,60.00778799438476,685.0
22,26,11,2018,165.0,144.518333333333,224.0,234.9499999999989,1.8,103.0,2.0,10.0,50.0,760.25,0.0250000009770002,267544.0,275.9466000366211,60.00778799438476,685.0
23,26,11,2018,165.0,144.518333333333,224.0,234.9499999999989,1.8,103.0,2.0,7.0,50.0,760.25,0.0250000009770002,267544.0,275.9466000366211,60.00778799438476,685.0
0,27,11,2018,165.0,144.518333333333,224.0,234.9499999999989,1.8,103.0,2.0,6.0,50.0,748.375,0.0250000026939995,267732.0,275.9397998046875,60.00911199188232,692.375
1,27,11,2018,165.0,144.518333333333,224.0,234.9499999999989,1.8,103.0,2.0,8.0,50.0,748.375,0.0250000026939995,267732.0,275.9397998046875,60.00911199188232,692.375
2,27,11,2018,130.0,144.518333333333,224.0,234.9499999999989,0.6,24.0,40.0,2.0,50.0,748.375,0.0250000026939995,267732.0,275.9397998046875,60.00911199188232,692.375
3,27,11,2018,67.0,144.518333333333,224.0,234.9499999999989,0.3,13.0,55.0,3.0,50.0,744.3125,0.0250000011590011,267920.0,275.9594998168945,60.00911199188232,789.1875
4,27,11,2018,52.0,144.518333333333,224.0,234.9499999999989,0.3,10.0,59.0,3.0,50.0,744.3125,0.0250000011590011,267920.0,275.9594998168945,60.00911199188232,789.1875
5,27,11,2018,49.0,144.518333333333,224.0,234.9499999999989,0.3,10.0,59.0,3.0,50.0,744.3125,0.0250000011590011,267920.0,275.9594998168945,60.00911199188232,789.1875
6,27,11,2018,43.0,144.518333333333,224.0,234.9499999999989,0.3,10.0,60.0,3.0,50.0,745.0625,0.0250000010550003,267572.0,275.9805999755859,60.00835199737549,774.1875
7,27,11,2018,34.0,144.518333333333,186.0,234.9499999999989,0.3,14.0,56.0,3.0,50.0,745.0625,0.0250000010550003,267572.0,275.9805999755859,60.00835199737549,774.1875
8,27,11,2018,29.0,144.518333333333,184.0,234.9499999999989,0.3,13.0,58.0,3.0,50.0,745.0625,0.0250000010550003,267572.0,275.9805999755859,60.00835199737549,774.1875
9,27,11,2018,24.0,144.518333333333,166.0,234.9499999999989,0.3,14.0,57.0,3.0,50.0,747.5,0.0250000015520006,267632.0,275.95320007324216,60.002127990722656,685.4375
10,27,11,2018,24.0,144.518333333333,136.0,222.0,0.3,15.0,57.0,3.0,50.0,747.5,0.0250000015520006,267632.0,275.95320007324216,60.002127990722656,685.4375
11,27,11,2018,20.0,144.518333333333,115.0,180.0,0.5,16.0,55.0,3.0,50.0,747.5,0.0250000015520006,267632.0,275.95320007324216,60.002127990722656,685.4375
12,27,11,2018,22.0,144.518333333333,104.0,157.0,0.5,16.0,58.0,3.0,50.0,743.875,0.0250000011229999,267652.0,275.92259979248047,60.00126399230957,685.0
13,27,11,2018,23.0,144.518333333333,96.0,142.0,0.5,15.0,59.0,1.0,50.0,743.875,0.0250000011229999,267652.0,275.92259979248047,60.00126399230957,685.0
14,27,11,2018,22.0,144.518333333333,91.0,132.0,0.5,15.0,61.0,3.0,50.0,743.875,0.0250000011229999,267652.0,275.92259979248047,60.00126399230957,685.0
15,27,11,2018,23.0,144.518333333333,100.0,149.0,0.5,15.0,62.0,3.0,50.0,742.8125,0.0250000014130007,267736.0,275.9022998046874,60.00208799743653,685.0
16,27,11,2018,27.0,144.518333333333,106.0,161.0,0.5,19.0,60.0,3.0,50.0,742.8125,0.0250000014130007,267736.0,275.9022998046874,60.00208799743653,685.0
17,27,11,2018,31.0,144.518333333333,114.0,178.0,0.6,28.0,50.0,1.0,50.0,742.8125,0.0250000014130007,267736.0,275.9022998046874,60.00208799743653,685.0
18,27,11,2018,30.0,144.518333333333,114.0,178.0,0.7,52.0,22.0,1.0,50.0,739.8125,0.025000001453001,267552.0,275.8655999755859,60.00231999206543,685.0
19,27,11,2018,42.0,144.518333333333,126.0,201.0,0.8,72.0,5.0,2.0,50.0,739.8125,0.025000001453001,267552.0,275.8655999755859,60.00231999206543,685.0
20,27,11,2018,51.0,138.9,138.0,226.0,0.8,78.0,3.0,3.0,50.0,739.8125,0.025000001453001,267552.0,275.8655999755859,60.00231999206543,685.0
21,27,11,2018,54.0,132.53333333333333,137.0,224.0,0.8,75.0,3.0,4.0,50.0,740.375,0.025000001565,267468.0,275.8694998168945,60.00203199768068,685.0
22,27,11,2018,47.0,126.16666666666669,130.0,210.0,0.8,73.0,2.0,5.0,50.0,740.375,0.025000001565,267468.0,275.8694998168945,60.00203199768068,685.0
23,27,11,2018,49.0,118.1,127.0,203.0,0.8,72.0,3.0,5.0,50.0,740.375,0.025000001565,267468.0,275.8694998168945,60.00203199768068,685.0
0,28,11,2018,60.0,110.1,141.0,232.0,0.9,75.0,2.0,7.0,50.0,743.4375,0.0250000016510002,267384.0,275.8663998413086,60.00139599609375,691.3125
1,28,11,2018,61.0,101.56666666666666,139.0,227.0,0.9,71.0,2.0,8.0,50.0,743.4375,0.0250000016510002,267384.0,275.8663998413086,60.00139599609375,691.3125
2,28,11,2018,57.0,91.9,135.0,220.0,0.9,70.0,2.0,9.0,50.0,743.4375,0.0250000016510002,267384.0,275.8663998413086,60.00139599609375,691.3125
3,28,11,2018,63.0,81.73333333333333,142.0,234.0,1.0,69.0,2.0,12.0,50.0,747.5,0.0250000019049998,267268.0,275.92759979248046,60.005519996643066,769.0
4,28,11,2018,66.0,71.76666666666667,142.0,234.0,1.1,68.0,2.5,14.0,50.0,747.5,0.0250000019049998,267268.0,275.92759979248046,60.005519996643066,769.0
5,28,11,2018,64.0,62.23333333333333,138.0,226.0,1.1,70.0,3.0,12.0,50.0,747.5,0.0250000019049998,267268.0,275.92759979248046,60.005519996643066,769.0
6,28,11,2018,67.0,53.86666666666667,139.0,228.0,1.2,74.0,3.0,8.0,50.0,747.8125,0.0250000015520006,266940.0,275.95600006103507,60.005387992858886,761.0
7,28,11,2018,66.0,46.56666666666667,151.0,234.9499999999989,1.4,77.0,3.0,8.0,50.0,747.8125,0.0250000015520006,266940.0,275.95600006103507,60.005387992858886,761.0
8,28,11,2018,56.0,44.1,147.0,234.9499999999989,1.5,79.0,3.0,7.0,50.0,747.8125,0.0250000015520006,266940.0,275.95600006103507,60.005387992858886,761.0
9,28,11,2018,40.0,43.2,118.0,186.0,1.3,70.0,3.0,6.0,50.0,749.75,0.0250000016649998,267240.0,275.93630004882806,60.00338399505616,685.4375
10,28,11,2018,41.0,42.833333333333336,117.0,184.0,1.2,70.0,6.0,8.0,50.0,749.75,0.0250000016649998,267240.0,275.93630004882806,60.00338399505616,685.4375
11,28,11,2018,44.0,42.66666666666666,116.0,182.0,1.3,73.0,8.0,10.0,50.0,749.75,0.0250000016649998,267240.0,275.93630004882806,60.00338399505616,685.4375
12,28,11,2018,56.0,43.1,120.0,189.0,1.5,79.0,10.0,17.0,50.0,747.1875,0.0250000018490012,267544.0,275.90519989013666,60.0027919921875,685.0
13,28,11,2018,75.0,44.46666666666667,122.0,193.0,1.5,82.0,11.0,17.0,50.0,747.1875,0.0250000018490012,267544.0,275.90519989013666,60.0027919921875,685.0
14,28,11,2018,74.0,45.96666666666667,127.0,203.0,1.5,78.0,14.0,17.0,50.0,747.1875,0.0250000018490012,267544.0,275.90519989013666,60.0027919921875,685.0
15,28,11,2018,61.0,47.2,130.0,209.0,1.7,77.0,14.0,17.0,50.0,744.6875,0.0250000017959997,267708.0,275.87820007324217,60.00264799499512,685.0
16,28,11,2018,73.0,48.833333333333336,125.0,200.0,1.7,89.0,7.0,17.0,50.0,744.6875,0.0250000017959997,267708.0,275.87820007324217,60.00264799499512,685.0
17,28,11,2018,71.0,50.53333333333333,127.0,203.0,1.7,92.0,3.0,17.0,50.0,744.6875,0.0250000017959997,267708.0,275.87820007324217,60.00264799499512,685.0
18,28,11,2018,61.0,51.833333333333336,131.0,212.0,1.6,90.0,2.0,16.0,50.0,743.25,0.0250000016729999,268028.0,275.86339996337887,60.00158399200439,685.0
19,28,11,2018,75.0,53.56666666666667,137.0,223.0,1.6,90.0,2.0,14.0,50.0,743.25,0.0250000016729999,268028.0,275.86339996337887,60.00158399200439,685.0
20,28,11,2018,80.0,55.5,140.0,230.0,1.6,91.0,3.0,13.0,50.0,743.25,0.0250000016729999,268028.0,275.86339996337887,60.00158399200439,685.0
21,28,11,2018,71.0,57.1,137.0,223.0,1.5,87.0,2.0,12.0,50.0,742.75,0.0250000012710001,268364.0,275.86540008544915,60.00304399108887,685.0
22,28,11,2018,75.0,58.7,145.0,234.9499999999989,1.7,89.0,2.0,12.0,50.0,742.75,0.0250000012710001,268364.0,275.86540008544915,60.00304399108887,685.0
23,28,11,2018,75.0,60.16666666666666,147.0,234.9499999999989,1.7,90.0,2.0,11.0,50.0,742.75,0.0250000012710001,268364.0,275.86540008544915,60.00304399108887,685.0
0,29,11,2018,70.0,61.5,144.0,234.9499999999989,1.7,82.0,2.0,10.0,50.0,741.5,0.0250000013810005,268624.0,275.87,60.00341999816894,695.0
1,29,11,2018,76.0,62.63333333333333,158.0,234.9499999999989,1.6,83.0,2.0,10.0,50.0,741.5,0.0250000013810005,268624.0,275.87,60.00341999816894,695.0
2,29,11,2018,74.0,63.4,143.0,234.9499999999989,1.5,83.0,2.0,12.0,50.0,741.5,0.0250000013810005,268624.0,275.87,60.00341999816894,695.0
3,29,11,2018,74.0,64.06666666666666,150.0,234.9499999999989,1.5,83.0,2.0,12.0,50.0,747.125,0.0250000021960008,268692.0,275.9339999389648,60.00453999328613,773.125
4,29,11,2018,62.0,64.56666666666666,136.0,221.0,1.7,75.0,2.0,10.0,50.0,747.125,0.0250000021960008,268692.0,275.9339999389648,60.00453999328613,773.125
5,29,11,2018,61.0,64.96666666666667,120.0,189.0,1.6,74.0,2.0,10.0,50.0,747.125,0.0250000021960008,268692.0,275.9339999389648,60.00453999328613,773.125
6,29,11,2018,58.0,64.9,117.0,183.0,1.4,71.0,2.0,9.0,50.0,746.5625,0.0250000022539999,268208.0,275.9491000366211,60.00368399810791,764.75
7,29,11,2018,53.0,64.63333333333334,115.0,179.0,1.5,72.0,2.0,9.0,50.0,746.5625,0.0250000022539999,268208.0,275.9491000366211,60.00368399810791,764.75
8,29,11,2018,52.0,64.46666666666667,112.0,174.0,1.5,74.0,2.0,9.0,50.0,746.5625,0.0250000022539999,268208.0,275.9491000366211,60.00368399810791,764.75
9,29,11,2018,58.0,64.3,124.0,197.0,1.8,87.0,3.0,11.0,50.0,748.375,0.0250000020749997,268236.0,275.93470001220703,60.00348799133301,685.4375
10,29,11,2018,66.0,64.3,136.0,222.0,1.8,83.0,4.0,12.0,50.0,748.375,0.0250000020749997,268236.0,275.93470001220703,60.00348799133301,685.4375
11,29,11,2018,68.0,64.43333333333334,121.0,192.0,1.8,71.0,10.0,17.0,50.0,748.375,0.0250000020749997,268236.0,275.93470001220703,60.00348799133301,685.4375
12,29,11,2018,68.0,64.46666666666667,114.0,177.0,1.8,64.0,14.0,17.0,50.0,745.0625,0.0250000025140009,268264.0,275.89009979248044,60.00159199523926,685.0
13,29,11,2018,65.0,64.43333333333334,104.0,158.0,1.8,59.0,19.0,17.0,50.0,745.0625,0.0250000025140009,268264.0,275.89009979248044,60.00159199523926,685.0
14,29,11,2018,64.0,64.7,97.0,144.0,1.8,58.0,22.0,17.0,50.0,745.0625,0.0250000025140009,268264.0,275.89009979248044,60.00159199523926,685.0
15,29,11,2018,67.0,65.6,102.0,154.0,1.8,63.0,21.0,17.0,50.0,744.5,0.0250000026319995,268172.0,275.8816000366211,60.00173599243164,685.0
16,29,11,2018,59.0,66.2,100.0,150.0,1.8,59.0,20.0,17.0,50.0,744.5,0.0250000026319995,268172.0,275.8816000366211,60.00173599243164,685.0
17,29,11,2018,58.0,66.66666666666667,100.0,149.0,1.7,67.0,11.0,17.0,50.0,744.5,0.0250000026319995,268172.0,275.8816000366211,60.00173599243164,685.0
18,29,11,2018,64.0,66.93333333333334,111.0,172.0,1.8,77.0,3.0,17.0,50.0,742.4375,0.0250000024360008,267932.0,275.8610998535156,60.002387992858885,685.0
19,29,11,2018,71.0,66.8,113.0,176.0,1.8,77.0,2.0,14.0,50.0,742.4375,0.0250000024360008,267932.0,275.8610998535156,60.002387992858885,685.0
20,29,11,2018,81.0,67.03333333333333,118.0,186.0,1.8,80.0,3.0,13.0,50.0,742.4375,0.0250000024360008,267932.0,275.8610998535156,60.002387992858885,685.0
21,29,11,2018,87.0,67.9,121.0,191.0,1.8,79.0,3.0,12.0,50.0,743.5,0.0250000026810001,267916.0,275.8697998046875,60.002387992858885,685.0
22,29,11,2018,89.0,68.43333333333334,118.0,184.0,1.8,78.0,2.0,12.0,50.0,743.5,0.0250000026810001,267916.0,275.8697998046875,60.002387992858885,685.0
23,29,11,2018,90.0,69.06666666666666,119.0,186.0,1.8,81.0,2.0,10.0,50.0,743.5,0.0250000026810001,267916.0,275.8697998046875,60.002387992858885,685.0
0,30,11,2018,81.0,69.73333333333333,118.0,185.0,1.8,80.0,2.0,8.0,50.0,744.375,0.025000002673,267876.0,275.8638998413086,60.002091995239255,693.9375
1,30,11,2018,71.0,69.6,110.0,169.0,1.8,71.0,2.0,7.0,50.0,744.375,0.025000002673,267876.0,275.8638998413086,60.002091995239255,693.9375
2,30,11,2018,65.0,69.1,102.0,154.0,1.8,67.0,2.0,7.0,50.0,744.375,0.025000002673,267876.0,275.8638998413086,60.002091995239255,693.9375
3,30,11,2018,63.0,68.83333333333333,103.0,156.0,1.6,72.0,2.0,7.0,50.0,748.5625,0.0250000023110006,267672.0,275.9282000732422,60.00160799407959,765.25
4,30,11,2018,79.0,68.96666666666667,116.0,182.0,1.7,76.0,2.0,7.0,50.0,748.5625,0.0250000023110006,267672.0,275.9282000732422,60.00160799407959,765.25
5,30,11,2018,70.0,68.8,112.0,173.0,1.7,74.0,2.0,6.0,50.0,748.5625,0.0250000023110006,267672.0,275.9282000732422,60.00160799407959,765.25
6,30,11,2018,67.0,68.7,103.0,155.0,1.8,76.0,2.0,7.0,50.0,751.25,0.0250000027350001,267264.0,275.9682998657226,60.00425199127197,757.0625
7,30,11,2018,63.0,68.26666666666667,101.0,151.0,1.8,74.0,2.0,6.0,50.0,751.25,0.0250000027350001,267264.0,275.9682998657226,60.00425199127197,757.0625
8,30,11,2018,59.0,67.76666666666667,102.0,153.0,1.8,72.0,2.0,5.0,50.0,751.25,0.0250000027350001,267264.0,275.9682998657226,60.00425199127197,757.0625
9,30,11,2018,59.0,67.26666666666667,101.0,151.0,1.8,67.0,4.0,6.0,50.0,752.5625,0.0250000030790008,267452.0,275.94779998779296,60.00196799468994,685.375
10,30,11,2018,68.0,67.46666666666667,107.0,163.0,1.7,66.0,7.0,10.0,50.0,752.5625,0.0250000030790008,267452.0,275.94779998779296,60.00196799468994,685.375
11,30,11,2018,79.0,68.06666666666666,109.0,168.0,1.8,76.0,11.0,14.0,50.0,752.5625,0.0250000030790008,267452.0,275.94779998779296,60.00196799468994,685.375
12,30,11,2018,89.0,69.1,118.0,182.0,1.8,76.0,15.0,15.0,50.0,748.1875,0.0250000032669995,267684.0,275.8988998413085,60.00191599273682,685.0
13,30,11,2018,93.6,70.45333333333333,88.5,124.5,1.7000000000000002,79.0,17.5,15.0,50.0,748.1875,0.0250000032669995,267684.0,275.8988998413085,60.00191599273682,685.0
14,30,11,2018,98.2,71.99333333333333,59.0,67.0,1.6,82.0,20.0,15.0,50.0,748.1875,0.0250000032669995,267684.0,275.8988998413085,60.00191599273682,685.0
15,30,11,2018,102.8,73.48666666666666,43.0,139.0,1.4,85.0,23.0,15.0,50.0,746.75,0.025000003258001,267952.0,275.8826998901367,60.00207599639893,685.0
16,30,11,2018,107.4,74.86666666666666,131.0,211.0,1.4,87.0,20.0,14.0,50.0,746.75,0.025000003258001,267952.0,275.8826998901367,60.00207599639893,685.0
17,30,11,2018,112.0,76.33333333333333,146.0,211.0,1.4,90.0,14.0,11.0,50.0,746.75,0.025000003258001,267952.0,275.8826998901367,60.00207599639893,685.0
18,30,11,2018,114.0,77.86666666666666,149.0,228.0,1.4,102.0,3.0,9.0,50.0,745.4375,0.025000003161,268048.0,275.8694998168945,60.00175999450683,685.0
19,30,11,2018,122.0,79.76666666666667,160.0,234.9499999999989,1.6,103.0,2.0,9.0,50.0,745.4375,0.025000003161,268048.0,275.8694998168945,60.00175999450683,685.0
20,30,11,2018,129.0,81.93333333333334,170.0,234.9499999999989,1.8,103.0,2.0,7.0,50.0,745.4375,0.025000003161,268048.0,275.8694998168945,60.00175999450683,685.0
21,30,11,2018,129.0,84.0,170.0,234.9499999999989,1.8,103.0,2.0,7.0,50.0,745.1875,0.0250000027440004,268008.0,275.87220001220703,60.00326399230957,685.0
22,30,11,2018,126.0,86.23333333333333,166.0,234.9499999999989,1.8,103.0,2.0,5.0,50.0,745.1875,0.0250000027440004,268008.0,275.87220001220703,60.00326399230957,685.0
23,30,11,2018,125.0,88.46666666666667,164.0,234.9499999999989,1.8,103.0,2.0,5.0,50.0,745.1875,0.0250000027440004,268008.0,275.87220001220703,60.00326399230957,685.0
0,1,12,2018,117.0,90.23333333333332,153.0,234.9499999999989,1.8,101.0,1.0,4.0,50.0,749.125,0.0250000028600003,268004.0,275.85949981689447,60.001595993042,691.9375
1,1,12,2018,111.0,91.56666666666666,145.0,222.0,1.7,93.0,1.0,7.0,50.0,749.125,0.0250000028600003,268004.0,275.85949981689447,60.001595993042,691.9375
2,1,12,2018,112.0,92.6,146.0,220.0,1.75,91.0,1.0,10.0,50.0,749.125,0.0250000028600003,268004.0,275.85949981689447,60.001595993042,691.9375
3,1,12,2018,104.0,93.16666666666669,136.0,198.0,1.8,88.0,1.5,4.0,50.0,756.3125,0.0250000032540001,267816.0,275.9327999877929,60.00207599639893,738.8125
4,1,12,2018,96.0,93.4,126.0,176.0,1.5,90.5,2.0,4.0,50.0,756.3125,0.0250000032540001,267816.0,275.9327999877929,60.00207599639893,738.8125
5,1,12,2018,92.0,93.46666666666668,121.0,161.0,1.6,93.0,2.0,4.0,50.0,756.3125,0.0250000032540001,267816.0,275.9327999877929,60.00207599639893,738.8125
6,1,12,2018,79.0,93.4,105.0,142.0,1.5,86.0,2.0,4.0,50.0,757.875,0.0250000035200007,267304.0,275.9607000732421,60.003103996276856,735.125
7,1,12,2018,73.0,93.46666666666668,98.0,131.0,1.5,83.0,2.0,4.0,50.0,757.875,0.0250000035200007,267304.0,275.9607000732421,60.003103996276856,735.125
8,1,12,2018,75.0,93.8,100.0,143.0,1.8,84.0,2.0,4.0,50.0,757.875,0.0250000035200007,267304.0,275.9607000732421,60.003103996276856,735.125
9,1,12,2018,83.0,94.46666666666668,110.0,165.0,1.7,78.0,3.0,5.0,50.0,758.375,0.0250000035220012,267152.0,275.94679992675776,60.00289199066162,685.375
10,1,12,2018,79.0,94.46666666666668,105.0,152.0,1.6,77.0,6.0,8.0,50.0,758.375,0.0250000035220012,267152.0,275.94679992675776,60.00289199066162,685.375
11,1,12,2018,83.0,94.9,110.0,154.0,1.6,85.0,9.0,11.0,50.0,758.375,0.0250000035220012,267152.0,275.94679992675776,60.00289199066162,685.375
12,1,12,2018,118.0,96.6,154.0,205.0,1.6,96.0,13.0,11.0,50.0,757.375,0.0250000033480003,267128.0,275.9382000732422,60.00155599212646,685.0
13,1,12,2018,135.0,99.0,179.0,234.9499999999989,1.7,103.0,17.0,12.0,50.0,757.375,0.0250000033480003,267128.0,275.9382000732422,60.00155599212646,685.0
14,1,12,2018,148.0,101.96666666666668,197.0,234.9499999999989,1.5,96.0,28.0,12.0,50.0,757.375,0.0250000033480003,267128.0,275.9382000732422,60.00155599212646,685.0
15,1,12,2018,155.0,105.16666666666669,205.0,234.9499999999989,1.4,82.0,40.0,10.0,50.0,757.3125,0.0250000036040004,266960.0,275.9357000732422,60.00146399688721,685.0
16,1,12,2018,165.0,108.86666666666666,224.0,234.9499999999989,1.6,94.0,29.0,8.0,50.0,757.3125,0.0250000036040004,266960.0,275.9357000732422,60.00146399688721,685.0
17,1,12,2018,165.0,112.73333333333332,224.0,234.9499999999989,1.6,93.0,27.0,5.0,50.0,757.3125,0.0250000036040004,266960.0,275.9357000732422,60.00146399688721,685.0
18,1,12,2018,165.0,116.16666666666669,224.0,234.9499999999989,1.5,79.0,31.0,5.0,50.0,757.4375,0.0250000042350012,266308.0,275.9314999389648,60.00151999664307,685.0
19,1,12,2018,165.0,119.64666666666668,224.0,234.9499999999989,1.4,75.0,32.0,6.0,50.0,757.4375,0.0250000042350012,266308.0,275.9314999389648,60.00151999664307,685.0
20,1,12,2018,165.0,122.90666666666668,224.0,234.9499999999989,1.5,101.0,8.0,7.0,50.0,757.4375,0.0250000042350012,266308.0,275.9314999389648,60.00151999664307,685.0
21,1,12,2018,165.0,126.44666666666669,224.0,234.9499999999989,1.6,102.0,4.0,9.0,50.0,757.5,0.0250000046190004,265984.0,275.9282000732422,60.00133199310303,685.0
22,1,12,2018,165.0,129.73333333333332,224.0,234.9499999999989,1.5,100.0,4.0,9.0,50.0,757.5,0.0250000046190004,265984.0,275.9282000732422,60.00133199310303,685.0
23,1,12,2018,165.0,132.9,224.0,234.9499999999989,1.6,101.0,2.0,8.0,50.0,757.5,0.0250000046190004,265984.0,275.9282000732422,60.00133199310303,685.0
0,2,12,2018,165.0,135.86666666666667,224.0,234.9499999999989,1.5,98.0,2.0,7.0,50.0,763.125,0.0250000048240013,265996.0,275.92329986572264,60.00200399780272,690.6875
1,2,12,2018,165.0,138.46666666666667,224.0,234.9499999999989,1.6,92.0,2.0,6.0,50.0,763.125,0.0250000048240013,265996.0,275.92329986572264,60.00200399780272,690.6875
2,2,12,2018,165.0,140.83333333333334,224.0,234.9499999999989,1.6,95.0,2.0,4.0,50.0,763.125,0.0250000048240013,265996.0,275.92329986572264,60.00200399780272,690.6875
3,2,12,2018,165.0,143.06666666666666,224.0,234.9499999999989,1.5,88.0,3.0,3.0,50.0,764.875,0.0250000049109999,265924.0,275.93470001220703,60.00276399230957,706.75
4,2,12,2018,165.0,144.518333333333,224.0,234.9499999999989,1.5,90.0,2.0,3.0,50.0,764.875,0.0250000049109999,265924.0,275.93470001220703,60.00276399230957,706.75
5,2,12,2018,165.0,144.518333333333,224.0,234.9499999999989,1.6,84.0,1.0,3.0,50.0,764.875,0.0250000049109999,265924.0,275.93470001220703,60.00276399230957,706.75
6,2,12,2018,165.0,144.518333333333,224.0,233.0,1.7,87.0,1.0,2.0,50.0,765.5,0.0250000049550011,265676.0,275.9433999633789,60.00441599273682,707.5
7,2,12,2018,165.0,144.518333333333,224.0,233.0,1.7,91.0,1.0,3.0,50.0,765.5,0.0250000049550011,265676.0,275.9433999633789,60.00441599273682,707.5
8,2,12,2018,165.0,144.518333333333,224.0,234.9499999999989,1.6,79.0,2.0,2.0,50.0,765.5,0.0250000049550011,265676.0,275.9433999633789,60.00441599273682,707.5
9,2,12,2018,165.0,144.518333333333,222.0,228.0,1.5,76.0,3.0,2.0,50.0,765.3125,0.0250000046939998,265728.0,275.943099975586,60.00199599456787,685.375
10,2,12,2018,165.0,144.518333333333,223.0,223.0,1.8,94.0,3.0,3.0,50.0,765.3125,0.0250000046939998,265728.0,275.943099975586,60.00199599456787,685.375
11,2,12,2018,165.0,144.518333333333,224.0,234.9499999999989,1.8,103.0,3.0,5.0,50.0,765.3125,0.0250000046939998,265728.0,275.943099975586,60.00199599456787,685.375
12,2,12,2018,165.0,144.518333333333,223.0,234.9499999999989,1.8,103.0,4.0,6.0,50.0,762.0,0.0250000043800007,265960.0,275.915,60.00183199310303,685.0
13,2,12,2018,165.0,144.518333333333,224.0,234.9499999999989,1.8,103.0,4.0,7.0,50.0,762.0,0.0250000043800007,265960.0,275.915,60.00183199310303,685.0
14,2,12,2018,165.0,144.518333333333,224.0,234.9499999999989,1.8,103.0,4.0,6.0,50.0,762.0,0.0250000043800007,265960.0,275.915,60.00183199310303,685.0
15,2,12,2018,165.0,144.518333333333,224.0,234.9499999999989,1.8,103.0,5.0,6.0,50.0,762.75,0.0250000044999998,266256.0,275.92119995117184,60.00151599121094,685.0
16,2,12,2018,165.0,144.518333333333,224.0,234.9499999999989,1.8,103.0,4.0,5.0,50.0,762.75,0.0250000044999998,266256.0,275.92119995117184,60.00151599121094,685.0
17,2,12,2018,165.0,144.518333333333,224.0,234.9499999999989,1.8,100.0,2.0,4.0,50.0,762.75,0.0250000044999998,266256.0,275.92119995117184,60.00151599121094,685.0
18,2,12,2018,165.0,144.518333333333,224.0,234.9499999999989,1.8,98.0,1.0,3.0,50.0,764.5625,0.0250000021689999,266532.0,275.94709991455073,60.00367599487305,685.0
19,2,12,2018,165.0,144.518333333333,224.0,234.9499999999989,1.8,100.0,1.0,3.0,50.0,764.5625,0.0250000021689999,266532.0,275.94709991455073,60.00367599487305,685.0
20,2,12,2018,165.0,144.518333333333,224.0,234.9499999999989,1.8,91.0,1.0,3.0,50.0,764.5625,0.0250000021689999,266532.0,275.94709991455073,60.00367599487305,685.0
21,2,12,2018,165.0,144.518333333333,224.0,234.9499999999989,1.8,78.0,1.0,2.0,50.0,763.625,0.0250000029010009,266652.0,275.93579986572263,60.00911199188232,685.0
22,2,12,2018,165.0,144.518333333333,224.0,234.9499999999989,1.8,72.0,1.0,2.0,50.0,763.625,0.0250000029010009,266652.0,275.93579986572263,60.00911199188232,685.0
23,2,12,2018,165.0,144.518333333333,221.0,234.0,1.8,67.0,1.0,2.0,50.0,763.625,0.0250000029010009,266652.0,275.93579986572263,60.00911199188232,685.0
0,3,12,2018,165.0,144.518333333333,216.0,207.0,1.8,55.0,1.0,1.0,50.0,745.3125,0.0250000010510012,267072.0,275.927200012207,60.00683999633789,690.4375
1,3,12,2018,156.0,144.518333333333,206.0,184.0,1.8,48.0,1.0,1.0,50.0,745.3125,0.0250000010510012,267072.0,275.927200012207,60.00683999633789,690.4375
2,3,12,2018,153.0,144.518333333333,203.0,169.0,1.8,48.0,1.0,1.0,50.0,745.3125,0.0250000010510012,267072.0,275.927200012207,60.00683999633789,690.4375
3,3,12,2018,152.0,144.518333333333,202.0,234.9499999999989,1.7,48.0,2.0,1.0,50.0,743.6875,0.0250000008819997,267488.0,275.93239990234366,60.00911199188232,777.1875
4,3,12,2018,118.0,144.518333333333,188.0,234.9499999999989,0.3,21.0,39.0,2.0,50.0,743.6875,0.0250000008819997,267488.0,275.93239990234366,60.00911199188232,777.1875
5,3,12,2018,99.0,144.518333333333,224.0,234.9499999999989,0.3,10.0,55.0,1.0,50.0,743.6875,0.0250000008819997,267488.0,275.93239990234366,60.00911199188232,777.1875
6,3,12,2018,75.0,144.518333333333,224.0,234.9499999999989,0.3,10.0,57.0,3.0,50.0,741.375,0.0250000007700007,267320.0,275.9469998168945,60.007603996276856,772.125
7,3,12,2018,70.0,144.518333333333,224.0,234.9499999999989,0.3,11.0,56.0,3.0,50.0,741.375,0.0250000007700007,267320.0,275.9469998168945,60.007603996276856,772.125
8,3,12,2018,58.0,144.518333333333,224.0,234.9499999999989,0.3,11.0,57.0,3.0,50.0,741.375,0.0250000007700007,267320.0,275.9469998168945,60.007603996276856,772.125
9,3,12,2018,53.0,144.518333333333,193.0,234.9499999999989,0.3,12.0,55.0,3.0,50.0,746.25,0.0250000013220012,267640.0,275.93119995117183,60.00475999450683,685.4375
10,3,12,2018,46.0,144.518333333333,180.0,234.9499999999989,0.3,16.0,52.0,3.0,50.0,746.25,0.0250000013220012,267640.0,275.93119995117183,60.00475999450683,685.4375
11,3,12,2018,39.0,144.518333333333,155.0,234.9499999999989,0.3,10.0,60.0,3.0,50.0,746.25,0.0250000013220012,267640.0,275.93119995117183,60.00475999450683,685.4375
12,3,12,2018,38.0,143.0,141.0,231.0,0.3,9.0,61.0,3.0,50.0,744.5,0.0250000011650007,267996.0,275.914700012207,60.00418799591064,685.0
13,3,12,2018,36.0,138.4,130.0,210.0,0.3,13.0,58.0,3.0,50.0,744.5,0.0250000011650007,267996.0,275.914700012207,60.00418799591064,685.0
14,3,12,2018,32.0,133.66666666666666,129.0,208.0,0.3,16.0,53.0,3.0,50.0,744.5,0.0250000011650007,267996.0,275.914700012207,60.00418799591064,685.0
15,3,12,2018,27.5,128.85,53.0,55.0,0.3,16.0,53.0,1.0,50.0,740.8125,0.0250000002670008,268032.0,275.9023999023437,60.00290799713135,685.0
16,3,12,2018,23.0,123.85,33.0,107.5,0.3,20.0,51.0,1.0,50.0,740.8125,0.0250000002670008,268032.0,275.9023999023437,60.00290799713135,685.0
17,3,12,2018,28.0,118.98333333333332,105.0,160.0,0.3,24.0,47.0,3.0,50.0,740.8125,0.0250000002670008,268032.0,275.9023999023437,60.00290799713135,685.0
18,3,12,2018,29.0,114.18333333333334,98.0,145.0,0.3,38.0,33.0,3.0,50.0,740.125,0.0250000003319997,268420.0,275.8904000854492,60.00314399719238,685.0
19,3,12,2018,24.0,109.11666666666666,89.0,127.0,0.3,54.0,18.0,1.0,50.0,740.125,0.0250000003319997,268420.0,275.8904000854492,60.00314399719238,685.0
20,3,12,2018,26.0,104.05,85.0,120.0,0.3,47.0,22.0,1.0,50.0,740.125,0.0250000003319997,268420.0,275.8904000854492,60.00314399719238,685.0
21,3,12,2018,25.0,98.85,88.0,126.0,0.5,51.0,16.0,2.0,50.0,742.125,0.0250000013740006,268488.0,275.88209991455074,60.00479999542236,685.0
22,3,12,2018,19.0,93.21666666666668,85.0,119.0,0.3,47.0,17.0,1.0,50.0,742.125,0.0250000013740006,268488.0,275.88209991455074,60.00479999542236,685.0
23,3,12,2018,17.0,87.35,71.0,92.0,0.3,53.0,11.0,3.0,50.0,742.125,0.0250000013740006,268488.0,275.88209991455074,60.00479999542236,685.0
0,4,12,2018,15.0,81.51666666666667,65.0,79.0,0.3,59.0,5.0,1.0,50.0,742.1875,0.0250000018739998,268792.0,275.89190002441404,60.00608799743652,695.125
1,4,12,2018,15.0,75.81666666666666,68.0,86.0,0.5,61.0,2.0,1.0,50.0,742.1875,0.0250000018739998,268792.0,275.89190002441404,60.00608799743652,695.125
2,4,12,2018,18.0,69.78333333333333,63.0,75.0,0.3,61.0,2.0,2.0,50.0,742.1875,0.0250000018739998,268792.0,275.89190002441404,60.00608799743652,695.125
3,4,12,2018,12.0,63.95,56.0,61.0,0.3,45.0,15.0,1.0,50.0,740.125,0.0250000014150012,268796.0,275.90369995117186,60.007047996521,782.6875
4,4,12,2018,13.0,58.45,62.0,73.0,0.3,51.0,8.0,1.0,50.0,740.125,0.0250000014150012,268796.0,275.90369995117186,60.007047996521,782.6875
5,4,12,2018,19.0,53.38333333333333,74.0,98.0,0.5,59.0,1.0,3.0,50.0,740.125,0.0250000014150012,268796.0,275.90369995117186,60.007047996521,782.6875
6,4,12,2018,16.0,48.38333333333333,70.0,89.0,0.3,53.0,8.0,3.0,50.0,738.25,0.0250000005949996,268420.0,275.914700012207,60.004815994262685,772.5
7,4,12,2018,17.0,43.75,76.0,101.0,0.3,27.0,39.0,2.0,50.0,738.25,0.0250000005949996,268420.0,275.914700012207,60.004815994262685,772.5
8,4,12,2018,17.0,39.21666666666667,81.0,112.0,0.3,15.0,51.0,1.0,50.0,738.25,0.0250000005949996,268420.0,275.914700012207,60.004815994262685,772.5
9,4,12,2018,16.0,34.68333333333333,82.0,114.0,0.3,15.0,52.0,1.0,50.0,739.8125,0.0250000005789995,268588.0,275.9,60.00479999542236,685.4375
10,4,12,2018,19.0,31.383333333333333,79.0,107.0,0.3,13.0,53.0,1.0,50.0,739.8125,0.0250000005789995,268588.0,275.9,60.00479999542236,685.4375
11,4,12,2018,14.0,28.55,79.0,108.0,0.3,11.0,57.0,2.0,50.0,739.8125,0.0250000005789995,268588.0,275.9,60.00479999542236,685.4375
12,4,12,2018,16.0,26.58333333333333,77.0,103.0,0.3,11.0,57.0,2.0,50.0,740.4375,0.0250000014810003,268828.0,275.8797998046875,60.001815994262685,685.0
13,4,12,2018,13.0,24.683333333333334,74.0,97.0,0.3,11.0,57.0,2.0,50.0,740.4375,0.0250000014810003,268828.0,275.8797998046875,60.001815994262685,685.0
14,4,12,2018,14.0,23.216666666666665,68.0,86.0,0.3,10.0,57.0,1.0,50.0,740.4375,0.0250000014810003,268828.0,275.8797998046875,60.001815994262685,685.0
15,4,12,2018,15.0,21.95,63.0,76.0,0.3,10.0,57.0,1.0,50.0,739.4375,0.0250000019070003,268940.0,275.85759979248047,60.00210799407959,685.0
16,4,12,2018,11.0,20.78333333333333,59.0,67.0,0.3,13.0,55.0,1.0,50.0,739.4375,0.0250000019070003,268940.0,275.85759979248047,60.00210799407959,685.0
17,4,12,2018,10.0,19.816666666666663,58.0,66.0,0.3,20.0,47.0,1.0,50.0,739.4375,0.0250000019070003,268940.0,275.85759979248047,60.00210799407959,685.0
18,4,12,2018,9.0,18.85,57.0,64.0,0.3,41.0,27.0,1.0,50.0,737.75,0.0250000019579995,268800.0,275.8352999877929,60.00143999481201,685.0
19,4,12,2018,10.0,17.983333333333334,61.0,72.0,0.6,60.0,9.0,1.0,50.0,737.75,0.0250000019579995,268800.0,275.8352999877929,60.00143999481201,685.0
20,4,12,2018,13.0,17.35,60.0,69.0,0.6,58.0,11.0,1.0,50.0,737.75,0.0250000019579995,268800.0,275.8352999877929,60.00143999481201,685.0
21,4,12,2018,12.0,16.833333333333332,56.0,62.0,0.7,65.0,4.0,1.0,50.0,737.25,0.025000001910001,268652.0,275.82979980468747,60.00189199066162,685.0
22,4,12,2018,27.0,16.966666666666665,80.0,110.0,0.9,77.0,2.0,3.0,50.0,737.25,0.025000001910001,268652.0,275.82979980468747,60.00189199066162,685.0
23,4,12,2018,36.0,17.233333333333334,95.0,140.0,0.9,73.0,2.0,4.0,50.0,737.25,0.025000001910001,268652.0,275.82979980468747,60.00189199066162,685.0
0,5,12,2018,30.0,17.266666666666666,83.0,115.0,0.9,61.0,2.0,4.0,50.0,754.125,0.0250000019490011,268580.0,275.8538000488281,60.00172399139405,688.1875
1,5,12,2018,24.0,17.266666666666666,75.0,99.0,0.9,55.0,2.0,4.0,50.0,754.125,0.0250000019490011,268580.0,275.8538000488281,60.00172399139405,688.1875
2,5,12,2018,20.0,17.066666666666666,63.0,75.0,0.8,53.0,2.0,3.0,50.0,754.125,0.0250000019490011,268580.0,275.8538000488281,60.00172399139405,688.1875
3,5,12,2018,24.0,17.033333333333335,70.0,90.0,0.9,57.0,1.0,3.0,50.00010000228882,756.125,0.0250000012299995,268344.0,275.87919982910154,60.00418399810791,713.375
4,5,12,2018,23.0,17.166666666666668,66.0,81.0,0.9,58.0,1.0,3.0,50.00010000228882,756.125,0.0250000012299995,268344.0,275.87919982910154,60.00418399810791,713.375
5,5,12,2018,32.0,17.666666666666668,76.0,102.0,1.1,68.0,1.0,3.0,50.00010000228882,756.125,0.0250000012299995,268344.0,275.87919982910154,60.00418399810791,713.375
6,5,12,2018,34.0,18.3,79.0,107.0,1.4,70.0,1.0,4.0,50.0,756.8125,0.0250000015230011,267784.0,275.8923999023437,60.00336799621582,711.4375
7,5,12,2018,36.0,19.0,88.0,125.0,1.3,78.0,1.0,6.0,50.0,756.8125,0.0250000015230011,267784.0,275.8923999023437,60.00336799621582,711.4375
8,5,12,2018,34.0,19.53333333333333,92.0,133.0,1.3,70.0,1.0,5.0,50.0,756.8125,0.0250000015230011,267784.0,275.8923999023437,60.00336799621582,711.4375
9,5,12,2018,31.0,20.166666666666668,94.0,137.0,1.4,75.0,2.0,6.0,50.0,758.125,0.0250000023830011,267784.0,275.8898999023437,60.005207992553714,685.375
10,5,12,2018,43.0,21.166666666666668,102.0,153.0,1.2,84.0,2.0,7.0,50.0,758.125,0.0250000023830011,267784.0,275.8898999023437,60.005207992553714,685.375
11,5,12,2018,40.0,21.866666666666667,100.0,150.0,1.3,79.0,3.0,6.0,50.0,758.125,0.0250000023830011,267784.0,275.8898999023437,60.005207992553714,685.375
12,5,12,2018,39.0,22.633333333333333,97.0,144.0,1.2,80.0,3.0,7.0,50.0,757.1875,0.0250000027959998,268036.0,275.8789999389648,60.00342399597168,685.0
13,5,12,2018,43.0,23.5,96.0,142.0,1.0,71.0,6.0,11.0,50.0,757.1875,0.0250000027959998,268036.0,275.8789999389648,60.00342399597168,685.0
14,5,12,2018,51.0,24.633333333333333,104.0,158.0,1.0,59.0,12.0,16.0,50.0,757.1875,0.0250000027959998,268036.0,275.8789999389648,60.00342399597168,685.0
15,5,12,2018,53.0,25.866666666666667,99.0,147.0,1.0,57.0,12.0,17.0,50.0,756.1875,0.0250000025000013,268168.0,275.87119995117183,60.00217199707031,685.0
16,5,12,2018,51.0,26.933333333333334,98.0,146.0,1.0,55.0,11.0,17.0,50.0,756.1875,0.0250000025000013,268168.0,275.87119995117183,60.00217199707031,685.0
17,5,12,2018,56.0,28.33333333333333,116.0,182.0,1.0,59.0,5.0,10.0,50.0,756.1875,0.0250000025000013,268168.0,275.87119995117183,60.00217199707031,685.0
18,5,12,2018,59.0,29.766666666666666,118.0,185.0,1.1,61.0,3.0,6.0,50.0,757.125,0.0250000020160004,268544.0,275.8819998168945,60.00911199188232,685.0
19,5,12,2018,61.0,31.366666666666667,109.0,168.0,1.0,58.0,2.0,4.0,50.0,757.125,0.0250000020160004,268544.0,275.8819998168945,60.00911199188232,685.0
20,5,12,2018,61.0,32.93333333333333,103.0,156.0,1.0,58.0,1.0,4.0,50.0,757.125,0.0250000020160004,268544.0,275.8819998168945,60.00911199188232,685.0
21,5,12,2018,63.0,34.53333333333333,101.0,152.0,1.1,58.0,1.0,4.0,50.0,754.1875,0.0250000017380006,268772.0,275.8552999877929,60.0090119934082,685.0
22,5,12,2018,56.0,36.03333333333333,77.0,103.0,1.2,69.0,1.0,8.0,50.0,754.1875,0.0250000017380006,268772.0,275.8552999877929,60.0090119934082,685.0
23,5,12,2018,54.0,37.5,100.0,149.0,1.2,71.0,1.0,8.0,50.0,754.1875,0.0250000017380006,268772.0,275.8552999877929,60.0090119934082,685.0
0,6,12,2018,59.0,39.16666666666666,108.0,166.0,1.3,67.0,1.0,7.0,50.0,736.5625,0.025000001120001,269340.0,275.83850006103506,60.00911199188232,695.1875
1,6,12,2018,46.0,40.36666666666667,90.0,130.0,1.1,67.0,1.0,7.0,50.0,736.5625,0.025000001120001,269340.0,275.83850006103506,60.00911199188232,695.1875
2,6,12,2018,19.0,40.56666666666667,65.0,80.0,0.7,54.0,9.0,5.0,50.0,736.5625,0.025000001120001,269340.0,275.83850006103506,60.00911199188232,695.1875
3,6,12,2018,8.0,40.43333333333333,39.0,39.0,0.3,16.0,43.0,3.0,50.0,732.8125,0.0250000002849996,269596.0,275.8454998779297,60.00911199188232,787.3125
4,6,12,2018,1.0,39.56666666666667,51.0,52.0,0.3,11.0,47.0,2.0,50.0,732.8125,0.0250000002849996,269596.0,275.8454998779297,60.00911199188232,787.3125
5,6,12,2018,3.0,38.46666666666667,30.0,30.0,0.3,11.0,51.0,3.0,50.0,732.8125,0.0250000002849996,269596.0,275.8454998779297,60.00911199188232,787.3125
6,6,12,2018,5.0,37.63333333333333,52.0,54.0,0.3,7.0,59.0,3.0,50.0,733.25,0.0250000004009995,269596.0,275.8579000854492,60.00721199798584,772.9375
7,6,12,2018,4.0,36.96666666666667,48.0,48.0,0.3,7.0,61.0,3.0,50.0,733.25,0.0250000004009995,269596.0,275.8579000854492,60.00721199798584,772.9375
8,6,12,2018,2.0,36.36666666666667,49.0,49.0,0.3,8.0,59.0,3.0,50.0,733.25,0.0250000004009995,269596.0,275.8579000854492,60.00721199798584,772.9375
9,6,12,2018,1.0,35.6,30.0,30.0,0.5,10.0,54.0,3.0,50.0,734.75,0.0250000003239996,269596.0,275.8442999267578,60.00773999786377,685.4375
10,6,12,2018,4.0,34.96666666666667,19.0,19.0,0.5,9.0,53.0,3.0,50.0,734.75,0.0250000003239996,269596.0,275.8442999267578,60.00773999786377,685.4375
11,6,12,2018,4.0,34.03333333333333,18.0,18.0,0.5,7.0,56.0,3.0,50.0,734.75,0.0250000003239996,269596.0,275.8442999267578,60.00773999786377,685.4375
12,6,12,2018,3.0,33.0,19.0,19.0,0.3,6.0,57.0,3.0,50.0,733.4375,0.0250000002980008,269596.0,275.82820007324216,60.00615199279786,685.0
13,6,12,2018,3.0,31.9,41.0,41.0,0.5,6.0,57.0,3.0,50.0,733.4375,0.0250000002980008,269596.0,275.82820007324216,60.00615199279786,685.0
14,6,12,2018,3.0,30.866666666666667,43.0,43.0,0.5,6.0,58.0,3.0,50.0,733.4375,0.0250000002980008,269596.0,275.82820007324216,60.00615199279786,685.0
15,6,12,2018,4.0,29.966666666666665,40.0,40.0,0.5,7.0,58.0,3.0,50.0,733.75,0.0250000003750007,269596.0,275.82829986572256,60.00487599182129,685.0
16,6,12,2018,3.0,28.633333333333333,45.0,45.0,0.5,7.0,59.0,3.0,50.0,733.75,0.0250000003750007,269596.0,275.82829986572256,60.00487599182129,685.0
17,6,12,2018,3.0,27.4,35.0,35.0,0.6,11.0,54.0,3.0,50.0,733.75,0.0250000003750007,269596.0,275.82829986572256,60.00487599182129,685.0
18,6,12,2018,5.0,26.266666666666666,43.0,43.0,0.6,16.0,48.0,3.0,50.0,731.625,0.0250000003680009,269596.0,275.79919982910155,60.00564399719238,685.0
19,6,12,2018,3.0,24.933333333333334,37.0,37.0,0.7,16.0,47.0,3.0,50.0,731.625,0.0250000003680009,269596.0,275.79919982910155,60.00564399719238,685.0
20,6,12,2018,2.0,23.3,32.0,32.0,0.7,22.0,39.0,3.0,50.0,731.625,0.0250000003680009,269596.0,275.79919982910155,60.00564399719238,685.0
21,6,12,2018,4.0,21.666666666666668,31.0,31.0,0.7,16.0,45.0,3.0,50.0,731.125,0.0250000003880001,269596.0,275.7907000732422,60.0075239944458,685.0
22,6,12,2018,3.0,20.066666666666663,23.0,23.0,0.7,15.0,45.0,3.0,50.0,731.125,0.0250000003880001,269596.0,275.7907000732422,60.0075239944458,685.0
23,6,12,2018,3.0,18.3,21.0,21.0,0.7,14.0,44.0,3.0,50.0,731.125,0.0250000003880001,269596.0,275.7907000732422,60.0075239944458,685.0
0,7,12,2018,5.0,16.5,23.0,23.0,0.7,16.0,41.0,1.0,50.0,729.75,0.025000000314001,269596.0,275.77940002441403,60.0054999923706,695.625
1,7,12,2018,1.0,14.5,29.0,29.0,0.7,11.0,46.0,1.0,50.0,729.75,0.025000000314001,269596.0,275.77940002441403,60.0054999923706,695.625
2,7,12,2018,4.0,12.6,24.0,24.0,0.7,8.0,48.0,1.0,50.0,729.75,0.025000000314001,269596.0,275.77940002441403,60.0054999923706,695.625
3,7,12,2018,3.0,10.6,24.0,24.0,0.7,7.0,48.0,3.0,50.0,728.6875,0.0250000002309996,269596.0,275.8026998901367,60.00911199188232,790.75
4,7,12,2018,4.0,8.866666666666667,18.0,18.0,0.7,6.0,49.0,3.0,50.0,728.6875,0.0250000002309996,269596.0,275.8026998901367,60.00911199188232,790.75
5,7,12,2018,4.0,7.2,20.0,20.0,0.7,7.0,48.0,1.0,50.0,728.6875,0.0250000002309996,269596.0,275.8026998901367,60.00911199188232,790.75
6,7,12,2018,3.0,5.333333333333333,26.0,26.0,0.7,6.0,47.0,1.0,50.0,730.0625,0.0250000002510007,269596.0,275.8213000488281,60.00821199798584,774.3125
7,7,12,2018,3.0,3.9,25.0,25.0,0.7,7.0,45.0,1.0,50.0,730.0625,0.0250000002510007,269596.0,275.8213000488281,60.00821199798584,774.3125
8,7,12,2018,6.0,3.466666666666667,36.0,36.0,0.7,7.0,46.0,1.0,50.0,730.0625,0.0250000002510007,269596.0,275.8213000488281,60.00821199798584,774.3125
9,7,12,2018,8.0,3.466666666666667,39.0,39.0,0.8,6.0,49.0,1.0,50.0,732.3125,0.0250000002880003,269596.0,275.8179000854492,60.00501999664306,685.4375
10,7,12,2018,4.0,3.566666666666667,35.0,35.0,0.8,5.0,53.0,3.0,50.0,732.3125,0.0250000002880003,269596.0,275.8179000854492,60.00501999664306,685.4375
11,7,12,2018,4.0,3.6,32.0,32.0,0.8,5.0,55.0,3.0,50.0,732.3125,0.0250000002880003,269596.0,275.8179000854492,60.00501999664306,685.4375
12,7,12,2018,5.0,3.6,19.0,19.0,0.8,5.0,58.0,3.0,50.0,732.1875,0.0250000003319997,269596.0,275.81369995117177,60.00454399108887,685.0
13,7,12,2018,4.0,3.6,18.0,8.0,0.7,5.0,59.0,3.0,50.0,732.1875,0.0250000003319997,269596.0,275.81369995117177,60.00454399108887,685.0
14,7,12,2018,4.0,3.6666666666666665,18.0,15.0,0.7,7.0,58.0,3.0,50.0,732.1875,0.0250000003319997,269596.0,275.81369995117177,60.00454399108887,685.0
15,7,12,2018,5.0,3.8,22.0,22.0,0.7,8.0,59.0,3.0,50.0,731.625,0.0250000002690013,269596.0,275.80970001220703,60.00911199188232,685.0
16,7,12,2018,4.0,3.8,20.0,20.0,0.6,11.0,57.0,3.0,50.0,731.625,0.0250000002690013,269596.0,275.80970001220703,60.00911199188232,685.0
17,7,12,2018,6.0,3.8666666666666663,27.0,27.0,0.8,18.0,49.0,3.0,50.0,731.625,0.0250000002690013,269596.0,275.80970001220703,60.00911199188232,685.0
18,7,12,2018,8.0,4.033333333333333,37.0,37.0,0.7,20.0,47.0,3.0,50.0,730.5625,0.0250000002629999,269596.0,275.7941998291016,60.0082439956665,685.0
19,7,12,2018,11.0,4.3,48.0,48.0,0.8,30.0,35.0,3.0,50.0,730.5625,0.0250000002629999,269596.0,275.7941998291016,60.0082439956665,685.0
20,7,12,2018,14.0,4.666666666666667,58.0,66.0,0.9,62.0,7.0,1.0,50.0,730.5625,0.0250000002629999,269596.0,275.7941998291016,60.0082439956665,685.0
21,7,12,2018,15.0,5.033333333333333,58.0,65.0,1.0,63.0,4.0,1.0,50.0,730.125,0.0250000002939999,269596.0,275.7858999633789,60.00613999176026,685.0
22,7,12,2018,15.0,5.433333333333334,54.0,57.0,0.9,56.0,9.0,1.0,50.0,730.125,0.0250000002939999,269596.0,275.7858999633789,60.00613999176026,685.0
23,7,12,2018,10.0,5.666666666666667,54.0,57.0,0.8,34.0,29.0,3.0,50.0,730.125,0.0250000002939999,269596.0,275.7858999633789,60.00613999176026,685.0
0,8,12,2018,5.0,5.666666666666667,60.0,69.0,0.7,8.0,55.0,3.0,50.0,730.75,0.025000000322001,269596.0,275.7904998779297,60.00544799804688,695.0
1,8,12,2018,2.0,5.633333333333334,54.0,57.0,0.8,8.0,56.0,3.0,50.0,730.75,0.025000000322001,269596.0,275.7904998779297,60.00544799804688,695.0
2,8,12,2018,3.0,5.666666666666667,53.0,55.0,0.8,7.0,56.0,1.0,50.0,730.75,0.025000000322001,269596.0,275.7904998779297,60.00544799804688,695.0
3,8,12,2018,3.0,5.633333333333334,43.0,43.0,0.7,5.0,58.0,3.0,50.00005000114441,730.6875,0.0250000002859998,269596.0,275.8222998046875,60.00794399261475,787.8125
4,8,12,2018,1.0,5.566666666666666,34.0,34.0,0.7,3.0,59.0,3.0,50.00005000114441,730.6875,0.0250000002859998,269596.0,275.8222998046875,60.00794399261475,787.8125
5,8,12,2018,1.0,5.5,28.0,28.0,0.7,6.0,60.0,3.0,50.00005000114441,730.6875,0.0250000002859998,269596.0,275.8222998046875,60.00794399261475,787.8125
6,8,12,2018,2.0,5.4,20.0,20.0,0.8,7.0,60.0,3.0,50.0,732.3125,0.0250000003040004,269596.0,275.85,60.004067993164064,773.4375
7,8,12,2018,4.0,5.5,23.0,23.0,0.8,15.0,52.0,3.0,50.0,732.3125,0.0250000003040004,269596.0,275.85,60.004067993164064,773.4375
8,8,12,2018,4.0,5.5,20.0,20.0,0.8,14.0,52.0,3.0,50.0,732.3125,0.0250000003040004,269596.0,275.85,60.004067993164064,773.4375
9,8,12,2018,2.0,5.466666666666667,28.0,28.0,0.8,12.0,55.0,1.0,50.0,734.3125,0.0250000003830008,269596.0,275.83709991455083,60.0050119934082,685.4375
10,8,12,2018,3.0,5.433333333333334,22.0,22.0,0.8,9.0,57.0,1.0,50.0,734.3125,0.0250000003830008,269596.0,275.83709991455083,60.0050119934082,685.4375
11,8,12,2018,1.0,5.333333333333333,20.0,15.0,0.8,5.0,63.0,1.0,50.0,734.3125,0.0250000003830008,269596.0,275.83709991455083,60.0050119934082,685.4375
12,8,12,2018,1.0,5.266666666666667,20.0,12.0,0.8,7.0,63.0,1.0,50.0,733.0,0.0250000004820004,269596.0,275.8144000244141,60.0032679977417,685.0
13,8,12,2018,6.0,5.366666666666666,20.0,16.0,0.7,12.0,63.0,1.0,50.0,733.0,0.0250000004820004,269596.0,275.8144000244141,60.0032679977417,685.0
14,8,12,2018,10.0,5.5,24.0,24.0,0.7,18.0,59.0,1.0,50.0,733.0,0.0250000004820004,269596.0,275.8144000244141,60.0032679977417,685.0
15,8,12,2018,8.0,5.5,24.0,24.0,0.7,19.0,57.0,2.0,50.0,732.4375,0.0250000005600005,269596.0,275.8030999755859,60.00289999389648,685.0
16,8,12,2018,10.0,5.7,30.0,30.0,0.7,24.0,51.0,2.0,50.0,732.4375,0.0250000005600005,269596.0,275.8030999755859,60.00289999389648,685.0
17,8,12,2018,17.0,6.133333333333334,46.0,46.0,1.0,40.0,35.0,2.0,50.0,732.4375,0.0250000005600005,269596.0,275.8030999755859,60.00289999389648,685.0
18,8,12,2018,22.0,6.7,54.0,58.0,0.9,52.0,23.0,4.0,50.0,730.6875,0.0250000007060002,269596.0,275.7727999877929,60.00207599639893,685.0
19,8,12,2018,24.0,7.366666666666666,58.0,66.0,0.9,53.0,20.0,3.0,50.0,730.6875,0.0250000007060002,269596.0,275.7727999877929,60.00207599639893,685.0
20,8,12,2018,24.0,8.033333333333333,59.0,67.0,0.9,56.0,17.0,4.0,50.0,730.6875,0.0250000007060002,269596.0,275.7727999877929,60.00207599639893,685.0
21,8,12,2018,30.0,8.866666666666667,64.0,78.0,1.0,60.0,9.0,5.0,50.0,731.3125,0.0250000008119996,269596.0,275.7783999633789,60.00126399230957,685.0
22,8,12,2018,41.0,10.1,69.0,88.0,1.1,58.0,8.0,11.0,50.0,731.3125,0.0250000008119996,269596.0,275.7783999633789,60.00126399230957,685.0
23,8,12,2018,49.0,11.533333333333331,74.0,98.0,1.2,65.0,2.0,17.0,50.0,731.3125,0.0250000008119996,269596.0,275.7783999633789,60.00126399230957,685.0
0,9,12,2018,58.0,13.2,79.0,102.0,1.3,67.0,1.0,17.0,50.0,733.5,0.0250000008519999,269596.0,275.7860998535156,60.00181199645996,692.25
1,9,12,2018,65.0,15.0,88.0,107.0,1.4,67.0,2.0,17.0,50.0,733.5,0.0250000008519999,269596.0,275.7860998535156,60.00181199645996,692.25
2,9,12,2018,66.0,16.733333333333334,89.0,110.0,1.5,67.0,1.0,17.0,50.0,733.5,0.0250000008519999,269596.0,275.7860998535156,60.00181199645996,692.25
3,9,12,2018,53.0,18.0,76.0,102.0,1.7,64.0,1.0,11.0,50.0,734.75,0.0250000005360003,269596.0,275.8373999023437,60.004379997253416,776.625
4,9,12,2018,36.0,18.7,64.0,77.0,1.6,60.0,2.0,6.0,50.0,734.75,0.0250000005360003,269596.0,275.8373999023437,60.004379997253416,776.625
5,9,12,2018,38.0,19.633333333333333,70.0,89.0,1.5,62.0,2.0,6.0,50.0,734.75,0.0250000005360003,269596.0,275.8373999023437,60.004379997253416,776.625
6,9,12,2018,34.0,20.6,64.0,77.0,1.3,61.0,2.0,6.0,50.0,736.25,0.0250000005590003,269292.0,275.8682000732422,60.004019996643066,765.6875
7,9,12,2018,40.0,21.866666666666667,70.0,90.0,1.4,66.0,1.0,9.0,50.0,736.25,0.0250000005590003,269292.0,275.8682000732422,60.004019996643066,765.6875
8,9,12,2018,67.0,24.0,90.0,126.0,1.8,69.0,1.0,16.0,50.0,736.25,0.0250000005590003,269292.0,275.8682000732422,60.004019996643066,765.6875
9,9,12,2018,52.0,25.633333333333333,89.0,128.0,1.8,71.0,2.0,10.0,50.0,739.125,0.0250000007250011,269328.0,275.8629000854492,60.00283599090576,685.375
10,9,12,2018,33.0,26.7,68.0,85.0,1.4,64.0,5.0,7.0,50.0,739.125,0.0250000007250011,269328.0,275.8629000854492,60.00283599090576,685.375
11,9,12,2018,39.0,27.966666666666665,75.0,99.0,1.5,71.0,8.0,10.0,50.0,739.125,0.0250000007250011,269328.0,275.8629000854492,60.00283599090576,685.375
12,9,12,2018,51.0,29.6,75.0,100.0,1.4,68.0,12.0,15.0,50.0,736.375,0.025000000899,269432.0,275.82239990234365,60.00123999786377,685.0
13,9,12,2018,48.0,31.066666666666663,66.0,68.0,1.1,43.0,32.0,15.0,50.0,736.375,0.025000000899,269432.0,275.82239990234365,60.00123999786377,685.0
14,9,12,2018,62.0,33.0,84.0,89.0,1.3,46.0,34.0,17.0,50.0,736.375,0.025000000899,269432.0,275.82239990234365,60.00123999786377,685.0
15,9,12,2018,60.0,34.93333333333333,81.0,98.0,1.5,53.0,29.0,17.0,50.0,734.375,0.0250000009250007,269488.0,275.7957000732422,60.00111999511719,685.0
16,9,12,2018,51.0,36.53333333333333,70.0,75.0,1.5,48.0,31.0,17.0,50.0,734.375,0.0250000009250007,269488.0,275.7957000732422,60.00111999511719,685.0
17,9,12,2018,69.0,38.8,93.0,110.0,1.7,66.0,18.0,17.0,50.0,734.375,0.0250000009250007,269488.0,275.7957000732422,60.00111999511719,685.0
18,9,12,2018,97.0,42.0,128.0,157.0,1.7,88.0,3.0,17.0,50.0,733.5,0.0250000008509997,269484.0,275.7854000854492,60.00124799346924,685.0
19,9,12,2018,102.0,45.2,134.0,160.0,1.8,90.0,1.0,17.0,50.0,733.5,0.0250000008509997,269484.0,275.7854000854492,60.00124799346924,685.0
20,9,12,2018,106.0,48.4,139.0,165.0,1.8,91.0,2.0,17.0,50.0,733.5,0.0250000008509997,269484.0,275.7854000854492,60.00124799346924,685.0
21,9,12,2018,106.0,51.66666666666666,139.0,167.0,1.8,89.0,1.0,17.0,50.0,732.6875,0.0250000010350011,269496.0,275.77,60.00215999603272,685.0
22,9,12,2018,97.0,54.56666666666667,128.0,174.0,1.8,88.0,1.0,16.0,50.0,732.6875,0.0250000010350011,269496.0,275.77,60.00215999603272,685.0
23,9,12,2018,81.0,56.7,110.0,169.0,1.8,77.0,2.0,15.0,50.0,732.6875,0.0250000010350011,269496.0,275.77,60.00215999603272,685.0
0,10,12,2018,84.0,58.766666666666666,113.0,176.0,1.8,78.0,2.0,12.0,50.0,736.25,0.0250000012480001,269596.0,275.7914999389648,60.001379997253416,692.75
1,10,12,2018,80.0,60.63333333333333,106.0,161.0,1.8,79.0,2.0,10.0,50.0,736.25,0.0250000012480001,269596.0,275.7914999389648,60.001379997253416,692.75
2,10,12,2018,72.0,62.23333333333333,103.0,155.0,1.8,75.0,2.0,9.0,50.0,736.25,0.0250000012480001,269596.0,275.7914999389648,60.001379997253416,692.75
3,10,12,2018,57.0,63.13333333333333,85.0,119.0,1.5,75.0,2.0,8.0,50.0,738.125,0.0250000006310008,269596.0,275.8463000488281,60.00377999114991,766.375
4,10,12,2018,53.0,63.53333333333333,73.0,91.0,1.5,73.0,2.0,7.0,50.0,738.125,0.0250000006310008,269596.0,275.8463000488281,60.00377999114991,766.375
5,10,12,2018,49.0,63.53333333333333,68.0,80.0,1.5,70.0,2.0,8.0,50.0,738.125,0.0250000006310008,269596.0,275.8463000488281,60.00377999114991,766.375
6,10,12,2018,42.0,63.0,64.0,78.0,1.4,69.0,2.0,7.0,50.0,739.125,0.0250000007320009,269312.0,275.8729998779297,60.001955993652345,758.375
7,10,12,2018,49.0,62.46666666666667,71.0,91.0,1.7,68.0,2.0,6.0,50.0,739.125,0.0250000007320009,269312.0,275.8729998779297,60.001955993652345,758.375
8,10,12,2018,49.0,61.9,78.0,106.0,1.8,67.0,3.0,5.0,50.0,739.125,0.0250000007320009,269312.0,275.8729998779297,60.001955993652345,758.375
9,10,12,2018,61.0,62.16666666666666,91.0,131.0,1.8,67.0,4.0,8.0,50.0,740.6875,0.0250000007100012,269304.0,275.8610000610352,60.00116399383545,685.375
10,10,12,2018,53.0,62.73333333333333,85.0,120.0,1.6,61.0,8.0,9.0,50.0,740.6875,0.0250000007100012,269304.0,275.8610000610352,60.00116399383545,685.375
11,10,12,2018,46.0,63.0,70.0,90.0,1.5,60.0,13.0,11.0,50.0,740.6875,0.0250000007100012,269304.0,275.8610000610352,60.00116399383545,685.375
12,10,12,2018,54.0,63.66666666666666,76.0,102.0,1.6,72.0,12.0,13.0,50.0,738.25,0.0250000009139999,269404.0,275.82489990234365,60.00174799346924,685.0
13,10,12,2018,54.0,64.13333333333334,74.0,82.0,1.4,64.0,20.0,13.0,50.0,738.25,0.0250000009139999,269404.0,275.82489990234365,60.00174799346924,685.0
14,10,12,2018,48.0,63.5,66.0,75.0,1.2,58.0,25.0,11.0,50.0,738.25,0.0250000009139999,269404.0,275.82489990234365,60.00174799346924,685.0
15,10,12,2018,47.0,63.333333333333336,65.0,70.0,1.1,53.0,28.0,11.0,50.0,739.3125,0.0250000008940007,269512.0,275.83850006103506,60.00235199737549,685.0
16,10,12,2018,51.0,63.93333333333333,70.0,78.0,1.2,65.0,19.0,11.0,50.0,739.3125,0.0250000008940007,269512.0,275.83850006103506,60.00235199737549,685.0
17,10,12,2018,52.0,64.36666666666666,71.0,84.0,1.2,77.0,8.0,11.0,50.0,739.3125,0.0250000008940007,269512.0,275.83850006103506,60.00235199737549,685.0
18,10,12,2018,55.0,64.5,75.0,98.0,1.3,86.0,3.0,11.0,50.0,739.375,0.0250000004249997,269596.0,275.8538998413086,60.00430799102783,685.0
19,10,12,2018,57.0,64.8,78.0,101.0,1.5,86.0,3.0,11.0,50.0,739.375,0.0250000004249997,269596.0,275.8538998413086,60.00430799102783,685.0
20,10,12,2018,71.0,65.1,95.0,136.0,1.8,91.0,3.0,12.0,50.0,739.375,0.0250000004249997,269596.0,275.8538998413086,60.00430799102783,685.0
21,10,12,2018,73.0,65.53333333333333,105.0,159.0,1.8,93.0,3.0,10.0,50.0,742.375,0.025000001867,269596.0,275.8551998901367,60.007379997253416,685.0
22,10,12,2018,68.0,66.1,112.0,174.0,1.7,87.0,2.0,8.0,50.0,742.375,0.025000001867,269596.0,275.8551998901367,60.007379997253416,685.0
23,10,12,2018,65.0,65.96666666666667,113.0,176.0,1.5,84.0,2.0,8.0,50.0,742.375,0.025000001867,269596.0,275.8551998901367,60.007379997253416,685.0
0,11,12,2018,65.0,64.9,99.0,148.0,1.5,83.0,2.0,10.0,50.0,733.875,0.0250000007460005,269596.0,275.8176998901367,60.00911199188232,694.5
1,11,12,2018,63.0,63.6,85.0,119.0,1.4,82.0,2.0,10.0,50.0,733.875,0.0250000007460005,269596.0,275.8176998901367,60.00911199188232,694.5
2,11,12,2018,63.0,62.16666666666666,85.0,108.0,1.5,81.0,2.0,10.0,50.0,733.875,0.0250000007460005,269596.0,275.8176998901367,60.00911199188232,694.5
3,11,12,2018,64.0,60.766666666666666,86.0,115.0,1.6,83.0,2.0,11.0,50.0,731.75,0.0250000002520009,269596.0,275.8385998535156,60.00800799560547,786.4375
4,11,12,2018,64.0,59.66666666666666,86.0,106.0,1.5,83.0,2.0,12.0,50.0,731.75,0.0250000002520009,269596.0,275.8385998535156,60.00800799560547,786.4375
5,11,12,2018,38.0,58.23333333333333,70.0,81.5,1.1,50.0,21.5,7.5,50.0,731.75,0.0250000002520009,269596.0,275.8385998535156,60.00800799560547,786.4375
6,11,12,2018,12.0,55.833333333333336,54.0,57.0,0.7,17.0,41.0,3.0,50.0,733.875,0.0250000004530008,269596.0,275.86329986572264,60.00605199432373,771.1875
7,11,12,2018,8.0,53.43333333333333,57.0,64.0,0.7,13.0,46.0,2.0,50.0,733.875,0.0250000004530008,269596.0,275.86329986572264,60.00605199432373,771.1875
8,11,12,2018,5.0,51.2,67.0,84.0,0.7,12.0,48.0,1.0,50.0,733.875,0.0250000004530008,269596.0,275.86329986572264,60.00605199432373,771.1875
9,11,12,2018,2.0,49.36666666666667,55.0,59.0,0.7,12.0,48.0,1.0,50.0,736.5625,0.0250000005879998,269596.0,275.8592999267578,60.00522399139404,685.4375
10,11,12,2018,5.0,47.766666666666666,36.0,36.0,0.7,11.0,52.0,1.0,50.0,736.5625,0.0250000005879998,269596.0,275.8592999267578,60.00522399139404,685.4375
11,11,12,2018,3.0,46.23333333333333,39.0,39.0,0.7,9.0,56.0,1.0,50.0,736.5625,0.0250000005879998,269596.0,275.8592999267578,60.00522399139404,685.4375
12,11,12,2018,5.0,45.0,35.0,35.0,0.7,9.0,57.0,1.0,50.0,734.9375,0.0250000005360003,269596.0,275.8402999877929,60.0020719909668,685.0
13,11,12,2018,5.0,43.53333333333333,28.0,28.0,0.7,10.0,58.0,1.0,50.0,734.9375,0.0250000005360003,269596.0,275.8402999877929,60.0020719909668,685.0
14,11,12,2018,9.0,42.2,25.0,25.0,0.7,11.0,58.0,1.0,50.0,734.9375,0.0250000005360003,269596.0,275.8402999877929,60.0020719909668,685.0
15,11,12,2018,5.0,40.333333333333336,22.0,22.0,0.7,13.0,59.0,2.0,50.0,734.75,0.0250000006440002,269596.0,275.83269989013667,60.002207992553714,685.0
16,11,12,2018,3.0,38.66666666666666,19.0,19.0,0.7,14.0,60.0,1.0,50.0,734.75,0.0250000006440002,269596.0,275.83269989013667,60.002207992553714,685.0
17,11,12,2018,3.0,37.23333333333333,20.0,20.0,0.7,18.0,55.0,1.0,50.0,734.75,0.0250000006440002,269596.0,275.83269989013667,60.002207992553714,685.0
18,11,12,2018,5.0,35.6,35.0,35.0,0.8,27.0,46.0,1.0,50.0,732.6875,0.0250000008790008,269596.0,275.79619995117184,60.00277199554444,685.0
19,11,12,2018,5.333333333333333,33.97777777777778,26.0,26.0,0.8,18.0,48.0,2.0,50.0,732.6875,0.0250000008790008,269596.0,275.79619995117184,60.00277199554444,685.0
20,11,12,2018,5.666666666666668,32.56666666666667,15.0,2.0,0.9,29.0,42.0,2.0,50.0,732.6875,0.0250000008790008,269596.0,275.79619995117184,60.00277199554444,685.0
21,11,12,2018,6.0,31.2,33.0,33.0,0.9,40.0,30.0,2.0,50.0,730.1875,0.025000000581,269596.0,275.77209991455084,60.001667991638186,685.0
22,11,12,2018,13.0,29.933333333333334,47.0,47.0,1.0,60.0,11.0,2.0,50.0,730.1875,0.025000000581,269596.0,275.77209991455084,60.001667991638186,685.0
23,11,12,2018,25.0,29.03333333333333,57.0,64.0,1.1,64.0,5.0,4.0,50.0,730.1875,0.025000000581,269596.0,275.77209991455084,60.001667991638186,685.0
0,12,12,2018,28.0,28.133333333333333,62.0,74.0,1.3,71.0,3.0,5.0,50.0,731.625,0.0250000007509999,269540.0,275.7847998046874,60.002207992553714,694.0
1,12,12,2018,20.0,26.9,57.0,63.0,1.3,63.0,2.0,4.0,50.0,731.625,0.0250000007509999,269540.0,275.7847998046874,60.002207992553714,694.0
2,12,12,2018,13.0,24.966666666666665,33.0,33.0,1.3,53.0,5.0,3.0,50.0,731.625,0.0250000007509999,269540.0,275.7847998046874,60.002207992553714,694.0
3,12,12,2018,10.0,22.866666666666667,28.0,28.0,1.2,48.0,9.0,2.0,50.00006875038147,735.5,0.0250000005430001,269296.0,275.8729998779297,60.00438399505615,782.5
4,12,12,2018,10.0,20.933333333333334,24.0,22.0,1.2,48.0,6.0,2.0,50.00006875038147,735.5,0.0250000005430001,269296.0,275.8729998779297,60.00438399505615,782.5
5,12,12,2018,11.0,19.133333333333333,30.0,19.0,1.3,59.0,3.0,2.0,50.00006875038147,735.5,0.0250000005430001,269296.0,275.8729998779297,60.00438399505615,782.5
6,12,12,2018,9.0,17.266666666666666,27.0,18.0,1.2,53.0,4.0,2.0,50.0,737.125,0.025000000682,268528.0,275.8963998413085,60.00510399627686,769.625
7,12,12,2018,12.0,15.566666666666666,28.0,28.0,1.5,53.0,4.0,2.0,50.0,737.125,0.025000000682,268528.0,275.8963998413085,60.00510399627686,769.625
8,12,12,2018,12.0,13.866666666666667,29.0,29.0,1.5,50.0,6.0,2.0,50.0,737.125,0.025000000682,268528.0,275.8963998413085,60.00510399627686,769.625
9,12,12,2018,11.0,12.1,40.0,40.0,1.4,47.0,11.0,2.0,50.0,737.1875,0.0250000003050006,268492.0,275.87959991455074,60.00305199432373,685.4375
10,12,12,2018,12.0,10.366666666666667,30.0,30.0,1.2,38.0,22.0,3.0,50.0,737.1875,0.0250000003050006,268492.0,275.87959991455074,60.00305199432373,685.4375
11,12,12,2018,15.0,9.6,30.0,30.0,1.1,33.0,32.0,2.0,50.0,737.1875,0.0250000003050006,268492.0,275.87959991455074,60.00305199432373,685.4375
12,12,12,2018,20.0,9.866666666666667,44.0,44.0,1.2,44.0,32.0,4.0,50.0,738.75,0.0250000017620008,268552.0,275.8525997924804,60.00377999114991,685.0
13,12,12,2018,29.0,10.566666666666666,54.0,58.0,1.1,39.0,39.0,8.0,50.0,738.75,0.0250000017620008,268552.0,275.8525997924804,60.00377999114991,685.0
14,12,12,2018,28.0,11.333333333333334,53.0,55.0,1.1,36.0,42.0,6.0,50.0,738.75,0.0250000017620008,268552.0,275.8525997924804,60.00377999114991,685.0
15,12,12,2018,23.0,12.033333333333331,47.0,47.0,1.0,31.0,47.0,5.0,50.0,737.8125,0.0250000016370005,268804.0,275.8429000854492,60.00568799591064,685.0
16,12,12,2018,25.0,12.7,47.0,47.0,1.3,34.0,44.0,6.0,50.0,737.8125,0.0250000016370005,268804.0,275.8429000854492,60.00568799591064,685.0
17,12,12,2018,27.0,13.5,54.0,57.0,1.2,46.0,30.0,6.0,50.0,737.8125,0.0250000016370005,268804.0,275.8429000854492,60.00568799591064,685.0
18,12,12,2018,35.0,14.5,62.0,74.0,1.2,59.0,18.0,7.0,50.0,734.5,0.0250000006339997,269092.0,275.82899993896484,60.00398399353029,685.0
19,12,12,2018,69.0,16.633333333333333,93.0,117.0,1.5,81.0,5.0,11.0,50.0,734.5,0.0250000006339997,269092.0,275.82899993896484,60.00398399353029,685.0
20,12,12,2018,83.0,19.1,110.0,145.0,1.6,86.0,3.0,13.0,50.0,734.5,0.0250000006339997,269092.0,275.82899993896484,60.00398399353029,685.0
21,12,12,2018,80.0,21.6,106.0,140.0,1.8,88.0,3.0,12.0,50.0,736.5,0.0250000006390009,269384.0,275.8547998046875,60.00463999176026,685.0
22,12,12,2018,65.0,23.666666666666668,91.0,131.0,1.7,80.0,2.0,10.0,50.0,736.5,0.0250000006390009,269384.0,275.8547998046875,60.00463999176026,685.0
23,12,12,2018,49.0,25.2,75.0,99.0,1.6,71.0,3.0,7.0,50.0,736.5,0.0250000006390009,269384.0,275.8547998046875,60.00463999176026,685.0
0,13,12,2018,33.0,26.133333333333333,69.0,88.0,1.2,62.0,10.0,5.0,50.0,736.1875,0.0250000007010009,269596.0,275.8514999389648,60.00354799652099,694.0
1,13,12,2018,6.0,26.15555555555556,57.0,64.0,0.8,15.0,55.0,2.0,50.0,736.1875,0.0250000007010009,269596.0,275.8514999389648,60.00354799652099,694.0
2,13,12,2018,3.0,26.066666666666663,42.0,42.0,0.7,13.0,57.0,1.0,50.0,736.1875,0.0250000007010009,269596.0,275.8514999389648,60.00354799652099,694.0
3,13,12,2018,6.0,26.066666666666663,50.0,50.0,0.7,18.0,52.0,1.0,50.0,737.1875,0.025000000655001,269596.0,275.897200012207,60.0080719909668,783.1875
5,13,12,2018,3.0,25.73333333333333,32.0,32.0,0.7,18.0,51.0,3.0,50.0,737.1875,0.025000000655001,269596.0,275.897200012207,60.0080719909668,783.1875
6,13,12,2018,4.0,25.03333333333333,33.0,33.0,0.7,10.0,59.0,2.0,50.0,738.875,0.025000000651,269544.0,275.9204998779297,60.00869999694825,769.875
7,13,12,2018,3.0,24.2,28.0,28.0,0.7,13.0,57.0,2.0,50.0,738.875,0.025000000651,269544.0,275.9204998779297,60.00869999694825,769.875
8,13,12,2018,4.0,23.666666666666668,25.0,25.0,0.8,23.0,48.0,1.0,50.0,738.875,0.025000000651,269544.0,275.9204998779297,60.00869999694825,769.875
9,13,12,2018,3.0,23.33333333333333,43.0,43.0,0.9,32.0,38.0,2.0,50.0,740.0625,0.0250000007649995,269596.0,275.8988998413085,60.00567599487304,685.4375
10,13,12,2018,4.0,23.133333333333333,43.0,43.0,0.8,20.0,51.0,2.0,50.0,740.0625,0.0250000007649995,269596.0,275.8988998413085,60.00567599487304,685.4375
11,13,12,2018,2.0,22.866666666666667,26.0,26.0,0.7,15.0,59.0,2.0,50.0,740.0625,0.0250000007649995,269596.0,275.8988998413085,60.00567599487304,685.4375
12,13,12,2018,2.0,22.566666666666663,20.0,15.0,0.7,11.0,64.0,1.0,50.0,736.375,0.0250000009209997,269596.0,275.8464999389648,60.00145199584961,685.0
13,13,12,2018,2.0,22.33333333333333,21.0,9.0,0.7,10.0,67.0,1.0,50.0,736.375,0.0250000009209997,269596.0,275.8464999389648,60.00145199584961,685.0
14,13,12,2018,1.0,21.966666666666665,21.0,8.0,0.7,12.0,66.0,1.0,50.0,736.375,0.0250000009209997,269596.0,275.8464999389648,60.00145199584961,685.0
15,13,12,2018,5.666666666666668,21.755555555555556,29.0,29.0,0.8,24.0,57.0,2.0,50.0,735.75,0.025000000903001,269596.0,275.8392999267578,60.00146799468994,685.0
16,13,12,2018,10.333333333333334,21.73333333333333,18.0,2.0,0.8,25.0,57.0,2.0,50.0,735.75,0.025000000903001,269596.0,275.8392999267578,60.00146799468994,685.0
17,13,12,2018,15.0,21.83333333333333,27.0,27.0,0.8,36.0,45.0,2.0,50.0,735.75,0.025000000903001,269596.0,275.8392999267578,60.00146799468994,685.0
18,13,12,2018,22.0,22.066666666666663,43.0,43.0,1.0,66.0,15.0,3.0,50.0,733.3125,0.025000000934001,269596.0,275.80549987792966,60.00133999633789,685.0
19,13,12,2018,34.0,22.53333333333333,60.0,69.0,1.5,73.0,8.0,4.0,50.0,733.3125,0.025000000934001,269596.0,275.80549987792966,60.00133999633789,685.0
20,13,12,2018,30.0,22.566666666666663,60.0,70.0,1.0,74.0,4.0,4.0,50.0,733.3125,0.025000000934001,269596.0,275.80549987792966,60.00133999633789,685.0
21,13,12,2018,27.0,22.53333333333333,56.0,62.0,1.0,71.0,4.0,5.0,50.0,732.5625,0.0250000010529998,269596.0,275.79119995117185,60.00187999725342,685.0
22,13,12,2018,38.0,23.03333333333333,62.0,74.0,1.2,72.0,4.0,6.0,50.0,732.5625,0.0250000010529998,269596.0,275.79119995117185,60.00187999725342,685.0
23,13,12,2018,47.0,23.766666666666666,80.0,110.0,1.5,77.0,2.0,6.0,50.0,732.5625,0.0250000010529998,269596.0,275.79119995117185,60.00187999725342,685.0
0,14,12,2018,46.0,24.4,89.0,127.0,1.6,81.0,2.0,6.0,50.0,733.75,0.0250000011350009,269596.0,275.8060998535156,60.00151599121094,693.75
1,14,12,2018,41.0,24.6,86.0,122.0,1.3,69.0,2.0,6.0,50.0,733.75,0.0250000011350009,269596.0,275.8060998535156,60.00151599121094,693.75
2,14,12,2018,41.0,23.666666666666668,74.0,98.0,1.4,66.0,2.0,8.0,50.0,733.75,0.0250000011350009,269596.0,275.8060998535156,60.00151599121094,693.75
3,14,12,2018,43.0,22.33333333333333,73.0,95.0,1.4,65.0,2.0,6.0,50.0,736.1875,0.0250000010430011,269596.0,275.86989990234366,60.00269999694825,780.0625
4,14,12,2018,45.0,21.166666666666668,75.0,100.0,1.6,68.0,2.0,6.0,50.0,736.1875,0.0250000010430011,269596.0,275.86989990234366,60.00269999694825,780.0625
5,14,12,2018,46.0,20.53333333333333,81.0,112.0,1.5,69.0,2.0,5.0,50.0,736.1875,0.0250000010430011,269596.0,275.86989990234366,60.00269999694825,780.0625
6,14,12,2018,47.0,20.466666666666665,88.0,126.0,1.7,71.0,2.0,6.0,50.0,738.6875,0.0250000008669998,269464.0,275.9085998535156,60.00715599822998,768.4375
7,14,12,2018,42.0,20.766666666666666,80.0,110.0,1.7,65.0,2.0,5.0,50.0,738.6875,0.0250000008669998,269464.0,275.9085998535156,60.00715599822998,768.4375
8,14,12,2018,35.0,21.73333333333333,71.0,91.0,1.7,63.0,2.0,5.0,50.0,738.6875,0.0250000008669998,269464.0,275.9085998535156,60.00715599822998,768.4375
9,14,12,2018,27.0,22.53333333333333,63.0,76.0,1.4,61.0,5.0,5.0,50.0,739.875,0.025000000922,269388.0,275.89229980468747,60.00282399749756,685.375
10,14,12,2018,26.0,23.2,57.0,63.0,1.4,59.0,8.0,7.0,50.0,739.875,0.025000000922,269388.0,275.89229980468747,60.00282399749756,685.375
11,14,12,2018,35.0,24.266666666666666,58.0,65.0,1.4,65.0,11.0,9.0,50.0,739.875,0.025000000922,269388.0,275.89229980468747,60.00282399749756,685.375
12,14,12,2018,49.0,25.766666666666666,68.0,74.0,1.5,72.0,13.0,12.0,50.0,737.8125,0.0250000010439995,269368.0,275.8630999755859,60.00313199615479,685.0
13,14,12,2018,67.0,27.9,90.0,100.0,1.5,79.0,16.0,14.0,50.0,737.8125,0.0250000010439995,269368.0,275.8630999755859,60.00313199615479,685.0
14,14,12,2018,81.0,30.466666666666665,108.0,116.0,1.5,69.0,26.0,17.0,50.0,737.8125,0.0250000010439995,269368.0,275.8630999755859,60.00313199615479,685.0
15,14,12,2018,103.0,33.8,135.0,135.0,1.7,81.0,23.0,17.0,50.0,736.0625,0.0250000011860001,269304.0,275.8355999755859,60.00118799591065,685.0
16,14,12,2018,93.0,36.766666666666666,123.0,131.0,1.6,73.0,27.0,16.0,50.0,736.0625,0.0250000011860001,269304.0,275.8355999755859,60.00118799591065,685.0
17,14,12,2018,100.0,40.03333333333333,131.0,135.0,1.7,88.0,9.0,15.0,50.0,736.0625,0.0250000011860001,269304.0,275.8355999755859,60.00118799591065,685.0
18,14,12,2018,90.0,42.96666666666667,119.0,140.0,1.7,90.0,5.0,16.0,50.0,734.0625,0.0250000011980012,269000.0,275.8089999389648,60.00169199371338,685.0
19,14,12,2018,65.0,45.06666666666667,88.0,115.0,1.3,80.0,7.0,17.0,50.0,734.0625,0.0250000011980012,269000.0,275.8089999389648,60.00169199371338,685.0
20,14,12,2018,68.0,47.3,91.0,112.0,1.4,79.0,5.0,17.0,50.0,734.0625,0.0250000011980012,269000.0,275.8089999389648,60.00169199371338,685.0
21,14,12,2018,73.0,49.54444444444445,98.0,104.0,1.5,81.0,3.0,17.0,50.0,734.5625,0.0250000012480001,268684.0,275.8144000244141,60.00189599609375,685.0
22,14,12,2018,73.0,51.63333333333333,98.0,105.0,1.6,78.0,4.0,17.0,50.0,734.5625,0.0250000012480001,268684.0,275.8144000244141,60.00189599609375,685.0
23,14,12,2018,99.0,54.43333333333333,130.0,118.0,1.8,85.0,3.0,17.0,50.0,734.5625,0.0250000012480001,268684.0,275.8144000244141,60.00189599609375,685.0
0,15,12,2018,108.0,57.3,141.0,156.0,1.8,85.0,2.0,11.0,50.0,740.5,0.0250000012779999,268500.0,275.8183999633789,60.00184399414064,692.1875
1,15,12,2018,98.0,59.43333333333333,129.0,158.0,1.8,91.0,2.0,10.0,50.0,740.5,0.0250000012779999,268500.0,275.8183999633789,60.00184399414064,692.1875
2,15,12,2018,96.0,61.63333333333333,126.0,160.0,1.8,87.0,2.0,8.0,50.0,740.5,0.0250000012779999,268500.0,275.8183999633789,60.00184399414064,692.1875
3,15,12,2018,92.0,63.8,121.0,152.0,1.8,82.0,2.0,7.0,50.0,746.4375,0.0250000013459995,268184.0,275.86679992675784,60.00374799346924,742.5625
4,15,12,2018,84.0,65.33333333333333,111.0,127.0,1.8,79.0,2.0,7.0,50.0,746.4375,0.0250000013459995,268184.0,275.86679992675784,60.00374799346924,742.5625
5,15,12,2018,76.0,66.3,101.0,106.0,1.7,77.0,2.0,6.0,50.0,746.4375,0.0250000013459995,268184.0,275.86679992675784,60.00374799346924,742.5625
6,15,12,2018,74.0,67.23333333333333,99.0,106.0,1.6,72.0,2.0,5.0,50.0,741.5,0.0250000012790001,267636.0,275.8913000488281,60.001627990722646,757.0
7,15,12,2018,74.0,68.33333333333333,99.0,102.0,1.8,75.0,2.0,6.0,50.0,741.5,0.0250000012790001,267636.0,275.8913000488281,60.001627990722646,757.0
8,15,12,2018,74.0,69.43333333333334,99.0,108.0,1.8,71.0,2.0,5.0,50.0,741.5,0.0250000012790001,267636.0,275.8913000488281,60.001627990722646,757.0
9,15,12,2018,73.0,70.43333333333334,98.0,104.0,1.8,65.0,4.0,6.0,50.0,746.4375,0.0250000013610012,267612.0,275.88579986572256,60.00309199523926,685.375
10,15,12,2018,76.0,71.46666666666667,101.0,111.0,1.8,65.0,6.0,7.0,50.0,746.4375,0.0250000013610012,267612.0,275.88579986572256,60.00309199523926,685.375
11,15,12,2018,79.0,72.56666666666666,105.0,113.0,1.8,73.0,10.0,11.0,50.0,746.4375,0.0250000013610012,267612.0,275.88579986572256,60.00309199523926,685.375
12,15,12,2018,76.0,73.53333333333333,101.0,109.0,1.7,81.0,10.0,13.0,50.0,745.6875,0.0250000015869997,267488.0,275.87389984130857,60.00117999267578,685.0
13,15,12,2018,82.0,74.86666666666666,109.0,115.0,1.8,90.0,10.0,13.0,50.0,745.6875,0.0250000015869997,267488.0,275.87389984130857,60.00117999267578,685.0
14,15,12,2018,85.0,76.53333333333333,113.0,129.0,1.8,98.0,8.0,12.0,50.0,745.6875,0.0250000015869997,267488.0,275.87389984130857,60.00117999267578,685.0
15,15,12,2018,88.0,78.56666666666666,116.0,135.0,1.8,103.0,7.0,14.0,50.0,744.4375,0.0250000015540011,267432.0,275.859700012207,60.0033999938965,685.0
16,15,12,2018,87.0,80.6,115.0,126.0,1.8,103.0,5.0,15.0,50.0,744.4375,0.0250000015540011,267432.0,275.859700012207,60.0033999938965,685.0
17,15,12,2018,90.0,82.43333333333334,119.0,138.0,1.8,103.0,3.0,16.0,50.0,744.4375,0.0250000015540011,267432.0,275.859700012207,60.0033999938965,685.0
18,15,12,2018,107.0,84.36666666666666,140.0,166.0,1.8,103.0,3.0,16.0,50.0,743.75,0.0250000015910007,267128.0,275.85119995117185,60.004559997558594,685.0
19,15,12,2018,114.0,85.93333333333334,149.0,180.0,1.8,103.0,3.0,17.0,50.0,743.75,0.0250000015910007,267128.0,275.85119995117185,60.004559997558594,685.0
20,15,12,2018,123.0,87.33333333333333,161.0,176.0,1.8,103.0,3.0,17.0,50.0,743.75,0.0250000015910007,267128.0,275.85119995117185,60.004559997558594,685.0
21,15,12,2018,158.0,89.16666666666667,208.0,204.0,1.8,103.0,3.0,17.0,50.0,742.625,0.0250000015719998,266944.0,275.83899993896483,60.00308799743652,685.0
22,15,12,2018,165.0,92.23333333333332,224.0,218.0,1.8,103.0,3.0,17.0,50.0,742.625,0.0250000015719998,266944.0,275.83899993896483,60.00308799743652,685.0
23,15,12,2018,165.0,94.73333333333332,224.0,214.0,1.8,103.0,4.0,17.0,50.0,742.625,0.0250000015719998,266944.0,275.83899993896483,60.00308799743652,685.0
0,16,12,2018,149.0,96.7,199.0,200.0,1.8,103.0,3.0,17.0,50.0,738.0,0.0250000015450008,266872.0,275.82579986572256,60.00292399597168,692.5
1,16,12,2018,133.0,98.96666666666668,176.0,202.0,1.8,103.0,2.0,14.0,50.0,738.0,0.0250000015450008,266872.0,275.82579986572256,60.00292399597168,692.5
2,16,12,2018,107.0,100.26666666666668,140.0,166.0,1.8,94.0,2.0,8.0,50.0,738.0,0.0250000015450008,266872.0,275.82579986572256,60.00292399597168,692.5
3,16,12,2018,99.0,101.13333333333334,130.0,131.0,1.8,87.0,2.0,7.0,50.0,742.9375,0.0250000014600008,266868.0,275.909100036621,60.00284399414063,768.9375
4,16,12,2018,103.0,102.13333333333334,135.0,134.0,1.8,87.0,2.5,6.0,50.0,742.9375,0.0250000014600008,266868.0,275.909100036621,60.00284399414063,768.9375
5,16,12,2018,95.0,102.0,125.0,136.0,1.8,77.0,3.0,5.0,50.0,742.9375,0.0250000014600008,266868.0,275.909100036621,60.00284399414063,768.9375
6,16,12,2018,97.0,101.63333333333334,128.0,120.0,1.8,87.0,3.0,6.0,50.0,746.5,0.025000001232,266296.0,275.9613998413085,60.00615999603272,760.375
7,16,12,2018,100.0,101.7,131.0,124.0,1.8,87.0,3.0,5.0,50.0,746.5,0.025000001232,266296.0,275.9613998413085,60.00615999603272,760.375
8,16,12,2018,101.0,101.86666666666666,133.0,136.0,1.8,93.0,3.0,6.0,50.0,746.5,0.025000001232,266296.0,275.9613998413085,60.00615999603272,760.375
9,16,12,2018,111.0,102.5,145.0,149.0,1.8,97.0,4.0,9.0,50.0,745.75,0.025000001193,266616.0,275.9269000244141,60.00185199737549,685.4375
10,16,12,2018,106.0,103.23333333333332,139.0,150.0,1.8,93.0,7.0,11.0,50.0,745.75,0.025000001193,266616.0,275.9269000244141,60.00185199737549,685.4375
11,16,12,2018,107.0,104.26666666666668,140.0,142.0,1.8,97.0,11.0,14.0,50.0,745.75,0.025000001193,266616.0,275.9269000244141,60.00185199737549,685.4375
12,16,12,2018,111.0,105.5,145.0,157.0,1.8,100.0,15.0,15.0,50.0,744.3125,0.0250000014260001,266824.0,275.9048999023437,60.00560799407959,685.0
13,16,12,2018,112.0,106.76666666666668,146.0,144.0,1.8,90.0,22.0,15.0,50.0,744.3125,0.0250000014260001,266824.0,275.9048999023437,60.00560799407959,685.0
14,16,12,2018,87.0,107.2,115.0,123.0,1.5,60.0,39.0,14.0,50.0,744.3125,0.0250000014260001,266824.0,275.9048999023437,60.00560799407959,685.0
15,16,12,2018,96.0,107.96666666666668,126.0,127.0,1.5,58.0,46.0,17.0,50.0,745.3125,0.0250000010120011,267068.0,275.9263998413086,60.00659999084473,685.0
16,16,12,2018,122.0,109.5,160.0,166.0,1.7,71.0,40.0,17.0,50.0,745.3125,0.0250000010120011,267068.0,275.9263998413086,60.00659999084473,685.0
17,16,12,2018,161.0,112.23333333333332,211.0,209.0,1.8,103.0,14.0,17.0,50.0,745.3125,0.0250000010120011,267068.0,275.9263998413086,60.00659999084473,685.0
18,16,12,2018,165.0,115.9,224.0,234.9499999999989,1.8,103.0,4.0,17.0,50.0,743.9375,0.0250000010110009,267044.0,275.9108999633789,60.00249599456787,685.0
19,16,12,2018,165.0,119.23333333333332,224.0,234.9499999999989,1.8,103.0,4.0,17.0,50.0,743.9375,0.0250000010110009,267044.0,275.9108999633789,60.00249599456787,685.0
20,16,12,2018,156.0,121.6,206.0,217.0,1.8,103.0,4.0,15.0,50.0,743.9375,0.0250000010110009,267044.0,275.9108999633789,60.00249599456787,685.0
21,16,12,2018,157.0,123.9,207.0,205.0,1.8,103.0,4.0,13.0,50.0,742.375,0.0250000011250004,267068.0,275.8892999267578,60.00374799346924,685.0
22,16,12,2018,62.0,123.06666666666666,98.0,145.0,1.3,58.0,29.0,5.0,50.0,742.375,0.0250000011250004,267068.0,275.8892999267578,60.00374799346924,685.0
23,16,12,2018,11.0,120.43333333333334,55.0,60.0,0.7,16.0,60.0,2.0,50.0,742.375,0.0250000011250004,267068.0,275.8892999267578,60.00374799346924,685.0
0,17,12,2018,7.0,117.1,57.0,64.0,0.6,14.0,62.0,2.0,50.0,739.0,0.0250000012060012,267156.0,275.8704000854492,60.00365599822998,693.8125
1,17,12,2018,6.0,113.5,26.0,26.0,0.6,14.0,63.0,1.0,50.0,739.0,0.0250000012060012,267156.0,275.8704000854492,60.00365599822998,693.8125
2,17,12,2018,7.0,109.63333333333334,35.0,35.0,0.6,11.0,66.0,1.0,50.0,739.0,0.0250000012060012,267156.0,275.8704000854492,60.00365599822998,693.8125
3,17,12,2018,4.0,104.5,23.0,23.0,0.7,11.0,67.0,1.0,50.0,743.125,0.0250000010979995,267160.0,275.94690002441405,60.007903991699216,777.625
4,17,12,2018,3.0,98.43333333333334,19.0,15.0,0.6,17.0,60.0,1.0,50.0,743.125,0.0250000010979995,267160.0,275.94690002441405,60.007903991699216,777.625
5,17,12,2018,6.5,92.81666666666666,24.5,17.0,0.75,38.0,38.0,1.5,50.0,743.125,0.0250000010979995,267160.0,275.94690002441405,60.007903991699216,777.625
6,17,12,2018,10.0,88.18333333333334,30.0,19.0,0.9,59.0,16.0,2.0,50.0,744.0,0.0250000010870006,266588.0,275.966600036621,60.0080719909668,768.0
7,17,12,2018,33.0,84.85,52.0,54.0,1.8,80.0,4.0,6.0,50.0,744.0,0.0250000010870006,266588.0,275.966600036621,60.0080719909668,768.0
8,17,12,2018,40.0,82.61666666666666,68.0,86.0,1.8,90.0,3.0,6.0,50.0,744.0,0.0250000010870006,266588.0,275.966600036621,60.0080719909668,768.0
9,17,12,2018,40.0,80.65,78.0,106.0,1.8,91.0,5.0,7.0,50.0,744.875,0.0250000011010002,266648.0,275.94419982910154,60.00409999084473,685.4375
10,17,12,2018,52.0,78.95,83.0,116.0,1.7,79.0,13.0,10.0,50.0,744.875,0.0250000011010002,266648.0,275.94419982910154,60.00409999084473,685.4375
11,17,12,2018,58.0,77.71666666666667,79.0,99.0,1.2,47.0,40.0,11.0,50.0,744.875,0.0250000011010002,266648.0,275.94419982910154,60.00409999084473,685.4375
12,17,12,2018,61.0,76.51666666666667,83.0,93.0,1.3,48.0,44.0,12.0,50.0,741.25,0.0250000011849999,266584.0,275.89869995117186,60.002979995727536,685.0
13,17,12,2018,70.0,75.51666666666667,94.0,104.0,1.4,49.0,47.0,17.0,50.0,741.25,0.0250000011849999,266584.0,275.89869995117186,60.002979995727536,685.0
14,17,12,2018,52.0,73.88333333333334,71.0,80.0,1.2,37.0,57.0,14.0,50.0,741.25,0.0250000011849999,266584.0,275.89869995117186,60.002979995727536,685.0
15,17,12,2018,45.0,71.68333333333334,63.0,67.0,1.1,36.0,59.0,9.0,50.0,740.875,0.0250000012890007,266412.0,275.8910998535156,60.00237199401855,685.0
16,17,12,2018,36.0,69.35,55.0,60.0,1.0,35.0,58.0,8.0,50.0,740.875,0.0250000012890007,266412.0,275.8910998535156,60.00237199401855,685.0
17,17,12,2018,34.0,66.91666666666667,56.0,61.0,1.0,50.0,41.0,6.0,50.0,740.875,0.0250000012890007,266412.0,275.8910998535156,60.00237199401855,685.0
18,17,12,2018,40.0,64.55,68.0,85.0,1.1,73.0,17.0,8.0,50.0,739.625,0.025000001484001,266252.0,275.87100006103515,60.00325999450683,685.0
19,17,12,2018,48.0,62.41666666666666,71.0,91.0,1.1,69.0,18.0,9.0,50.0,739.625,0.025000001484001,266252.0,275.87100006103515,60.00325999450683,685.0
20,17,12,2018,60.0,61.516666666666666,81.0,106.0,1.6,95.0,5.0,10.0,50.0,739.625,0.025000001484001,266252.0,275.87100006103515,60.00325999450683,685.0
21,17,12,2018,57.0,60.21666666666667,82.0,113.0,1.8,83.0,3.0,9.0,50.0,739.125,0.0250000016029998,266404.0,275.86130004882807,60.00366799163818,685.0
22,17,12,2018,50.0,57.81666666666667,69.0,88.0,1.6,74.0,4.0,9.0,50.0,739.125,0.0250000016029998,266404.0,275.86130004882807,60.00366799163818,685.0
23,17,12,2018,46.33333333333334,53.99444444444444,66.33333333333333,82.33333333333333,1.6,71.0,3.6666666666666665,8.0,50.0,739.125,0.0250000016029998,266404.0,275.86130004882807,60.00366799163818,685.0
0,18,12,2018,42.66666666666666,49.21666666666667,63.66666666666666,76.66666666666667,1.6,68.0,3.333333333333333,7.0,50.0,740.0,0.0250000015160013,266696.0,275.8779000854492,60.00458799743652,693.375
1,18,12,2018,39.0,44.45,61.0,71.0,1.6,65.0,3.0,6.0,50.0,740.0,0.0250000015160013,266696.0,275.8779000854492,60.00458799743652,693.375
2,18,12,2018,41.0,40.61666666666667,60.0,70.0,1.6,67.0,3.0,6.0,50.0,740.0,0.0250000015160013,266696.0,275.8779000854492,60.00458799743652,693.375
3,18,12,2018,37.0,36.61666666666667,61.0,72.0,1.2,63.0,4.0,6.0,50.0,743.5625,0.0250000013720002,266732.0,275.9525,60.008187995910646,778.6875
4,18,12,2018,39.0,35.85,56.0,62.0,1.5,63.0,3.0,5.0,50.0,743.5625,0.0250000013720002,266732.0,275.9525,60.008187995910646,778.6875
5,18,12,2018,45.0,36.98333333333333,76.0,102.0,1.6,68.0,2.0,5.0,50.0,743.5625,0.0250000013720002,266732.0,275.9525,60.008187995910646,778.6875
6,18,12,2018,36.0,37.95,71.0,92.0,1.4,65.0,3.0,6.0,50.0,745.25,0.0250000012730006,266092.0,275.9755999755859,60.00645199584961,767.5
7,18,12,2018,31.0,38.78333333333333,61.0,72.0,1.7,66.0,3.0,5.0,50.0,745.25,0.0250000012730006,266092.0,275.9755999755859,60.00645199584961,767.5
8,18,12,2018,28.0,39.48333333333333,61.0,72.0,1.1,61.0,15.0,7.0,50.0,745.25,0.0250000012730006,266092.0,275.9755999755859,60.00645199584961,767.5
9,18,12,2018,18.0,39.95,53.0,56.0,0.8,29.0,47.0,5.0,50.0,744.9375,0.0250000012079998,266220.0,275.94579986572256,60.00347199249268,685.4375
10,18,12,2018,20.0,40.516666666666666,56.0,62.0,0.9,37.0,41.0,5.0,50.0,744.9375,0.0250000012079998,266220.0,275.94579986572256,60.00347199249268,685.4375
11,18,12,2018,22.0,41.03333333333333,56.0,61.0,0.8,29.0,49.0,5.0,50.0,744.9375,0.0250000012079998,266220.0,275.94579986572256,60.00347199249268,685.4375
12,18,12,2018,19.0,41.333333333333336,43.0,43.0,0.8,20.0,57.0,6.0,50.0,740.625,0.0250000014750007,266420.0,275.88690002441405,60.00254399108887,685.0
13,18,12,2018,15.0,40.73333333333333,40.0,40.0,0.8,22.0,57.0,6.0,50.0,740.625,0.0250000014750007,266420.0,275.88690002441405,60.00254399108887,685.0
14,18,12,2018,16.0,39.93333333333333,42.0,42.0,0.8,20.0,60.0,6.0,50.0,740.625,0.0250000014750007,266420.0,275.88690002441405,60.00254399108887,685.0
15,18,12,2018,17.0,39.16666666666666,44.0,44.0,0.8,23.0,59.0,5.0,50.0,739.875,0.0250000014660004,266492.0,275.87779998779297,60.00351599121094,685.0
16,18,12,2018,18.0,38.03333333333333,50.0,50.0,0.8,28.0,53.0,5.0,50.0,739.875,0.0250000014660004,266492.0,275.87779998779297,60.00351599121094,685.0
17,18,12,2018,42.0,37.5,66.0,81.0,1.0,60.0,32.0,6.0,50.0,739.875,0.0250000014660004,266492.0,275.87779998779297,60.00351599121094,685.0
18,18,12,2018,60.0,37.46666666666667,84.0,117.0,1.3,89.0,9.0,8.0,50.0,738.3125,0.0250000015230011,266520.0,275.856900024414,60.00397599792481,685.0
19,18,12,2018,69.0,37.43333333333333,93.0,129.0,1.5,100.0,3.0,10.0,50.0,738.3125,0.0250000015230011,266520.0,275.856900024414,60.00397599792481,685.0
20,18,12,2018,76.0,38.23333333333333,101.0,143.0,1.6,98.0,3.0,10.0,50.0,738.3125,0.0250000015230011,266520.0,275.856900024414,60.00397599792481,685.0
21,18,12,2018,70.0,39.06666666666667,94.0,134.0,1.5,94.0,3.0,9.0,50.0,738.625,0.0250000015399996,266560.0,275.8605999755859,60.00204799652099,685.0
22,18,12,2018,72.0,40.266666666666666,96.0,133.0,1.6,93.0,3.0,8.0,50.0,738.625,0.0250000015399996,266560.0,275.8605999755859,60.00204799652099,685.0
23,18,12,2018,80.0,41.8,115.0,180.0,1.8,93.0,2.0,8.0,50.0,738.625,0.0250000015399996,266560.0,275.8605999755859,60.00204799652099,685.0
0,19,12,2018,61.0,42.5,89.0,128.0,1.6,79.0,2.0,8.0,50.0,740.0,0.0250000015620011,266748.0,275.87639984130857,60.00536399078369,693.1875
1,19,12,2018,63.0,43.0,90.0,129.0,1.7,87.0,2.0,7.0,50.0,740.0,0.0250000015620011,266748.0,275.87639984130857,60.00536399078369,693.1875
2,19,12,2018,56.0,42.86666666666667,90.0,129.0,1.6,83.5,2.0,7.0,50.0,740.0,0.0250000015620011,266748.0,275.87639984130857,60.00536399078369,693.1875
3,19,12,2018,49.0,42.6,90.0,129.0,1.5,80.0,2.0,7.0,50.0,742.5625,0.0250000016869995,266896.0,275.9305999755859,60.0040719909668,776.625
4,19,12,2018,33.0,42.03333333333333,64.0,78.0,1.2,71.0,2.0,6.0,50.0,742.5625,0.0250000016869995,266896.0,275.9305999755859,60.0040719909668,776.625
5,19,12,2018,23.0,41.25555555555555,52.0,53.0,1.1,68.0,2.0,5.0,50.0,742.5625,0.0250000016869995,266896.0,275.9305999755859,60.0040719909668,776.625
6,19,12,2018,29.0,40.8,54.0,58.0,1.1,67.0,2.0,5.0,50.0,745.3125,0.025000001631001,266612.0,275.9655999755859,60.00316399383545,766.25
7,19,12,2018,41.0,40.86666666666667,70.0,90.0,1.4,68.0,2.0,5.0,50.0,745.3125,0.025000001631001,266612.0,275.9655999755859,60.00316399383545,766.25
8,19,12,2018,52.0,41.23333333333333,83.0,116.0,1.8,70.0,3.0,5.0,50.0,745.3125,0.025000001631001,266612.0,275.9655999755859,60.00316399383545,766.25
9,19,12,2018,58.0,41.93333333333333,84.0,118.0,1.8,71.0,4.0,7.0,50.0,744.75,0.0250000015559997,266828.0,275.93329986572263,60.00188399505616,685.4375
10,19,12,2018,62.0,42.7,85.0,119.0,1.8,61.0,10.0,9.0,50.0,744.75,0.0250000015559997,266828.0,275.93329986572263,60.00188399505616,685.4375
11,19,12,2018,72.0,43.6,96.0,107.0,1.6,68.0,19.0,10.0,50.0,744.75,0.0250000015559997,266828.0,275.93329986572263,60.00188399505616,685.4375
12,19,12,2018,63.0,44.5,85.0,115.0,1.5,79.0,13.0,9.0,50.0,740.3125,0.0250000015879999,267000.0,275.879400024414,60.00133199310303,685.0
13,19,12,2018,43.0,44.9,67.0,83.0,1.1,56.0,29.0,8.0,50.0,740.3125,0.0250000015879999,267000.0,275.879400024414,60.00133199310303,685.0
14,19,12,2018,36.0,45.16666666666666,57.0,64.0,1.0,45.0,39.0,8.0,50.0,740.3125,0.0250000015879999,267000.0,275.879400024414,60.00133199310303,685.0
15,19,12,2018,37.0,45.8,60.0,69.0,1.0,46.0,40.0,8.0,50.0,739.125,0.0250000017980001,267060.0,275.86,60.001963996887206,685.0
16,19,12,2018,42.0,46.53333333333333,64.0,77.0,1.1,59.0,29.0,9.0,50.0,739.125,0.0250000017980001,267060.0,275.86,60.001963996887206,685.0
17,19,12,2018,43.0,47.23333333333333,69.0,87.0,1.2,74.0,15.0,9.0,50.0,739.125,0.0250000017980001,267060.0,275.86,60.001963996887206,685.0
18,19,12,2018,47.0,48.16666666666666,76.0,101.0,1.4,87.0,4.0,8.0,50.0,738.0625,0.025000001786001,267016.0,275.846600036621,60.002207992553714,685.0
19,19,12,2018,59.0,49.63333333333333,89.0,127.0,1.4,94.0,3.0,9.0,50.0,738.0625,0.025000001786001,267016.0,275.846600036621,60.002207992553714,685.0
20,19,12,2018,63.0,51.2,93.0,136.0,1.6,99.0,3.0,9.0,50.0,738.0625,0.025000001786001,267016.0,275.846600036621,60.002207992553714,685.0
21,19,12,2018,72.0,53.03333333333333,99.0,147.0,1.8,102.0,3.0,8.0,50.0,737.6875,0.025000001867,267068.0,275.84019989013666,60.00136799621582,685.0
22,19,12,2018,77.0,55.0,109.0,168.0,1.8,100.0,3.0,7.0,50.0,737.6875,0.025000001867,267068.0,275.84019989013666,60.00136799621582,685.0
23,19,12,2018,81.0,56.3,111.0,172.0,1.8,85.0,2.0,6.0,50.0,737.6875,0.025000001867,267068.0,275.84019989013666,60.00136799621582,685.0
0,20,12,2018,70.0,56.63333333333333,100.0,149.0,1.7,87.0,2.0,6.0,50.0,750.4375,0.0250000020190011,267156.0,275.8539999389648,60.00161999511719,688.3125
1,20,12,2018,58.0,56.266666666666666,87.0,123.0,1.5,80.0,2.0,6.0,50.0,750.4375,0.0250000020190011,267156.0,275.8539999389648,60.00161999511719,688.3125
2,20,12,2018,58.0,55.66666666666666,86.0,122.0,1.5,81.0,2.0,6.0,50.0,750.4375,0.0250000020190011,267156.0,275.8539999389648,60.00161999511719,688.3125
3,20,12,2018,53.0,55.1,88.0,125.0,1.4,76.0,2.0,5.0,50.0,754.1875,0.0250000019310005,267076.0,275.9044998168945,60.00213199615479,728.8125
4,20,12,2018,49.0,54.333333333333336,77.0,103.0,1.4,72.0,2.0,5.0,50.0,754.1875,0.0250000019310005,267076.0,275.9044998168945,60.00213199615479,728.8125
5,20,12,2018,35.0,52.833333333333336,67.0,84.0,1.2,66.0,2.0,5.0,50.0,754.1875,0.0250000019310005,267076.0,275.9044998168945,60.00213199615479,728.8125
6,20,12,2018,36.0,52.0,63.0,76.0,1.2,67.0,2.0,5.0,50.0,758.6875,0.0250000017390009,266672.0,275.9454998779296,60.00527199554443,722.5625
7,20,12,2018,34.0,51.03333333333333,64.0,78.0,1.4,71.0,2.0,5.0,50.0,758.6875,0.0250000017390009,266672.0,275.9454998779296,60.00527199554443,722.5625
8,20,12,2018,38.0,50.43333333333333,67.0,84.0,1.5,70.0,2.0,5.0,50.0,758.6875,0.0250000017390009,266672.0,275.9454998779296,60.00527199554443,722.5625
9,20,12,2018,31.0,49.833333333333336,66.0,81.0,1.4,68.0,3.0,6.0,50.0,759.4375,0.0250000017710011,266512.0,275.9442999267577,60.0040239944458,685.4375
10,20,12,2018,29.0,49.7,69.0,87.0,1.3,69.0,5.0,8.0,50.0,759.4375,0.0250000017710011,266512.0,275.9442999267577,60.0040239944458,685.4375
11,20,12,2018,31.0,49.96666666666667,66.0,82.0,1.3,71.0,7.0,9.0,50.0,759.4375,0.0250000017710011,266512.0,275.9442999267577,60.0040239944458,685.4375
12,20,12,2018,44.0,50.46666666666667,71.0,91.0,1.5,86.0,8.0,10.0,50.0,758.0625,0.0250000020940005,266492.0,275.92829986572264,60.00259599304199,685.0
13,20,12,2018,58.0,51.03333333333333,83.0,115.0,1.6,103.0,7.0,12.0,50.0,758.0625,0.0250000020940005,266492.0,275.92829986572264,60.00259599304199,685.0
14,20,12,2018,80.0,51.96666666666667,106.0,133.0,1.6,96.0,12.0,14.0,50.0,758.0625,0.0250000020940005,266492.0,275.92829986572264,60.00259599304199,685.0
15,20,12,2018,85.0,52.86666666666667,113.0,133.0,1.6,100.0,9.0,14.0,50.00015000343323,757.0,0.0250000021260008,266528.0,275.9180999755859,60.0009279937744,685.0
16,20,12,2018,79.0,53.43333333333333,105.0,134.0,1.4,90.0,13.0,15.0,50.00015000343323,757.0,0.0250000021260008,266528.0,275.9180999755859,60.0009279937744,685.0
17,20,12,2018,68.0,53.3,91.0,114.0,1.2,82.0,14.0,14.0,50.00015000343323,757.0,0.0250000021260008,266528.0,275.9180999755859,60.0009279937744,685.0
18,20,12,2018,71.0,53.56666666666667,95.0,130.0,1.4,94.0,6.0,16.0,50.0,753.4375,0.0250000020270012,266652.0,275.8841998291016,60.00127199554444,685.0
19,20,12,2018,79.0,54.766666666666666,105.0,138.0,1.4,96.0,4.0,16.0,50.0,753.4375,0.0250000020270012,266652.0,275.8841998291016,60.00127199554444,685.0
20,20,12,2018,86.0,56.43333333333333,114.0,138.0,1.5,96.0,3.0,16.0,50.0,753.4375,0.0250000020270012,266652.0,275.8841998291016,60.00127199554444,685.0
21,20,12,2018,92.0,58.266666666666666,121.0,143.0,1.5,94.0,4.0,16.0,50.0,750.8125,0.0250000018520001,266844.0,275.85869995117184,60.00139199066162,685.0
22,20,12,2018,83.0,59.63333333333333,110.0,113.0,1.4,85.0,7.0,17.0,50.0,750.8125,0.0250000018520001,266844.0,275.85869995117184,60.00139199066162,685.0
23,20,12,2018,88.0,61.13333333333333,116.0,128.0,1.5,93.0,2.0,15.0,50.0,750.8125,0.0250000018520001,266844.0,275.85869995117184,60.00139199066162,685.0
0,21,12,2018,90.0,62.56666666666667,119.0,126.0,1.4,93.0,2.0,14.0,50.0,745.25,0.0250000019390005,267220.0,275.8689999389648,60.00207599639893,693.625
1,21,12,2018,87.0,63.5,115.0,130.0,1.5,94.0,2.0,12.0,50.0,745.25,0.0250000019390005,267220.0,275.8689999389648,60.00207599639893,693.625
2,21,12,2018,75.0,63.9,100.0,133.0,1.7,95.0,2.0,11.0,50.0,745.25,0.0250000019390005,267220.0,275.8689999389648,60.00207599639893,693.625
3,21,12,2018,72.0,63.9,96.0,127.0,1.6,92.0,2.0,10.0,50.0,744.0625,0.0250000013430006,267300.0,275.9592999267578,60.00713599395752,778.25
4,21,12,2018,69.0,63.63333333333333,93.0,113.0,1.6,90.0,2.0,9.0,50.0,744.0625,0.0250000013430006,267300.0,275.9592999267578,60.00713599395752,778.25
5,21,12,2018,68.0,63.2,91.0,110.0,1.8,90.0,2.0,8.0,50.0,744.0625,0.0250000013430006,267300.0,275.9592999267578,60.00713599395752,778.25
6,21,12,2018,71.0,63.23333333333333,95.0,118.0,1.8,83.0,2.0,6.0,50.0,760.1875,0.0250000017060004,267092.0,275.9605999755859,60.00663999176025,723.0625
7,21,12,2018,64.0,63.43333333333333,86.0,103.0,1.7,69.0,2.0,6.0,50.0,760.1875,0.0250000017060004,267092.0,275.9605999755859,60.00663999176025,723.0625
8,21,12,2018,62.0,63.56666666666667,84.0,99.0,1.8,67.0,2.0,6.0,50.0,760.1875,0.0250000017060004,267092.0,275.9605999755859,60.00663999176025,723.0625
9,21,12,2018,61.0,63.833333333333336,83.0,101.0,1.8,63.0,4.0,7.0,50.0,751.0625,0.025000001817001,267188.0,275.93429992675783,60.0052919921875,685.4375
10,21,12,2018,75.0,64.7,100.0,116.0,1.8,79.0,6.0,11.0,50.0,751.0625,0.025000001817001,267188.0,275.93429992675783,60.0052919921875,685.4375
11,21,12,2018,84.0,66.33333333333333,111.0,129.0,1.7,83.0,17.0,15.0,50.0,751.0625,0.025000001817001,267188.0,275.93429992675783,60.0052919921875,685.4375
12,21,12,2018,82.0,67.86666666666666,109.0,126.0,1.6,77.0,24.0,16.0,50.0,749.8125,0.0250000018310006,267452.0,275.9204998779297,60.0037559967041,685.0
13,21,12,2018,82.0,69.46666666666667,109.0,121.0,1.6,79.0,23.0,16.0,50.0,749.8125,0.0250000018310006,267452.0,275.9204998779297,60.0037559967041,685.0
14,21,12,2018,86.0,71.06666666666666,114.0,124.0,1.6,83.0,23.0,16.0,50.0,749.8125,0.0250000018310006,267452.0,275.9204998779297,60.0037559967041,685.0
15,21,12,2018,92.0,73.1,121.0,142.0,1.7,93.0,16.0,16.0,50.0,748.1875,0.0250000019480008,267480.0,275.9013000488281,60.00353999328613,685.0
16,21,12,2018,85.0,74.96666666666667,113.0,135.0,1.6,91.0,12.0,17.0,50.0,748.1875,0.0250000019480008,267480.0,275.9013000488281,60.00353999328613,685.0
17,21,12,2018,87.0,76.83333333333333,115.0,146.0,1.7,100.0,5.0,15.0,50.0,748.1875,0.0250000019480008,267480.0,275.9013000488281,60.00353999328613,685.0
18,21,12,2018,100.0,78.7,131.0,147.0,1.7,103.0,2.0,14.0,50.0,747.75,0.0250000021280013,267760.0,275.8938998413085,60.00540799713135,685.0
19,21,12,2018,109.0,80.4,143.0,162.0,1.8,103.0,2.0,15.0,50.0,747.75,0.0250000021280013,267760.0,275.8938998413085,60.00540799713135,685.0
20,21,12,2018,110.0,81.4,144.0,161.0,1.8,103.0,2.0,14.0,50.0,747.75,0.0250000021280013,267760.0,275.8938998413085,60.00540799713135,685.0
21,21,12,2018,111.0,82.26666666666667,145.0,169.0,1.8,103.0,2.0,12.0,50.0,747.875,0.0250000020410008,267732.0,275.8963000488281,60.0035239944458,685.0
22,21,12,2018,109.0,83.26666666666667,143.0,167.0,1.8,103.0,2.0,13.0,50.0,747.875,0.0250000020410008,267732.0,275.8963000488281,60.0035239944458,685.0
23,21,12,2018,115.0,84.83333333333333,150.0,170.0,1.8,103.0,2.0,11.0,50.0,747.875,0.0250000020410008,267732.0,275.8963000488281,60.0035239944458,685.0
0,22,12,2018,116.0,86.33333333333333,151.0,168.0,1.8,103.0,2.0,10.0,50.0,758.4375,0.025000001600001,267868.0,275.9114999389648,60.00412399291992,688.375
1,22,12,2018,115.0,87.53333333333333,150.0,162.0,1.8,103.0,2.0,10.0,50.0,758.4375,0.025000001600001,267868.0,275.9114999389648,60.00412399291992,688.375
2,22,12,2018,92.0,87.73333333333333,121.0,129.0,1.8,98.0,2.0,9.0,50.0,758.4375,0.025000001600001,267868.0,275.9114999389648,60.00412399291992,688.375
3,22,12,2018,103.0,88.1,135.0,132.0,1.8,100.0,2.0,9.0,50.0,761.25,0.0250000013570003,268008.0,275.94259979248045,60.00433199310303,717.5
4,22,12,2018,99.0,88.63333333333334,130.0,123.0,1.8,102.0,2.0,8.0,50.0,761.25,0.0250000013570003,268008.0,275.94259979248045,60.00433199310303,717.5
5,22,12,2018,82.0,88.43333333333334,109.0,105.0,1.8,76.0,2.0,7.0,50.0,761.25,0.0250000013570003,268008.0,275.94259979248045,60.00433199310303,717.5
6,22,12,2018,74.0,87.9,99.0,93.0,1.7,79.0,2.0,7.0,50.0,762.0625,0.025000001236001,267844.0,275.95869995117187,60.00443199157715,716.375
7,22,12,2018,76.0,87.53333333333333,101.0,109.0,1.8,87.0,2.0,6.0,50.0,762.0625,0.025000001236001,267844.0,275.95869995117187,60.00443199157715,716.375
8,22,12,2018,71.0,87.4,95.0,105.0,1.8,80.0,2.0,7.0,50.0,762.0625,0.025000001236001,267844.0,275.95869995117187,60.00443199157715,716.375
9,22,12,2018,58.0,86.93333333333334,79.0,97.0,1.7,65.0,3.0,6.0,50.0,761.875,0.0250000014670006,267984.0,275.94419982910154,60.00284399414063,685.4375
10,22,12,2018,50.0,86.3,69.0,86.0,1.6,63.0,4.0,7.0,50.0,761.875,0.0250000014670006,267984.0,275.94419982910154,60.00284399414063,685.4375
11,22,12,2018,49.0,85.66666666666667,71.0,91.0,1.6,68.0,6.0,8.0,50.0,761.875,0.0250000014670006,267984.0,275.94419982910154,60.00284399414063,685.4375
12,22,12,2018,55.0,85.13333333333334,81.0,111.0,1.7,81.0,7.0,10.0,50.0,760.6875,0.0250000012190006,268464.0,275.9347998046875,60.00661599731446,685.0
13,22,12,2018,46.0,84.53333333333333,73.0,96.0,1.4,66.0,15.0,10.0,50.0,760.6875,0.0250000012190006,268464.0,275.9347998046875,60.00661599731446,685.0
14,22,12,2018,39.0,83.76666666666667,63.0,76.0,1.2,58.0,24.0,10.0,50.0,760.6875,0.0250000012190006,268464.0,275.9347998046875,60.00661599731446,685.0
15,22,12,2018,58.0,83.66666666666667,79.0,103.0,1.7,77.0,18.0,10.0,50.0,757.625,0.0250000013020001,268404.0,275.9057998657226,60.00859999847412,685.0
16,22,12,2018,69.0,83.46666666666667,93.0,120.0,1.5,84.0,12.0,11.0,50.0,757.625,0.0250000013020001,268404.0,275.9057998657226,60.00859999847412,685.0
17,22,12,2018,77.0,83.23333333333333,103.0,131.0,1.6,92.0,5.0,13.0,50.0,757.625,0.0250000013020001,268404.0,275.9057998657226,60.00859999847412,685.0
18,22,12,2018,82.0,83.23333333333333,109.0,137.0,1.8,99.0,2.0,14.0,50.0,752.9375,0.0250000011069998,269464.0,275.86209991455075,60.00911199188232,685.0
19,22,12,2018,89.0,83.46666666666667,118.0,151.0,1.8,103.0,2.0,14.0,50.0,752.9375,0.0250000011069998,269464.0,275.86209991455075,60.00911199188232,685.0
20,22,12,2018,104.0,84.06666666666666,136.0,172.0,1.8,102.0,3.0,14.0,50.0,752.9375,0.0250000011069998,269464.0,275.86209991455075,60.00911199188232,685.0
21,22,12,2018,31.0,82.03333333333333,105.0,160.0,0.8,28.0,45.0,5.0,50.0,750.3125,0.0250000008800011,269596.0,275.8373999023437,60.007963996887206,685.0
22,22,12,2018,20.0,79.86666666666666,90.0,130.0,0.7,20.0,52.0,3.0,50.0,750.3125,0.0250000008800011,269596.0,275.8373999023437,60.007963996887206,685.0
23,22,12,2018,17.0,77.53333333333333,89.0,128.0,0.7,15.0,54.0,3.0,50.0,750.3125,0.0250000008800011,269596.0,275.8373999023437,60.007963996887206,685.0
0,23,12,2018,11.0,74.56666666666666,87.0,124.0,0.6,13.0,54.0,2.0,50.0,732.875,0.0250000004200004,269596.0,275.8210998535156,60.00467999267578,694.0
1,23,12,2018,12.0,71.33333333333333,106.0,162.0,0.6,11.0,57.0,1.0,50.0,732.875,0.0250000004200004,269596.0,275.8210998535156,60.00467999267578,694.0
2,23,12,2018,9.0,67.96666666666667,103.0,155.0,0.6,10.0,57.0,1.0,50.0,732.875,0.0250000004200004,269596.0,275.8210998535156,60.00467999267578,694.0
3,23,12,2018,9.0,64.56666666666666,89.0,127.0,0.7,9.0,58.0,1.0,50.00015625,732.75,0.0250000003980007,269596.0,275.85119995117185,60.00472799682617,782.75
4,23,12,2018,11.0,61.3,77.0,104.0,0.7,7.0,61.0,1.0,50.00015625,732.75,0.0250000003980007,269596.0,275.85119995117185,60.00472799682617,782.75
5,23,12,2018,8.0,57.73333333333333,52.0,54.0,0.7,7.0,61.0,1.0,50.00015625,732.75,0.0250000003980007,269596.0,275.85119995117185,60.00472799682617,782.75
6,23,12,2018,4.0,54.0,41.0,41.0,0.7,9.0,58.0,3.0,50.0,734.875,0.0250000003450009,269360.0,275.88320007324216,60.00697599792481,772.875
7,23,12,2018,3.0,50.266666666666666,40.0,40.0,0.8,9.0,57.0,1.0,50.0,734.875,0.0250000003450009,269360.0,275.88320007324216,60.00697599792481,772.875
8,23,12,2018,3.0,47.3,38.0,38.0,0.8,11.0,56.0,3.0,50.0,734.875,0.0250000003450009,269360.0,275.88320007324216,60.00697599792481,772.875
9,23,12,2018,6.0,44.06666666666667,45.0,45.0,0.9,16.0,50.0,3.0,50.0,735.6875,0.0250000003650002,269288.0,275.862200012207,60.00497999572754,685.4375
10,23,12,2018,6.0,40.96666666666667,39.0,39.0,0.8,13.0,53.0,3.0,50.0,735.6875,0.0250000003650002,269288.0,275.862200012207,60.00497999572754,685.4375
11,23,12,2018,9.0,38.53333333333333,37.0,37.0,0.8,11.0,56.0,3.0,50.0,735.6875,0.0250000003650002,269288.0,275.862200012207,60.00497999572754,685.4375
12,23,12,2018,9.0,36.36666666666667,23.0,23.0,0.8,11.0,59.0,3.0,50.0,734.6875,0.02500000055,269100.0,275.839700012207,60.00201999664306,685.0
13,23,12,2018,7.0,34.06666666666667,26.0,26.0,0.8,14.0,57.0,3.0,50.0,734.6875,0.02500000055,269100.0,275.839700012207,60.00201999664306,685.0
14,23,12,2018,5.0,31.866666666666667,24.0,24.0,0.8,14.0,60.0,3.0,50.0,734.6875,0.02500000055,269100.0,275.839700012207,60.00201999664306,685.0
15,23,12,2018,6.0,30.133333333333333,30.0,30.0,0.8,16.0,59.0,3.0,50.0,733.875,0.025000000663001,268872.0,275.8245999145508,60.00173999786377,685.0
16,23,12,2018,11.0,28.83333333333333,39.0,39.0,0.8,19.0,56.0,3.0,50.0,733.875,0.025000000663001,268872.0,275.8245999145508,60.00173999786377,685.0
17,23,12,2018,12.0,27.6,51.0,51.0,0.8,25.0,48.0,1.0,50.0,733.875,0.025000000663001,268872.0,275.8245999145508,60.00173999786377,685.0
18,23,12,2018,16.0,26.3,55.0,59.0,0.9,38.0,33.0,1.0,50.0,732.625,0.0250000007189996,268740.0,275.80509979248046,60.001559997558594,685.0
19,23,12,2018,22.0,25.5,61.0,72.0,0.9,49.0,22.0,2.0,50.0,732.625,0.0250000007189996,268740.0,275.80509979248046,60.001559997558594,685.0
20,23,12,2018,28.0,25.133333333333333,68.0,85.0,1.0,44.0,23.0,3.0,50.0,732.625,0.0250000007189996,268740.0,275.80509979248046,60.001559997558594,685.0
21,23,12,2018,34.0,24.33333333333333,71.0,91.0,1.1,59.0,10.0,4.0,50.0,730.75,0.0250000008220002,268532.0,275.7748999023437,60.00177199554443,685.0
22,23,12,2018,39.0,23.33333333333333,74.0,97.0,1.1,60.0,9.0,7.0,50.0,730.75,0.0250000008220002,268532.0,275.7748999023437,60.00177199554443,685.0
23,23,12,2018,48.0,22.366666666666667,83.0,116.0,1.3,67.0,3.0,9.0,50.0,730.75,0.0250000008220002,268532.0,275.7748999023437,60.00177199554443,685.0
0,24,12,2018,55.0,21.466666666666665,88.0,125.0,1.4,67.0,2.0,8.0,50.0,732.375,0.0250000008579995,268328.0,275.7795999145509,60.00262399291992,693.25
1,24,12,2018,52.0,20.23333333333333,86.0,121.0,1.5,66.0,2.0,7.0,50.0,732.375,0.0250000008579995,268328.0,275.7795999145509,60.00262399291992,693.25
2,24,12,2018,38.0,18.03333333333333,76.0,101.0,1.4,56.0,2.0,5.0,50.0,732.375,0.0250000008579995,268328.0,275.7795999145509,60.00262399291992,693.25
3,24,12,2018,20.0,17.666666666666668,49.0,49.0,1.3,46.0,4.0,3.0,50.00011875152588,736.0,0.0250000007020011,268064.0,275.8660998535156,60.00233599090576,776.375
4,24,12,2018,22.0,17.733333333333334,48.0,48.0,1.4,48.0,3.0,3.0,50.00011875152588,736.0,0.0250000007020011,268064.0,275.8660998535156,60.00233599090576,776.375
5,24,12,2018,23.0,17.933333333333334,54.0,58.0,1.5,53.0,2.0,3.0,50.00011875152588,736.0,0.0250000007020011,268064.0,275.8660998535156,60.00233599090576,776.375
6,24,12,2018,27.0,18.466666666666665,67.0,84.0,1.5,59.0,2.0,4.0,50.0,737.75,0.0250000002619996,267272.0,275.8958999633789,60.00252799224854,767.25
7,24,12,2018,33.0,19.166666666666668,79.0,107.0,1.8,67.0,2.0,5.0,50.0,737.75,0.0250000002619996,267272.0,275.8958999633789,60.00252799224854,767.25
8,24,12,2018,31.0,19.9,74.0,98.0,1.8,62.0,2.0,4.0,50.0,737.75,0.0250000002619996,267272.0,275.8958999633789,60.00252799224854,767.25
9,24,12,2018,20.0,20.266666666666666,64.0,78.0,1.8,54.0,5.0,4.0,50.0,738.0,0.0250000004239995,267060.0,275.87100006103515,60.00255999755859,685.5
10,24,12,2018,30.0,20.9,66.0,82.0,1.5,61.0,9.0,7.0,50.0,738.0,0.0250000004239995,267060.0,275.87100006103515,60.00255999755859,685.5
11,24,12,2018,40.0,21.966666666666665,74.0,98.0,1.6,67.0,12.0,8.0,50.0,738.0,0.0250000004239995,267060.0,275.87100006103515,60.00255999755859,685.5
12,24,12,2018,42.0,23.23333333333333,73.0,96.0,1.6,71.0,13.0,8.0,50.0,735.5,0.0250000004990007,266928.0,275.835,60.00214799499512,685.0
13,24,12,2018,39.0,24.433333333333334,60.0,70.0,1.3,59.0,24.0,10.0,50.0,735.5,0.0250000004990007,266928.0,275.835,60.00214799499512,685.0
14,24,12,2018,49.0,25.966666666666665,69.0,87.0,1.3,60.0,26.0,12.0,50.0,735.5,0.0250000004990007,266928.0,275.835,60.00214799499512,685.0
15,24,12,2018,52.0,27.5,74.0,98.0,1.2,53.0,34.0,14.0,50.0,737.375,0.0250000018910002,266860.0,275.82139984130856,60.001603996276856,685.0
16,24,12,2018,59.0,29.266666666666666,80.0,100.0,1.2,47.0,41.0,15.0,50.0,737.375,0.0250000018910002,266860.0,275.82139984130856,60.001603996276856,685.0
17,24,12,2018,72.0,31.366666666666667,96.0,120.0,1.3,54.0,36.0,14.0,50.0,737.375,0.0250000018910002,266860.0,275.82139984130856,60.001603996276856,685.0
18,24,12,2018,71.0,33.43333333333333,95.0,119.0,1.4,72.0,14.0,12.0,50.0,735.75,0.0250000015660002,266956.0,275.80720001220703,60.00112799072266,685.0
19,24,12,2018,89.0,36.16666666666666,118.0,146.0,1.6,87.0,4.0,17.0,50.0,735.75,0.0250000015660002,266956.0,275.80720001220703,60.00112799072266,685.0
20,24,12,2018,96.0,39.2,126.0,161.0,1.7,93.0,3.0,16.0,50.0,735.75,0.0250000015660002,266956.0,275.80720001220703,60.00112799072266,685.0
21,24,12,2018,96.0,42.2,126.0,167.0,1.8,100.0,3.0,14.0,50.0,736.75,0.025000001511,266992.0,275.8210998535156,60.00486399078369,685.0
22,24,12,2018,90.0,44.833333333333336,119.0,175.0,1.8,94.0,2.0,10.0,50.0,736.75,0.025000001511,266992.0,275.8210998535156,60.00486399078369,685.0
23,24,12,2018,87.0,47.333333333333336,115.0,169.0,1.8,93.0,2.0,9.0,50.0,736.75,0.025000001511,266992.0,275.8210998535156,60.00486399078369,685.0
0,25,12,2018,78.0,49.4,109.0,168.0,1.8,86.0,2.0,7.0,50.0,739.125,0.025000001639001,267312.0,275.86299987792967,60.00546399688721,692.4375
1,25,12,2018,57.0,50.56666666666667,85.0,120.0,1.5,80.0,2.0,6.0,50.0,739.125,0.025000001639001,267312.0,275.86299987792967,60.00546399688721,692.4375
2,25,12,2018,56.0,51.5,76.0,102.0,1.6,77.0,2.0,6.0,50.0,739.125,0.025000001639001,267312.0,275.86299987792967,60.00546399688721,692.4375
3,25,12,2018,54.0,52.16666666666666,82.0,114.0,1.8,72.0,2.0,6.0,50.0,741.25,0.0250000020550005,267644.0,275.90600006103506,60.00510799407959,774.5
4,25,12,2018,62.0,52.93333333333333,90.0,130.0,1.7,72.0,2.0,5.0,50.0,741.25,0.0250000020550005,267644.0,275.90600006103506,60.00510799407959,774.5
5,25,12,2018,52.0,53.06666666666667,83.0,116.0,1.6,67.0,2.0,5.0,50.0,741.25,0.0250000020550005,267644.0,275.90600006103506,60.00510799407959,774.5
6,25,12,2018,44.0,52.7,68.0,85.0,1.8,63.0,2.0,5.0,50.0,740.625,0.0250000013070013,267504.0,275.9182000732422,60.00911199188232,767.875
7,25,12,2018,46.0,52.5,69.0,87.0,1.8,69.0,2.0,5.0,50.0,740.625,0.0250000013070013,267504.0,275.9182000732422,60.00911199188232,767.875
8,25,12,2018,52.0,52.96666666666667,72.0,94.0,1.8,72.0,2.0,6.0,50.0,740.625,0.0250000013070013,267504.0,275.9182000732422,60.00911199188232,767.875
9,25,12,2018,62.0,54.36666666666667,88.0,125.0,1.8,86.0,4.0,10.0,50.0,741.5,0.0250000013399999,267916.0,275.899700012207,60.005943992614746,685.4375
10,25,12,2018,30.0,54.63333333333333,78.0,105.0,1.3,39.0,36.0,4.0,50.0,741.5,0.0250000013399999,267916.0,275.899700012207,60.005943992614746,685.4375
11,25,12,2018,8.0,54.13333333333333,66.0,82.0,0.9,15.0,56.0,1.0,50.0,741.5,0.0250000013399999,267916.0,275.899700012207,60.005943992614746,685.4375
12,25,12,2018,7.0,53.46666666666667,34.0,34.0,0.8,15.0,57.0,1.0,50.0,738.1875,0.0250000008460003,268376.0,275.87350006103514,60.00348799133301,685.0
13,25,12,2018,8.0,52.63333333333333,31.0,31.0,0.8,15.0,60.0,1.0,50.0,738.1875,0.0250000008460003,268376.0,275.87350006103514,60.00348799133301,685.0
14,25,12,2018,7.0,51.833333333333336,44.0,44.0,0.8,15.0,62.0,1.0,50.0,738.1875,0.0250000008460003,268376.0,275.87350006103514,60.00348799133301,685.0
15,25,12,2018,4.0,51.3,40.0,40.0,0.8,15.0,64.0,1.0,50.0,736.25,0.0250000007540006,268384.0,275.8513000488281,60.00613599395752,685.0
16,25,12,2018,7.0,50.53333333333333,33.0,33.0,0.8,16.0,62.0,1.0,50.0,736.25,0.0250000007540006,268384.0,275.8513000488281,60.00613599395752,685.0
17,25,12,2018,6.0,49.4,27.0,27.0,0.8,22.0,54.0,1.0,50.0,736.25,0.0250000007540006,268384.0,275.8513000488281,60.00613599395752,685.0
18,25,12,2018,9.0,48.3,32.0,32.0,0.8,29.0,44.0,2.0,50.0,735.125,0.0250000008730012,269040.0,275.832200012207,60.00836799621582,685.0
19,25,12,2018,29.0,47.96666666666667,41.0,41.0,0.9,39.0,32.0,3.0,50.0,735.125,0.0250000008730012,269040.0,275.832200012207,60.00836799621582,685.0
20,25,12,2018,9.0,46.63333333333333,32.0,32.0,0.8,36.0,33.0,3.0,50.0,735.125,0.0250000008730012,269040.0,275.832200012207,60.00836799621582,685.0
21,25,12,2018,9.0,45.2,46.0,46.0,0.9,46.0,21.0,3.0,50.0,732.0,0.0250000002120006,269164.0,275.81940002441405,60.005547996521,685.0
22,25,12,2018,8.0,43.5,44.0,44.0,0.8,26.0,41.0,2.0,50.0,732.0,0.0250000002120006,269164.0,275.81940002441405,60.005547996521,685.0
23,25,12,2018,3.0,41.2,30.0,30.0,0.8,22.0,46.0,1.0,50.0,732.0,0.0250000002120006,269164.0,275.81940002441405,60.005547996521,685.0
0,26,12,2018,2.0,38.9,23.0,23.0,0.8,22.0,48.0,1.0,50.0,732.6875,0.0250000004130005,269452.0,275.8069998168945,60.0040719909668,694.3125
1,26,12,2018,4.0,36.06666666666667,22.0,22.0,0.9,21.0,47.0,1.0,50.0,732.6875,0.0250000004130005,269452.0,275.8069998168945,60.0040719909668,694.3125
2,26,12,2018,3.0,32.96666666666667,21.0,21.0,0.9,23.0,45.0,3.0,50.0,732.6875,0.0250000004130005,269452.0,275.8069998168945,60.0040719909668,694.3125
3,26,12,2018,1.0,29.8,18.0,18.0,0.8,21.0,47.0,3.0,50.0,730.75,0.0250000002190005,269564.0,275.83419982910146,60.00438399505615,785.25
4,26,12,2018,3.0,26.9,17.0,17.0,0.9,27.0,38.5,1.0,50.0,730.75,0.0250000002190005,269564.0,275.83419982910146,60.00438399505615,785.25
5,26,12,2018,3.0,24.1,19.0,15.0,0.9,37.0,30.0,1.0,50.0,730.75,0.0250000002190005,269564.0,275.83419982910146,60.00438399505615,785.25
6,26,12,2018,5.0,21.666666666666668,21.0,19.0,0.9,41.0,23.0,1.0,50.0,736.0625,0.0250000007429998,269152.0,275.8475,60.00487199401857,762.4375
7,26,12,2018,4.0,19.9,28.0,28.0,1.0,44.0,20.0,1.0,50.0,736.0625,0.0250000007429998,269152.0,275.8475,60.00487199401857,762.4375
8,26,12,2018,3.0,18.133333333333333,27.0,27.0,1.0,35.0,29.0,2.0,50.0,736.0625,0.0250000007429998,269152.0,275.8475,60.00487199401857,762.4375
9,26,12,2018,5.0,16.5,29.0,29.0,1.1,37.0,28.0,3.0,50.0,736.0,0.0250000007490012,269432.0,275.8382998657226,60.00359999084473,685.4375
10,26,12,2018,6.0,14.633333333333333,24.0,24.0,1.1,32.0,36.0,3.0,50.0,736.0,0.0250000007490012,269432.0,275.8382998657226,60.00359999084473,685.4375
11,26,12,2018,5.0,13.066666666666666,20.0,20.0,1.0,24.0,46.0,2.0,50.0,736.0,0.0250000007490012,269432.0,275.8382998657226,60.00359999084473,685.4375
12,26,12,2018,27.0,12.5,39.0,32.0,1.0,22.0,49.0,2.0,50.0,735.4375,0.025000001205001,269596.0,275.8167999267577,60.00223199462891,685.0
13,26,12,2018,17.0,11.533333333333331,36.0,36.0,1.0,19.0,65.0,1.0,50.0,735.4375,0.025000001205001,269596.0,275.8167999267577,60.00223199462891,685.0
14,26,12,2018,7.0,10.033333333333331,20.0,16.0,1.0,20.0,65.0,3.0,50.0,735.4375,0.025000001205001,269596.0,275.8167999267577,60.00223199462891,685.0
15,26,12,2018,11.0,8.333333333333334,20.0,20.0,1.0,24.0,62.0,3.0,50.0,734.625,0.0250000007830001,269596.0,275.81829986572257,60.0057679977417,685.0
16,26,12,2018,11.0,7.7,27.0,27.0,1.0,27.0,58.0,4.0,50.0,734.625,0.0250000007830001,269596.0,275.81829986572257,60.0057679977417,685.0
17,26,12,2018,9.0,7.733333333333333,36.0,36.0,1.1,33.0,47.0,4.0,50.0,734.625,0.0250000007830001,269596.0,275.81829986572257,60.0057679977417,685.0
18,26,12,2018,12.0,7.9,52.0,54.0,1.2,41.0,34.0,6.0,50.0,733.125,0.025000000655001,269596.0,275.80279998779287,60.00911199188232,685.0
19,26,12,2018,25.0,8.466666666666667,76.0,102.0,1.3,45.0,24.0,6.0,50.0,733.125,0.025000000655001,269596.0,275.80279998779287,60.00911199188232,685.0
20,26,12,2018,29.0,9.2,68.0,86.0,1.4,52.0,15.0,6.0,50.0,733.125,0.025000000655001,269596.0,275.80279998779287,60.00911199188232,685.0
21,26,12,2018,26.0,9.933333333333334,64.0,78.0,1.5,64.0,3.0,5.0,50.0,729.25,0.0250000001120008,269596.0,275.7757000732421,60.00911199188232,685.0
22,26,12,2018,34.0,10.833333333333334,69.0,87.0,1.6,66.0,2.0,6.0,50.0,729.25,0.0250000001120008,269596.0,275.7757000732421,60.00911199188232,685.0
23,26,12,2018,29.0,11.6,63.0,76.0,1.4,64.0,2.0,6.0,50.0,729.25,0.0250000001120008,269596.0,275.7757000732421,60.00911199188232,685.0
0,27,12,2018,13.0,11.733333333333333,38.0,38.0,1.1,47.0,20.0,3.0,50.0,729.875,0.0250000002340003,269596.0,275.7667999267578,60.00911199188232,693.375
1,27,12,2018,5.0,10.933333333333334,31.0,31.0,1.0,30.0,39.0,2.0,50.0,729.875,0.0250000002340003,269596.0,275.7667999267578,60.00911199188232,693.375
2,27,12,2018,10.0,10.966666666666669,44.0,44.0,1.0,18.0,53.0,2.0,50.0,729.875,0.0250000002340003,269596.0,275.7667999267578,60.00911199188232,693.375
3,27,12,2018,6.0,10.866666666666667,57.0,63.0,1.0,15.0,58.0,2.0,50.0,728.4375,0.0250000001730006,269596.0,275.77690002441403,60.007139991760255,779.125
4,27,12,2018,5.0,10.766666666666667,57.0,64.0,1.0,13.0,61.0,1.0,50.0,728.4375,0.0250000001730006,269596.0,275.77690002441403,60.007139991760255,779.125
5,27,12,2018,7.0,10.9,55.0,59.0,1.0,12.0,62.0,1.0,50.0,728.4375,0.0250000001730006,269596.0,275.77690002441403,60.007139991760255,779.125
6,27,12,2018,4.0,10.966666666666669,57.0,64.0,1.0,6.0,72.0,1.0,50.0,730.125,0.0250000002060011,269596.0,275.80209991455075,60.00791599273682,770.25
7,27,12,2018,5.0,11.0,55.0,60.0,1.0,7.0,71.0,1.0,50.0,730.125,0.0250000002060011,269596.0,275.80209991455075,60.00791599273682,770.25
8,27,12,2018,4.0,11.033333333333331,51.0,52.0,1.1,10.0,66.0,1.0,50.0,730.125,0.0250000002060011,269596.0,275.80209991455075,60.00791599273682,770.25
9,27,12,2018,5.0,11.166666666666666,56.0,62.0,1.1,10.0,67.0,1.0,50.0,731.9375,0.0250000001960005,269596.0,275.7985000610352,60.00819999694824,685.5
10,27,12,2018,5.0,11.233333333333333,58.0,65.0,1.1,9.0,67.0,1.0,50.0,731.9375,0.0250000001960005,269596.0,275.7985000610352,60.00819999694824,685.5
11,27,12,2018,6.0,11.333333333333334,59.0,68.0,1.1,7.0,69.0,1.0,50.0,731.9375,0.0250000001960005,269596.0,275.7985000610352,60.00819999694824,685.5
12,27,12,2018,8.0,11.433333333333334,53.0,55.0,1.1,6.0,71.0,1.0,50.0,731.1875,0.0250000001970008,269596.0,275.7876998901367,60.0078999938965,685.0
13,27,12,2018,4.0,11.433333333333334,26.0,26.0,1.1,5.0,75.0,1.0,50.0,731.1875,0.0250000001970008,269596.0,275.7876998901367,60.0078999938965,685.0
14,27,12,2018,3.0,11.433333333333334,44.0,44.0,1.1,5.0,75.0,1.0,50.0,731.1875,0.0250000001970008,269596.0,275.7876998901367,60.0078999938965,685.0
15,27,12,2018,6.0,11.466666666666669,44.0,44.0,1.1,5.0,74.0,1.0,50.0,730.5625,0.0250000002140011,269596.0,275.7775,60.00626399230957,685.0
16,27,12,2018,8.0,11.533333333333331,68.0,86.0,1.0,5.0,74.0,1.0,50.0,730.5625,0.0250000002140011,269596.0,275.7775,60.00626399230957,685.0
17,27,12,2018,7.0,11.6,69.0,88.0,1.1,8.0,69.0,1.0,50.0,730.5625,0.0250000002140011,269596.0,275.7775,60.00626399230957,685.0
18,27,12,2018,8.0,10.966666666666669,59.0,67.0,1.1,11.0,65.0,2.0,50.0,730.25,0.0250000002650003,269596.0,275.7702999877929,60.00911199188232,685.0
19,27,12,2018,8.0,10.666666666666666,49.0,49.0,1.1,13.0,61.0,2.0,50.0,730.25,0.0250000002650003,269596.0,275.7702999877929,60.00911199188232,685.0
20,27,12,2018,8.0,10.7,56.0,61.0,1.1,9.0,67.0,1.0,50.0,730.25,0.0250000002650003,269596.0,275.7702999877929,60.00911199188232,685.0
21,27,12,2018,7.0,10.566666666666666,51.0,52.0,1.1,16.0,58.0,1.0,50.0,729.6875,0.0250000003070011,269596.0,275.75989990234365,60.00641999816894,685.0
22,27,12,2018,9.0,10.5,49.0,49.0,1.1,13.0,61.0,1.0,50.0,729.6875,0.0250000003070011,269596.0,275.75989990234365,60.00641999816894,685.0
23,27,12,2018,7.0,10.433333333333334,56.0,61.0,1.1,8.0,67.0,2.0,50.0,729.6875,0.0250000003070011,269596.0,275.75989990234365,60.00641999816894,685.0
0,28,12,2018,3.0,10.133333333333333,44.0,44.0,1.1,9.0,64.0,2.0,50.0,729.125,0.0250000002929996,269596.0,275.76279998779296,60.00911199188232,687.875
1,28,12,2018,5.0,9.466666666666669,38.0,38.0,1.1,13.0,57.0,2.0,50.0,729.125,0.0250000002929996,269596.0,275.76279998779296,60.00911199188232,687.875
2,28,12,2018,7.0,8.733333333333333,33.0,33.0,1.1,10.0,59.0,2.0,50.0,729.125,0.0250000002929996,269596.0,275.76279998779296,60.00911199188232,687.875
3,28,12,2018,5.0,8.033333333333333,33.0,33.0,1.0,8.0,61.0,1.0,50.0,728.125,0.0250000002840012,269596.0,275.7895999145508,60.00911199188232,783.75
4,28,12,2018,5.0,7.066666666666666,36.0,36.0,1.1,8.0,55.5,1.0,50.0,728.125,0.0250000002840012,269596.0,275.7895999145508,60.00911199188232,783.75
5,28,12,2018,6.0,6.3,32.0,32.0,1.1,18.0,50.0,1.0,50.0,728.125,0.0250000002840012,269596.0,275.7895999145508,60.00911199188232,783.75
6,28,12,2018,4.0,6.0,32.0,32.0,1.2,18.0,47.0,1.0,50.0,729.75,0.0250000001570004,269596.0,275.8245999145508,60.00797999572754,777.1875
7,28,12,2018,5.0,6.0,33.0,33.0,1.2,36.0,28.0,1.0,50.0,729.75,0.0250000001570004,269596.0,275.8245999145508,60.00797999572754,777.1875
8,28,12,2018,12.0,6.066666666666666,48.0,48.0,1.4,52.0,11.0,1.0,50.0,729.75,0.0250000001570004,269596.0,275.8245999145508,60.00797999572754,777.1875
9,28,12,2018,13.0,6.3,50.0,50.0,1.4,41.0,24.0,1.0,50.0,732.8125,0.0250000001680012,269596.0,275.8241000366211,60.00608399200439,685.5
10,28,12,2018,9.0,6.433333333333334,32.0,32.0,1.1,16.0,56.0,1.0,50.0,732.8125,0.0250000001680012,269596.0,275.8241000366211,60.00608399200439,685.5
11,28,12,2018,5.0,6.366666666666666,27.0,27.0,1.1,10.0,64.0,1.0,50.0,732.8125,0.0250000001680012,269596.0,275.8241000366211,60.00608399200439,685.5
12,28,12,2018,5.0,6.4,23.0,23.0,1.1,10.0,66.0,1.0,50.0,731.4375,0.025000000198001,269596.0,275.8022998046875,60.00355999755861,685.0
13,28,12,2018,6.0,6.433333333333334,22.0,22.0,1.0,9.0,69.0,1.0,50.0,731.4375,0.025000000198001,269596.0,275.8022998046875,60.00355999755861,685.0
14,28,12,2018,11.0,6.666666666666667,38.0,38.0,1.1,20.0,64.0,1.0,50.0,731.4375,0.025000000198001,269596.0,275.8022998046875,60.00355999755861,685.0
15,28,12,2018,12.0,6.9,34.0,34.0,1.0,18.0,67.0,1.0,50.0,730.6875,0.0250000002490002,269596.0,275.78820007324214,60.00450799560547,685.0
16,28,12,2018,13.0,7.166666666666667,38.0,38.0,1.1,27.0,54.0,1.0,50.0,730.6875,0.0250000002490002,269596.0,275.78820007324214,60.00450799560547,685.0
17,28,12,2018,16.0,7.5,50.0,50.0,1.4,40.0,35.0,2.0,50.0,730.6875,0.0250000002490002,269596.0,275.78820007324214,60.00450799560547,685.0
18,28,12,2018,18.0,7.833333333333333,55.0,59.0,1.1,47.0,24.0,2.0,50.0,729.0625,0.0250000003270004,269596.0,275.760599975586,60.00214799499512,685.0
19,28,12,2018,22.0,8.433333333333334,60.0,69.0,1.3,61.0,9.0,3.0,50.0,729.0625,0.0250000003270004,269596.0,275.760599975586,60.00214799499512,685.0
20,28,12,2018,28.0,9.266666666666667,62.0,74.0,1.4,73.0,3.0,4.0,50.0,729.0625,0.0250000003270004,269596.0,275.760599975586,60.00214799499512,685.0
21,28,12,2018,27.0,9.966666666666669,61.0,71.0,1.4,67.0,5.0,4.0,50.0,730.5,0.0250000002130009,269596.0,275.7879000854492,60.00304399108887,685.0
22,28,12,2018,32.0,10.766666666666667,64.0,77.0,1.4,65.0,3.0,5.0,50.0,730.5,0.0250000002130009,269596.0,275.7879000854492,60.00304399108887,685.0
23,28,12,2018,35.0,11.7,67.0,84.0,1.5,64.0,1.0,6.0,50.0,730.5,0.0250000002130009,269596.0,275.7879000854492,60.00304399108887,685.0
0,29,12,2018,54.0,13.233333333333333,74.0,87.0,1.8,68.0,1.0,6.0,50.0,731.4375,0.0250000004489999,269596.0,275.7845999145508,60.0032439956665,685.875
1,29,12,2018,43.0,14.4,73.0,95.0,1.8,68.0,1.0,8.0,50.0,731.4375,0.0250000004489999,269596.0,275.7845999145508,60.0032439956665,685.875
2,29,12,2018,47.0,15.7,72.0,93.0,1.8,68.0,1.0,8.0,50.0,731.4375,0.0250000004489999,269596.0,275.7845999145508,60.0032439956665,685.875
3,29,12,2018,49.0,17.1,68.0,81.0,1.7,65.0,4.0,4.0,50.0,732.4375,0.0250000004479996,269596.0,275.8432998657226,60.00854399108886,782.1875
4,29,12,2018,12.0,17.2,33.0,33.0,1.2,21.0,54.0,3.0,50.0,732.4375,0.0250000004479996,269596.0,275.8432998657226,60.00854399108886,782.1875
5,29,12,2018,32.0,18.03333333333333,59.0,68.0,1.7,51.0,19.0,17.0,50.0,732.4375,0.0250000004479996,269596.0,275.8432998657226,60.00854399108886,782.1875
6,29,12,2018,61.0,19.966666666666665,83.0,92.0,1.8,68.0,1.0,17.0,50.0,733.3125,0.0250000004169996,269596.0,275.8579998779297,60.00888399505615,773.8125
7,29,12,2018,56.0,21.666666666666668,76.0,83.0,1.8,68.0,1.0,16.0,50.0,733.3125,0.0250000004169996,269596.0,275.8579998779297,60.00888399505615,773.8125
8,29,12,2018,62.0,23.5,84.0,101.0,1.8,72.0,2.0,14.0,50.0,733.3125,0.0250000004169996,269596.0,275.8579998779297,60.00888399505615,773.8125
9,29,12,2018,52.0,25.066666666666663,76.0,102.0,1.8,72.0,4.0,13.0,50.0,735.625,0.0250000002300012,269596.0,275.8542999267578,60.00645199584961,685.5
10,29,12,2018,27.0,25.8,50.0,50.0,1.6,48.0,27.0,6.0,50.0,735.625,0.0250000002300012,269596.0,275.8542999267578,60.00645199584961,685.5
11,29,12,2018,11.0,25.966666666666665,33.0,33.0,1.3,29.0,48.0,4.0,50.0,735.625,0.0250000002300012,269596.0,275.8542999267578,60.00645199584961,685.5
12,29,12,2018,14.0,26.3,30.0,30.0,1.2,24.0,60.0,4.0,50.0,733.875,0.0250000003249999,269596.0,275.82489990234365,60.00381999206543,685.0
13,29,12,2018,11.0,26.5,21.0,16.0,1.1,21.0,67.0,3.0,50.0,733.875,0.0250000003249999,269596.0,275.82489990234365,60.00381999206543,685.0
14,29,12,2018,15.0,26.6,23.0,20.0,1.1,21.0,73.0,3.0,50.0,733.875,0.0250000003249999,269596.0,275.82489990234365,60.00381999206543,685.0
15,29,12,2018,9.0,26.466666666666665,31.0,31.0,1.0,15.0,73.0,2.0,50.0,731.8125,0.0250000003260001,269596.0,275.79630004882813,60.003327995300296,685.0
16,29,12,2018,8.0,26.433333333333334,25.0,25.0,1.0,18.0,67.0,2.0,50.0,731.8125,0.0250000003260001,269596.0,275.79630004882813,60.003327995300296,685.0
17,29,12,2018,14.0,26.73333333333333,31.0,31.0,1.1,36.0,51.0,3.0,50.0,731.8125,0.0250000003260001,269596.0,275.79630004882813,60.003327995300296,685.0
18,29,12,2018,22.0,27.3,51.0,51.0,1.2,57.0,21.0,4.0,50.0,731.25,0.0250000003639999,269596.0,275.7858999633789,60.00327199554443,685.0
19,29,12,2018,23.0,27.866666666666667,57.0,64.0,1.3,60.0,15.0,5.0,50.0,731.25,0.0250000003639999,269596.0,275.7858999633789,60.00327199554443,685.0
20,29,12,2018,34.0,28.633333333333333,60.0,70.0,1.4,75.0,3.0,7.0,50.0,731.25,0.0250000003639999,269596.0,275.7858999633789,60.00327199554443,685.0
21,29,12,2018,38.0,29.5,63.0,75.0,1.5,73.0,5.0,9.0,50.0,729.0625,0.0250000003510005,269596.0,275.75489990234365,60.00164799499512,685.0
22,29,12,2018,43.0,30.5,63.0,75.0,1.7,72.0,2.0,9.0,50.0,729.0625,0.0250000003510005,269596.0,275.75489990234365,60.00164799499512,685.0
23,29,12,2018,28.0,30.9,61.0,71.0,1.5,72.0,2.0,5.0,50.0,729.0625,0.0250000003510005,269596.0,275.75489990234365,60.00164799499512,685.0
0,30,12,2018,9.0,30.6,38.0,38.0,1.2,65.0,4.0,3.0,50.0,729.0,0.0250000003399998,269596.0,275.75850006103514,60.00151999664307,694.25
1,30,12,2018,20.0,30.53333333333333,62.0,74.0,1.5,66.0,1.0,4.0,50.0,729.0,0.0250000003399998,269596.0,275.75850006103514,60.00151999664307,694.25
2,30,12,2018,19.0,30.23333333333333,50.0,50.0,1.5,65.0,1.0,3.0,50.0,729.0,0.0250000003399998,269596.0,275.75850006103514,60.00151999664307,694.25
3,30,12,2018,15.0,29.83333333333333,55.0,60.0,1.4,64.0,2.0,3.0,50.0,731.125,0.025000000248,269596.0,275.82639984130856,60.00528399658203,782.25
4,30,12,2018,19.0,29.4,51.0,52.0,1.7,63.0,2.5,3.0,50.0,731.125,0.025000000248,269596.0,275.82639984130856,60.00528399658203,782.25
5,30,12,2018,16.0,28.766666666666666,53.0,56.0,1.6,47.0,3.0,3.0,50.0,731.125,0.025000000248,269596.0,275.82639984130856,60.00528399658203,782.25
6,30,12,2018,14.0,27.433333333333334,49.0,49.0,1.5,51.0,2.0,3.0,50.0,733.0625,0.025000000229001,269596.0,275.8488000488281,60.00237199401855,772.625
7,30,12,2018,15.0,26.5,60.0,69.0,1.6,56.0,2.0,4.0,50.0,733.0625,0.025000000229001,269596.0,275.8488000488281,60.00237199401855,772.625
8,30,12,2018,11.0,25.3,55.0,59.0,1.5,59.0,3.0,3.0,50.0,733.0625,0.025000000229001,269596.0,275.8488000488281,60.00237199401855,772.625
9,30,12,2018,10.0,24.0,38.0,38.0,1.5,50.0,15.0,3.0,50.0,734.5,0.0250000002810005,269596.0,275.8392999267578,60.00263599395752,685.5
10,30,12,2018,11.0,23.966666666666665,32.0,32.0,1.3,42.0,26.0,3.0,50.0,734.5,0.0250000002810005,269596.0,275.8392999267578,60.00263599395752,685.5
11,30,12,2018,12.0,23.3,28.0,28.0,1.2,34.0,38.0,3.0,50.0,734.5,0.0250000002810005,269596.0,275.8392999267578,60.00263599395752,685.5
12,30,12,2018,11.0,21.633333333333333,27.0,27.0,1.2,30.0,46.0,3.0,50.0,732.75,0.0250000003469996,269596.0,275.81130004882806,60.00215999603272,685.0
13,30,12,2018,14.0,20.23333333333333,21.0,21.0,1.1,29.0,50.0,3.0,50.0,732.75,0.0250000003469996,269596.0,275.81130004882806,60.00215999603272,685.0
14,30,12,2018,17.0,18.73333333333333,26.0,26.0,1.1,30.0,51.0,3.0,50.0,732.75,0.0250000003469996,269596.0,275.81130004882806,60.00215999603272,685.0
15,30,12,2018,27.0,17.9,39.0,32.0,1.1,32.0,50.0,3.0,50.0,731.125,0.0250000003939997,269596.0,275.7866998291016,60.00204799652099,685.0
16,30,12,2018,11.0,17.366666666666667,34.0,34.0,1.1,34.0,45.0,3.0,50.0,731.125,0.0250000003939997,269596.0,275.7866998291016,60.00204799652099,685.0
17,30,12,2018,18.0,17.6,37.0,37.0,1.1,38.0,42.0,3.0,50.0,731.125,0.0250000003939997,269596.0,275.7866998291016,60.00204799652099,685.0
18,30,12,2018,25.0,17.966666666666665,52.0,53.0,1.2,47.0,30.0,4.0,50.0,730.6875,0.0250000004190001,269596.0,275.7788000488281,60.001955993652345,685.0
19,30,12,2018,29.0,18.566666666666663,60.0,70.0,1.3,62.0,13.0,4.0,50.0,730.6875,0.0250000004190001,269596.0,275.7788000488281,60.001955993652345,685.0
20,30,12,2018,34.0,19.2,59.0,67.0,1.3,69.0,4.0,5.0,50.0,730.6875,0.0250000004190001,269596.0,275.7788000488281,60.001955993652345,685.0
21,30,12,2018,39.0,20.2,61.0,71.0,1.6,74.0,3.0,6.0,50.0,730.75,0.0250000003920011,269596.0,275.7813000488281,60.001427993774406,685.0
22,30,12,2018,54.0,21.73333333333333,87.0,123.0,1.8,80.0,2.0,8.0,50.0,730.75,0.0250000003920011,269596.0,275.7813000488281,60.001427993774406,685.0
23,30,12,2018,36.0,22.466666666666665,73.0,96.0,1.7,60.0,2.0,6.0,50.0,730.75,0.0250000003920011,269596.0,275.7813000488281,60.001427993774406,685.0
0,31,12,2018,35.0,22.9,68.0,85.0,1.7,63.0,2.0,6.0,50.0,738.8125,0.0250000004259999,269596.0,275.7779998779297,60.00341599273682,690.875
1,31,12,2018,34.0,23.266666666666666,72.0,93.0,1.5,65.0,1.0,5.0,50.0,738.8125,0.0250000004259999,269596.0,275.7779998779297,60.00341599273682,690.875
2,31,12,2018,36.0,23.33333333333333,77.0,103.0,1.7,67.0,1.0,5.0,50.0,738.8125,0.0250000004259999,269596.0,275.7779998779297,60.00341599273682,690.875
3,31,12,2018,35.0,23.23333333333333,67.0,84.0,1.6,61.0,1.0,6.0,50.0,740.9375,0.025000001050001,269596.0,275.81529998779297,60.00384399414062,744.125
4,31,12,2018,33.0,22.9,72.0,93.0,1.7,60.0,1.0,5.0,50.0,740.9375,0.025000001050001,269596.0,275.81529998779297,60.00384399414062,744.125
5,31,12,2018,28.0,22.9,65.0,79.0,1.5,59.0,1.0,5.0,50.0,740.9375,0.025000001050001,269596.0,275.81529998779297,60.00384399414062,744.125
6,31,12,2018,23.0,23.366666666666667,53.0,55.0,1.5,60.0,1.0,5.0,50.0,743.625,0.0250000003880001,269596.0,275.8392999267578,60.00357599639893,736.25
7,31,12,2018,20.0,23.366666666666667,41.0,41.0,1.4,60.0,1.0,5.0,50.0,743.625,0.0250000003880001,269596.0,275.8392999267578,60.00357599639893,736.25
8,31,12,2018,17.0,23.3,40.0,40.0,1.4,58.0,2.0,5.0,50.0,743.625,0.0250000003880001,269596.0,275.8392999267578,60.00357599639893,736.25
9,31,12,2018,23.0,23.566666666666663,51.0,52.0,1.5,55.0,6.0,7.0,50.0,744.3125,0.0250000005600005,269596.0,275.8392999267578,60.00234399414062,685.5
10,31,12,2018,22.0,23.666666666666668,48.0,48.0,1.6,54.0,9.0,9.0,50.0,744.3125,0.0250000005600005,269596.0,275.8392999267578,60.00234399414062,685.5
11,31,12,2018,37.0,24.366666666666667,53.0,54.0,1.6,56.0,11.0,10.0,50.0,744.3125,0.0250000005600005,269596.0,275.8392999267578,60.00234399414062,685.5
12,31,12,2018,36.0,25.1,55.0,59.0,1.6,57.0,15.0,10.0,50.0,742.5625,0.0250000001800004,269596.0,275.8298999023437,60.00168399810791,685.0
13,31,12,2018,30.0,25.6,51.0,51.0,1.4,51.0,24.0,9.0,50.0,742.5625,0.0250000001800004,269596.0,275.8298999023437,60.00168399810791,685.0
14,31,12,2018,32.0,26.3,53.0,56.0,1.4,56.0,22.0,9.0,50.0,742.5625,0.0250000001800004,269596.0,275.8298999023437,60.00168399810791,685.0
15,31,12,2018,40.0,27.3,63.0,76.0,1.5,62.0,19.0,10.0,50.0,741.375,0.0250000013570003,269596.0,275.79260009765625,60.00283599090576,685.0
16,31,12,2018,50.0,28.6,69.0,74.0,1.5,60.0,23.0,12.0,50.0,741.375,0.0250000013570003,269596.0,275.79260009765625,60.00283599090576,685.0
17,31,12,2018,52.0,29.933333333333334,71.0,78.0,1.5,66.0,14.0,12.0,50.0,741.375,0.0250000013570003,269596.0,275.79260009765625,60.00283599090576,685.0
18,31,12,2018,51.0,31.266666666666666,70.0,86.0,1.7,76.0,6.0,14.0,50.0,739.3125,0.0250000000400003,269596.0,275.7991000366211,60.00220399475098,685.0
19,31,12,2018,56.0,32.666666666666664,76.0,97.0,1.8,82.0,2.0,15.0,50.0,739.3125,0.0250000000400003,269596.0,275.7991000366211,60.00220399475098,685.0
20,31,12,2018,62.0,34.166666666666664,84.0,94.0,1.8,79.0,4.0,15.0,50.0,739.3125,0.0250000000400003,269596.0,275.7991000366211,60.00220399475098,685.0
21,31,12,2018,63.0,35.36666666666667,85.0,90.0,1.8,82.0,2.0,16.0,50.0,738.9375,0.0250000000379998,269596.0,275.7939999389648,60.00299599456787,685.0
22,31,12,2018,64.0,37.13333333333333,86.0,102.0,1.8,87.0,2.0,16.0,50.0,738.9375,0.0250000000379998,269596.0,275.7939999389648,60.00299599456787,685.0
23,31,12,2018,85.0,39.36666666666667,113.0,157.0,1.8,86.0,2.0,11.0,50.0,738.9375,0.0250000000379998,269596.0,275.7939999389648,60.00299599456787,685.0
